9.99372E-005 9.99372E-005 9.99372E-005 0.00804753 9.99372E-005 9.99372E-005 0.938274 9.99372E-005 0.0127937 9.99372E-005 0.0401849
9.99192E-005 9.99192E-005 9.99192E-005 0.0105058 9.99192E-005 9.99192E-005 0.988595 9.99192E-005 9.99192E-005 9.99192E-005 9.99192E-005
9.99281E-005 9.99281E-005 9.99281E-005 0.0206424 9.99281E-005 9.99281E-005 0.865474 9.99281E-005 9.99281E-005 9.99281E-005 0.113084
0.071677 9.99372E-005 0.0973821 9.99372E-005 9.99372E-005 9.99372E-005 0.672282 0.15796 9.99372E-005 9.99372E-005 9.99372E-005
0.0602105 9.99371E-005 9.99371E-005 0.00312727 9.99371E-005 9.99371E-005 0.883613 9.99371E-005 9.99371E-005 9.99371E-005 0.0523497
9.99101E-005 9.99101E-005 9.99101E-005 9.99101E-005 9.99101E-005 9.99101E-005 0.999001 9.99101E-005 9.99101E-005 9.99101E-005 9.99101E-005
9.99191E-005 9.99191E-005 9.99191E-005 0.00443085 9.99191E-005 9.99191E-005 0.99467 9.99191E-005 9.99191E-005 9.99191E-005 9.99191E-005
0.0517816 0.0487528 0.0810725 9.99641E-005 0.0108439 9.99641E-005 0.738536 0.0595538 0.00905929 9.99641E-005 9.99641E-005
9.99461E-005 9.99461E-005 0.0760193 9.99461E-005 9.99461E-005 0.00033742 0.799669 0.0634889 9.99461E-005 0.0598862 9.99461E-005
9.99282E-005 9.99282E-005 0.0898356 9.99282E-005 9.99282E-005 9.99282E-005 0.819159 9.99282E-005 9.99282E-005 0.0902059 9.99282E-005
9.99281E-005 9.99281E-005 9.99281E-005 9.99281E-005 9.99281E-005 0.08808 0.869428 9.99281E-005 0.0416924 9.99281E-005 9.99281E-005
0.180761 0.0197424 0.128975 0.056795 9.99552E-005 9.99552E-005 0.592315 9.99552E-005 9.99552E-005 9.99552E-005 0.0209127
0.0770328 0.102952 0.00575315 0.00886454 9.99731E-005 0.00663228 0.67923 9.99731E-005 0.0293397 9.99731E-005 0.0898957
0.106227 9.99552E-005 9.99552E-005 9.99552E-005 0.0120011 0.0433891 0.616688 0.094652 9.99552E-005 9.99552E-005 0.126543
0.0685876 0.114962 0.107756 9.99821E-005 0.0220711 9.99821E-005 0.410792 0.117666 0.0683474 0.0306693 0.0589493
0.00708548 0.018241 0.160986 9.99731E-005 0.00508135 9.99731E-005 0.503382 0.084218 0.00265635 9.99731E-005 0.21805
0.121625 9.99551E-005 0.140341 0.00253276 9.99551E-005 9.99551E-005 0.525565 0.0986085 9.99551E-005 9.99551E-005 0.110829
0.102811 9.99641E-005 0.0882433 9.99641E-005 0.0143305 9.99641E-005 0.482673 0.00803667 0.0587153 9.99641E-005 0.244791
0.0138251 9.99551E-005 0.200776 0.553978 9.99551E-005 0.0316966 0.0748545 9.99551E-005 9.99551E-005 9.99551E-005 0.124369
0.0114085 9.99372E-005 0.903049 0.0426949 9.99372E-005 9.99372E-005 0.0421483 9.99372E-005 9.99372E-005 9.99372E-005 9.99372E-005
9.99192E-005 9.99192E-005 0.895188 0.103913 9.99192E-005 9.99192E-005 9.99192E-005 9.99192E-005 9.99192E-005 9.99192E-005 9.99192E-005
9.99372E-005 9.99372E-005 0.596098 0.266234 9.99372E-005 0.0610711 0.0758973 9.99372E-005 9.99372E-005 9.99372E-005 9.99372E-005
9.99371E-005 9.99371E-005 0.857904 0.0477575 9.99371E-005 0.0790172 9.99371E-005 9.99371E-005 0.0146214 9.99371E-005 9.99371E-005
9.99101E-005 9.99101E-005 9.99101E-005 0.999001 9.99101E-005 9.99101E-005 9.99101E-005 9.99101E-005 9.99101E-005 9.99101E-005 9.99101E-005
9.99101E-005 9.99101E-005 9.99101E-005 0.999001 9.99101E-005 9.99101E-005 9.99101E-005 9.99101E-005 9.99101E-005 9.99101E-005 9.99101E-005
9.99101E-005 9.99101E-005 9.99101E-005 0.999001 9.99101E-005 9.99101E-005 9.99101E-005 9.99101E-005 9.99101E-005 9.99101E-005 9.99101E-005
0.0867772 9.99551E-005 0.709108 0.0642719 0.00534776 9.99551E-005 9.99551E-005 0.0864916 9.99551E-005 0.0475039 9.99551E-005
9.99191E-005 9.99191E-005 0.233983 0.765118 9.99191E-005 9.99191E-005 9.99191E-005 9.99191E-005 9.99191E-005 9.99191E-005 9.99191E-005
9.99461E-005 9.99461E-005 0.876586 0.0487653 9.99461E-005 9.99461E-005 9.99461E-005 0.0071205 0.0300529 9.99461E-005 0.0368754
9.99101E-005 9.99101E-005 9.99101E-005 0.999001 9.99101E-005 9.99101E-005 9.99101E-005 9.99101E-005 9.99101E-005 9.99101E-005 9.99101E-005
9.99371E-005 0.0505544 0.710294 0.166973 9.99371E-005 9.99371E-005 0.0714791 9.99371E-005 9.99371E-005 9.99371E-005 9.99371E-005
9.99102E-005 9.99102E-005 9.99102E-005 0.999001 9.99102E-005 9.99102E-005 9.99102E-005 9.99102E-005 9.99102E-005 9.99102E-005 9.99102E-005
9.99282E-005 9.99282E-005 0.771265 0.102441 9.99282E-005 9.99282E-005 9.99282E-005 9.99282E-005 9.99282E-005 9.99282E-005 0.125495
9.99372E-005 9.99372E-005 0.677941 0.270839 9.99372E-005 0.0440187 0.0065018 9.99372E-005 9.99372E-005 9.99372E-005 9.99372E-005
0.0419053 0.0465583 0.697094 0.160012 9.99551E-005 9.99551E-005 9.99551E-005 9.99551E-005 9.99551E-005 0.0409855 0.0129454
9.99282E-005 9.99282E-005 0.827473 0.139279 9.99282E-005 9.99282E-005 0.0324484 9.99282E-005 9.99282E-005 9.99282E-005 9.99282E-005
9.99461E-005 9.99461E-005 0.739947 0.109978 9.99461E-005 9.99461E-005 0.0128065 0.113654 0.0230145 9.99461E-005 9.99461E-005
0.678797 0.0395074 0.0471494 9.99641E-005 0.00123793 0.0412631 0.0765647 9.99641E-005 9.99641E-005 9.99641E-005 0.115081
0.999001 9.99102E-005 9.99102E-005 9.99102E-005 9.99102E-005 9.99102E-005 9.99102E-005 9.99102E-005 9.99102E-005 9.99102E-005 9.99102E-005
0.811595 9.99462E-005 9.99462E-005 0.015022 0.0257446 9.99462E-005 9.99462E-005 9.99462E-005 9.99462E-005 0.0358215 0.111217
0.841508 9.99282E-005 9.99282E-005 9.99282E-005 9.99282E-005 9.99282E-005 9.99282E-005 9.99282E-005 0.0381189 9.99282E-005 0.119574
0.778354 9.99372E-005 9.99372E-005 0.0290452 0.0270393 9.99372E-005 9.99372E-005 9.99372E-005 9.99372E-005 9.99372E-005 0.164862
0.954886 9.99371E-005 9.99371E-005 0.00301391 9.99371E-005 9.99371E-005 9.99371E-005 0.0280757 9.99371E-005 9.99371E-005 0.013325
0.787741 9.99282E-005 9.99282E-005 9.99282E-005 0.00316575 9.99282E-005 9.99282E-005 9.99282E-005 9.99282E-005 9.99282E-005 0.208294
0.795883 9.99551E-005 0.0368612 0.0115278 9.99551E-005 9.99551E-005 0.0113789 0.0745626 9.99551E-005 9.99551E-005 0.0692865
0.89704 9.99282E-005 9.99282E-005 0.0100795 9.99282E-005 9.99282E-005 9.99282E-005 9.99282E-005 9.99282E-005 9.99282E-005 0.0920814
0.094962 0.0635555 9.99641E-005 0.0469419 9.99641E-005 9.99641E-005 0.0797834 0.577047 9.99641E-005 0.111389 0.0259219
9.99109E-005 9.99109E-005 9.99109E-005 9.99109E-005 9.99109E-005 9.99109E-005 9.99109E-005 9.99109E-005 0.999001 9.99109E-005 9.99109E-005
0.0503826 9.99278E-005 9.99278E-005 9.99278E-005 9.99278E-005 0.0331502 9.99278E-005 9.99278E-005 0.915668 9.99278E-005 9.99278E-005
9.99283E-005 9.99283E-005 9.99283E-005 9.99283E-005 0.0122485 9.99283E-005 9.99283E-005 0.941817 9.99283E-005 9.99283E-005 0.0451347
9.99278E-005 9.99278E-005 9.99278E-005 9.99278E-005 9.99278E-005 9.99278E-005 9.99278E-005 0.298438 0.540987 0.159775 9.99278E-005
9.99192E-005 9.99192E-005 9.99192E-005 0.0202629 9.99192E-005 9.99192E-005 9.99192E-005 0.978838 9.99192E-005 9.99192E-005 9.99192E-005
9.99551E-005 0.0248905 0.115858 9.99551E-005 0.0226045 0.0271914 9.99551E-005 0.80695 9.99551E-005 0.00200546 9.99551E-005
0.115027 0.000844375 9.99641E-005 0.0356748 9.99641E-005 0.0478748 0.0476721 0.747085 0.0054226 9.99641E-005 9.99641E-005
9.99283E-005 9.99283E-005 9.99283E-005 9.99283E-005 9.99283E-005 9.99283E-005 0.0321327 0.920336 9.99283E-005 0.0467319 9.99283E-005
9.99282E-005 9.99282E-005 9.99282E-005 9.99282E-005 9.99282E-005 9.99282E-005 0.00153086 0.981666 9.99282E-005 9.99282E-005 0.0160041
9.9955E-005 9.9955E-005 9.9955E-005 0.0424828 0.0481653 0.0243231 9.9955E-005 0.770758 9.9955E-005 0.0227255 0.0910451
9.99282E-005 9.99282E-005 9.99282E-005 9.99282E-005 0.0214417 9.99282E-005 0.0400865 0.937672 9.99282E-005 9.99282E-005 9.99282E-005
9.99191E-005 9.99191E-005 9.99191E-005 9.99191E-005 9.99191E-005 0.0407661 9.99191E-005 0.958335 9.99191E-005 9.99191E-005 9.99191E-005
9.99282E-005 9.99282E-005 0.0421694 9.99282E-005 9.99282E-005 9.99282E-005 9.99282E-005 0.955111 9.99282E-005 0.00192008 9.99282E-005
9.99372E-005 0.923309 9.99372E-005 0.0274547 9.99372E-005 9.99372E-005 0.0399451 0.00859212 9.99372E-005 9.99372E-005 9.99372E-005
9.99461E-005 0.865309 0.0571181 9.99461E-005 9.99461E-005 9.99461E-005 0.0296535 0.0273277 9.99461E-005 9.99461E-005 0.0199921
0.0605791 0.790768 9.99372E-005 9.99372E-005 9.99372E-005 9.99372E-005 0.0282976 0.119656 9.99372E-005 9.99372E-005 9.99372E-005
9.99371E-005 0.679441 9.99371E-005 9.99371E-005 0.244913 0.0673186 9.99371E-005 9.99371E-005 9.99371E-005 0.0076281 9.99371E-005
9.99461E-005 0.417931 9.99461E-005 0.0184992 0.296541 0.106218 9.99461E-005 9.99461E-005 9.99461E-005 0.160211 9.99461E-005
0.00407726 9.99283E-005 9.99283E-005 9.99283E-005 0.989023 9.99283E-005 9.99283E-005 0.00610013 9.99283E-005 9.99283E-005 9.99283E-005
9.99101E-005 9.99101E-005 9.99101E-005 9.99101E-005 0.999001 9.99101E-005 9.99101E-005 9.99101E-005 9.99101E-005 9.99101E-005 9.99101E-005
0.00286654 0.548673 9.99461E-005 9.99461E-005 0.341312 0.0786848 9.99461E-005 9.99461E-005 9.99461E-005 0.0278639 9.99461E-005
9.99371E-005 0.485564 9.99371E-005 9.99371E-005 0.326237 0.13164 9.99371E-005 9.99371E-005 9.99371E-005 0.0558595 9.99371E-005
9.99461E-005 0.0210983 0.000339891 0.00166116 0.929146 9.99461E-005 9.99461E-005 9.99461E-005 9.99461E-005 9.99461E-005 0.0471545
9.99102E-005 9.99102E-005 9.99102E-005 9.99102E-005 0.999001 9.99102E-005 9.99102E-005 9.99102E-005 9.99102E-005 9.99102E-005 9.99102E-005
9.99371E-005 0.684809 0.0118909 9.99371E-005 0.23426 0.0683414 9.99371E-005 9.99371E-005 9.99371E-005 9.99371E-005 9.99371E-005
0.0128778 9.99282E-005 9.99282E-005 9.99282E-005 0.961329 9.99282E-005 9.99282E-005 0.0249941 9.99282E-005 9.99282E-005 9.99282E-005
9.99281E-005 0.0384424 9.99281E-005 9.99281E-005 0.953972 9.99281E-005 9.99281E-005 9.99281E-005 0.00678604 9.99281E-005 9.99281E-005
9.99282E-005 9.99282E-005 9.99282E-005 9.99282E-005 0.997153 9.99282E-005 9.99282E-005 0.00145955 9.99282E-005 0.000588024 9.99282E-005
9.99282E-005 0.111152 9.99282E-005 9.99282E-005 0.886127 0.00192213 9.99282E-005 9.99282E-005 9.99282E-005 9.99282E-005 9.99282E-005
9.99191E-005 9.99191E-005 9.99191E-005 0.0290398 0.970061 9.99191E-005 9.99191E-005 9.99191E-005 9.99191E-005 9.99191E-005 9.99191E-005
9.99283E-005 9.99283E-005 0.925445 9.99283E-005 9.99283E-005 0.0118281 9.99283E-005 9.99283E-005 9.99283E-005 9.99283E-005 0.0619273
0.824483 0.0214405 9.99551E-005 0.0199979 9.99551E-005 9.99551E-005 0.012811 9.99551E-005 0.00786539 9.99551E-005 0.112902
0.948899 9.99281E-005 9.99281E-005 0.044591 9.99281E-005 9.99281E-005 9.99281E-005 9.99281E-005 9.99281E-005 9.99281E-005 0.00571042
9.99282E-005 9.99282E-005 9.99282E-005 9.99282E-005 0.0294598 0.0282151 9.99282E-005 9.99282E-005 9.99282E-005 0.941526 9.99282E-005
9.99282E-005 9.99282E-005 9.99282E-005 9.99282E-005 0.0490792 0.0858219 9.99282E-005 9.99282E-005 9.99282E-005 0.864299 9.99282E-005
9.99282E-005 9.99282E-005 9.99282E-005 9.99282E-005 0.01218 0.256912 9.99282E-005 9.99282E-005 9.99282E-005 0.730109 9.99282E-005
9.99282E-005 9.99282E-005 9.99282E-005 9.99282E-005 9.99282E-005 0.0793905 9.99282E-005 9.99282E-005 9.99282E-005 0.899278 0.0205322
9.99372E-005 9.99372E-005 9.99372E-005 9.99372E-005 0.000960725 0.376205 9.99372E-005 0.0432846 9.99372E-005 0.57885 9.99372E-005
9.993E-005 0.0321196 9.993E-005 0.0166742 9.993E-005 0.201659 9.993E-005 9.993E-005 9.993E-005 0.748848 9.993E-005
9.99283E-005 9.99283E-005 9.99283E-005 0.0397774 9.99283E-005 0.370691 9.99283E-005 9.99283E-005 9.99283E-005 0.588732 9.99283E-005
9.99462E-005 9.99462E-005 9.99462E-005 9.99462E-005 0.00432742 0.427227 0.0051287 0.0612566 9.99462E-005 0.501461 9.99462E-005
9.99282E-005 9.99282E-005 0.0663999 9.99282E-005 9.99282E-005 0.0747344 9.99282E-005 9.99282E-005 9.99282E-005 0.858066 9.99282E-005
9.99371E-005 9.99371E-005 9.99371E-005 9.99371E-005 9.99371E-005 0.0536574 0.0160369 0.0316756 9.99371E-005 0.897931 9.99371E-005
9.99193E-005 9.99193E-005 9.99193E-005 9.99193E-005 9.99193E-005 9.99193E-005 9.99193E-005 9.99193E-005 9.99193E-005 0.989609 0.00949196
9.99462E-005 9.99462E-005 9.99462E-005 9.99462E-005 0.0144512 0.170533 9.99462E-005 0.00983448 0.0434696 0.761113 9.99462E-005
9.99282E-005 9.99282E-005 9.99282E-005 9.99282E-005 9.99282E-005 0.022631 9.99282E-005 0.0251758 9.99282E-005 0.951394 9.99282E-005
9.99281E-005 9.99281E-005 9.99281E-005 9.99281E-005 0.0334242 0.177208 9.99281E-005 9.99281E-005 9.99281E-005 0.788569 9.99281E-005
9.99282E-005 0.0282544 9.99282E-005 9.99282E-005 9.99282E-005 0.100531 9.99282E-005 9.99282E-005 9.99282E-005 0.870416 9.99282E-005
9.99461E-005 9.99461E-005 9.99461E-005 0.0033141 9.99461E-005 0.318076 9.99461E-005 9.99461E-005 0.000561636 0.613853 0.0635954
9.99282E-005 9.99282E-005 9.99282E-005 9.99282E-005 0.0473004 0.165843 9.99282E-005 9.99282E-005 9.99282E-005 0.786057 9.99282E-005
0.0382267 9.99282E-005 9.99282E-005 9.99282E-005 9.99282E-005 0.19941 9.99282E-005 9.99282E-005 9.99282E-005 0.761563 9.99282E-005
9.99193E-005 9.99193E-005 9.99193E-005 9.99193E-005 9.99193E-005 0.138381 9.99193E-005 9.99193E-005 9.99193E-005 0.860719 9.99193E-005
9.99371E-005 9.99371E-005 0.0686891 9.99371E-005 0.0137421 0.410778 9.99371E-005 9.99371E-005 9.99371E-005 0.506092 9.99371E-005
9.99282E-005 9.99282E-005 9.99282E-005 9.99282E-005 0.00551955 0.322537 9.99282E-005 9.99282E-005 9.99282E-005 0.671144 9.99282E-005
9.99192E-005 9.99192E-005 9.99192E-005 9.99192E-005 9.99192E-005 9.99192E-005 9.99192E-005 9.99192E-005 9.99192E-005 0.941041 0.0580599
9.99371E-005 9.99371E-005 9.99371E-005 9.99371E-005 9.99371E-005 0.441845 0.0111725 9.99371E-005 0.00505828 0.541224 9.99371E-005
9.99461E-005 9.99461E-005 9.99461E-005 0.0184589 9.99461E-005 0.105246 9.99461E-005 0.0721333 0.0136925 0.78987 9.99461E-005
9.99371E-005 0.0033089 9.99371E-005 9.99371E-005 0.00164283 0.198534 9.99371E-005 9.99371E-005 9.99371E-005 0.795815 9.99371E-005
9.99461E-005 9.99461E-005 9.99461E-005 0.0215398 9.99461E-005 0.123951 0.021644 9.99461E-005 0.0204306 0.811835 9.99461E-005
9.9937E-005 0.712741 9.9937E-005 9.9937E-005 0.223372 0.0153608 9.9937E-005 9.9937E-005 9.9937E-005 0.0478264 9.9937E-005
9.9964E-005 0.605677 0.222863 0.00472256 0.0986259 0.0273628 9.9964E-005 9.9964E-005 0.0197982 0.0205509 9.9964E-005
9.99462E-005 0.573613 9.99462E-005 0.00662322 0.167191 0.0246263 9.99462E-005 9.99462E-005 9.99462E-005 0.227347 9.99462E-005
0.00878068 9.99551E-005 0.104839 9.99551E-005 0.0440425 9.99551E-005 0.00284322 9.99551E-005 0.0105136 9.99551E-005 0.828482
9.99101E-005 9.99101E-005 9.99101E-005 9.99101E-005 9.99101E-005 9.99101E-005 9.99101E-005 9.99101E-005 9.99101E-005 9.99101E-005 0.999001
9.99193E-005 9.99193E-005 9.99193E-005 9.99193E-005 9.99193E-005 9.99193E-005 9.99193E-005 0.0564626 9.99193E-005 9.99193E-005 0.942638
9.99191E-005 9.99191E-005 9.99191E-005 0.00904129 9.99191E-005 9.99191E-005 9.99191E-005 9.99191E-005 9.99191E-005 9.99191E-005 0.990059
0.0919189 9.99192E-005 9.99192E-005 9.99192E-005 9.99192E-005 9.99192E-005 9.99192E-005 9.99192E-005 9.99192E-005 9.99192E-005 0.907182
9.99102E-005 9.99102E-005 9.99102E-005 9.99102E-005 9.99102E-005 9.99102E-005 9.99102E-005 9.99102E-005 9.99102E-005 9.99102E-005 0.999001
0.18337 9.99731E-005 0.0904087 0.0396297 0.0172694 9.99731E-005 0.0705231 0.0251288 0.0310129 9.99731E-005 0.542358
0.970484 9.99282E-005 9.99282E-005 0.00977012 9.99282E-005 9.99282E-005 9.99282E-005 9.99282E-005 0.018946 9.99282E-005 9.99282E-005
0.999001 9.99102E-005 9.99102E-005 9.99102E-005 9.99102E-005 9.99102E-005 9.99102E-005 9.99102E-005 9.99102E-005 9.99102E-005 9.99102E-005
0.827405 9.99551E-005 9.99551E-005 0.0751073 0.0158571 0.0221563 0.0274395 9.99551E-005 9.99551E-005 9.99551E-005 0.0315351
0.0214869 9.99551E-005 0.330957 0.0174997 9.99551E-005 0.293529 9.99551E-005 9.99551E-005 9.99551E-005 0.182756 0.153271
0.0381921 9.9973E-005 0.208477 0.0508722 9.9973E-005 0.0381882 0.385739 0.14743 0.0773062 9.9973E-005 0.053496
0.0120475 9.99819E-005 0.00376395 0.0286877 0.0439593 0.0220708 0.103981 9.99819E-005 0.734845 0.0363611 0.0140843
9.99282E-005 0.808443 9.99282E-005 9.99282E-005 9.99282E-005 9.99282E-005 9.99282E-005 0.171664 9.99282E-005 0.019094 9.99282E-005
9.99371E-005 0.722401 9.99371E-005 9.99371E-005 0.0288873 9.99371E-005 0.099061 0.148951 9.99371E-005 9.99371E-005 9.99371E-005
9.99276E-005 9.99276E-005 9.99276E-005 9.99276E-005 9.99276E-005 0.129028 9.99276E-005 9.99276E-005 0.657917 0.212256 9.99276E-005
9.99372E-005 9.99372E-005 9.99372E-005 9.99372E-005 0.0191886 0.279695 9.99372E-005 0.0187744 9.99372E-005 0.681643 9.99372E-005
9.99102E-005 9.99102E-005 9.99102E-005 9.99102E-005 9.99102E-005 0.999001 9.99102E-005 9.99102E-005 9.99102E-005 9.99102E-005 9.99102E-005
9.99641E-005 0.0136895 0.0355787 0.000616066 0.0151289 0.371095 9.99641E-005 9.99641E-005 0.0395708 0.523921 9.99641E-005
9.99101E-005 9.99101E-005 9.99101E-005 9.99101E-005 9.99101E-005 0.999001 9.99101E-005 9.99101E-005 9.99101E-005 9.99101E-005 9.99101E-005
9.99371E-005 9.99371E-005 9.99371E-005 9.99371E-005 9.99371E-005 0.0527098 9.99371E-005 0.0237316 9.99371E-005 0.908257 0.0146019
9.99372E-005 0.0409525 9.99372E-005 9.99372E-005 0.00322352 0.13467 9.99372E-005 9.99372E-005 9.99372E-005 0.820455 9.99372E-005
9.99462E-005 9.99462E-005 9.99462E-005 0.00273348 0.0144297 0.160651 9.99462E-005 9.99462E-005 9.99462E-005 0.810358 0.0112274
9.99101E-005 9.99101E-005 9.99101E-005 9.99101E-005 9.99101E-005 0.999001 9.99101E-005 9.99101E-005 9.99101E-005 9.99101E-005 9.99101E-005
0.0451616 0.0103219 9.99372E-005 9.99372E-005 9.99372E-005 0.184065 9.99372E-005 9.99372E-005 9.99372E-005 0.759752 9.99372E-005
9.99372E-005 0.0103512 9.99372E-005 9.99372E-005 0.0260799 0.129186 9.99372E-005 9.99372E-005 9.99372E-005 0.833684 9.99372E-005
9.99283E-005 0.00167592 9.99283E-005 9.99283E-005 9.99283E-005 0.572006 9.99283E-005 9.99283E-005 9.99283E-005 0.425519 9.99283E-005
9.99371E-005 0.0091554 9.99371E-005 9.99371E-005 0.01823 0.645565 9.99371E-005 9.99371E-005 9.99371E-005 0.32635 9.99371E-005
9.99281E-005 9.99281E-005 0.0772425 9.99281E-005 9.99281E-005 0.579269 9.99281E-005 9.99281E-005 9.99281E-005 0.342689 9.99281E-005
9.99462E-005 9.99462E-005 0.0172631 0.00868334 9.99462E-005 0.102971 9.99462E-005 9.99462E-005 9.99462E-005 0.869523 0.000960206
9.99372E-005 9.99372E-005 9.99372E-005 9.99372E-005 9.99372E-005 0.47023 9.99372E-005 0.0502453 0.00191797 0.476907 9.99372E-005
0.0216171 9.996E-005 0.670665 0.0521119 0.0499374 0.0439115 0.0193912 9.996E-005 9.996E-005 9.996E-005 0.141966
0.0111791 0.0057308 0.860773 0.0240801 0.00871149 9.99641E-005 0.0791083 9.99641E-005 9.99641E-005 9.99641E-005 0.0100171
0.0948686 9.99551E-005 0.622898 0.0880464 0.00742101 9.99551E-005 0.15673 9.99551E-005 9.99551E-005 0.0295365 9.99551E-005
0.999001 9.99103E-005 9.99103E-005 9.99103E-005 9.99103E-005 9.99103E-005 9.99103E-005 9.99103E-005 9.99103E-005 9.99103E-005 9.99103E-005
0.95818 9.99192E-005 9.99192E-005 0.0409209 9.99192E-005 9.99192E-005 9.99192E-005 9.99192E-005 9.99192E-005 9.99192E-005 9.99192E-005
0.916009 9.99283E-005 0.04043 9.99283E-005 9.99283E-005 9.99283E-005 9.99283E-005 0.0427616 9.99283E-005 9.99283E-005 9.99283E-005
0.844083 9.99371E-005 9.99371E-005 0.0455059 9.99371E-005 9.99371E-005 9.99371E-005 0.0396055 9.99371E-005 9.99371E-005 0.0701065
9.99282E-005 0.867643 9.99282E-005 9.99282E-005 9.99282E-005 9.99282E-005 0.0408061 0.0907513 9.99282E-005 9.99282E-005 9.99282E-005
0.00613604 0.790638 9.99461E-005 9.99461E-005 9.99461E-005 9.99461E-005 0.0226584 0.147449 9.99461E-005 9.99461E-005 0.032519
0.0230504 0.874879 0.00519861 9.99462E-005 9.99462E-005 9.99462E-005 0.0299525 9.99462E-005 9.99462E-005 9.99462E-005 0.0663194
0.0315182 0.0264472 0.810486 0.0409889 9.99641E-005 0.0101406 0.0263668 9.99641E-005 9.99641E-005 9.99641E-005 0.0536527
9.99282E-005 0.0283311 0.955411 9.99282E-005 9.99282E-005 9.99282E-005 9.99282E-005 9.99282E-005 0.0154587 9.99282E-005 9.99282E-005
9.99551E-005 0.0358395 0.698275 0.0146023 9.99551E-005 9.99551E-005 0.10825 9.99551E-005 9.99551E-005 0.0943627 0.0481699
9.99372E-005 0.0624656 0.897363 9.99372E-005 9.99372E-005 9.99372E-005 9.99372E-005 9.99372E-005 0.00606504 0.0334071 9.99372E-005
