9.99192E-005 0.00107928 9.99192E-005 9.99192E-005 9.99192E-005 9.99192E-005 9.99192E-005 0.998021 9.99192E-005 9.99192E-005 9.99192E-005
0.00755794 9.99281E-005 9.99281E-005 9.99281E-005 9.99281E-005 9.99281E-005 0.721792 0.26985 9.99281E-005 9.99281E-005 9.99281E-005
0.0136068 9.99281E-005 9.99281E-005 9.99281E-005 9.99281E-005 9.99281E-005 0.495755 0.489839 9.99281E-005 9.99281E-005 9.99281E-005
0.0107106 9.99551E-005 9.99551E-005 9.99551E-005 9.99551E-005 0.119345 0.259147 0.564507 0.00741218 9.99551E-005 0.0383773
9.99191E-005 9.99191E-005 9.99191E-005 9.99191E-005 9.99191E-005 9.99191E-005 0.0312118 0.967889 9.99191E-005 9.99191E-005 9.99191E-005
9.9919E-005 9.9919E-005 9.9919E-005 9.9919E-005 9.9919E-005 9.9919E-005 0.54584 0.45326 9.9919E-005 9.9919E-005 9.9919E-005
9.9919E-005 9.9919E-005 9.9919E-005 9.9919E-005 9.9919E-005 9.9919E-005 0.0373743 0.961726 9.9919E-005 9.9919E-005 9.9919E-005
9.99551E-005 9.99551E-005 9.99551E-005 9.99551E-005 0.0505704 9.99551E-005 0.690177 0.147234 0.0450379 0.00846203 0.0580191
9.99101E-005 9.99101E-005 9.99101E-005 9.99101E-005 9.99101E-005 9.99101E-005 0.999001 9.99101E-005 9.99101E-005 9.99101E-005 9.99101E-005
9.99101E-005 9.99101E-005 9.99101E-005 9.99101E-005 9.99101E-005 9.99101E-005 0.999001 9.99101E-005 9.99101E-005 9.99101E-005 9.99101E-005
9.99282E-005 0.025692 9.99282E-005 0.00778085 9.99282E-005 9.99282E-005 0.965728 9.99282E-005 9.99282E-005 9.99282E-005 9.99282E-005
0.0489348 9.99462E-005 9.99462E-005 9.99462E-005 9.99462E-005 9.99462E-005 0.0398923 0.720881 0.0542456 9.99462E-005 0.135447
9.99551E-005 9.99551E-005 0.0124345 0.00155163 0.114171 9.99551E-005 0.00767829 0.847368 9.99551E-005 9.99551E-005 0.016297
9.99641E-005 9.99641E-005 0.00916172 0.0112615 9.99641E-005 0.0588053 0.254874 0.500365 0.138548 0.0265853 9.99641E-005
9.99731E-005 0.074377 0.0755423 9.99731E-005 0.0454624 0.131707 9.99731E-005 0.572685 0.0159443 0.00977128 0.0742108
9.99641E-005 0.0195992 0.010676 9.99641E-005 9.99641E-005 0.0386926 9.99641E-005 0.7404 0.0312008 0.0148522 0.14418
9.99461E-005 9.99461E-005 9.99461E-005 9.99461E-005 9.99461E-005 0.0827609 0.0859664 0.630265 0.0676346 9.99461E-005 0.132774
9.99371E-005 0.0462625 9.99371E-005 9.99371E-005 9.99371E-005 9.99371E-005 9.99371E-005 0.782859 0.0943382 9.99371E-005 0.0758412
0.545274 9.99462E-005 9.99462E-005 0.0177066 9.99462E-005 9.99462E-005 9.99462E-005 0.141542 0.0688408 9.99462E-005 0.226037
0.0628983 9.99372E-005 9.99372E-005 9.99372E-005 9.99372E-005 9.99372E-005 0.0532109 0.0406885 9.99372E-005 9.99372E-005 0.842503
0.104604 9.99192E-005 9.99192E-005 9.99192E-005 9.99192E-005 9.99192E-005 9.99192E-005 9.99192E-005 9.99192E-005 9.99192E-005 0.894497
0.252709 9.99461E-005 9.99461E-005 0.0431332 9.99461E-005 9.99461E-005 0.0351302 9.99461E-005 0.0145427 9.99461E-005 0.653885
0.0663976 0.0374318 9.99371E-005 0.0612477 9.99371E-005 9.99371E-005 9.99371E-005 9.99371E-005 9.99371E-005 9.99371E-005 0.834223
0.999001 9.99101E-005 9.99101E-005 9.99101E-005 9.99101E-005 9.99101E-005 9.99101E-005 9.99101E-005 9.99101E-005 9.99101E-005 9.99101E-005
0.999001 9.99101E-005 9.99101E-005 9.99101E-005 9.99101E-005 9.99101E-005 9.99101E-005 9.99101E-005 9.99101E-005 9.99101E-005 9.99101E-005
0.999001 9.99101E-005 9.99101E-005 9.99101E-005 9.99101E-005 9.99101E-005 9.99101E-005 9.99101E-005 9.99101E-005 9.99101E-005 9.99101E-005
0.101139 9.99551E-005 0.0414754 9.99551E-005 9.99551E-005 0.0786255 9.99551E-005 9.99551E-005 0.0904945 0.0173096 0.670456
0.763556 9.99461E-005 9.99461E-005 0.00558196 9.99461E-005 9.99461E-005 0.0088274 0.00368905 9.99461E-005 9.99461E-005 0.217746
0.0302376 9.99371E-005 9.99371E-005 9.99371E-005 9.99371E-005 0.0331039 9.99371E-005 0.0395907 9.99371E-005 9.99371E-005 0.896368
0.999001 9.99101E-005 9.99101E-005 9.99101E-005 9.99101E-005 9.99101E-005 9.99101E-005 9.99101E-005 9.99101E-005 9.99101E-005 9.99101E-005
0.187103 9.99371E-005 9.99371E-005 9.99371E-005 0.0610778 9.99371E-005 0.143857 9.99371E-005 9.99371E-005 9.99371E-005 0.607263
0.999001 9.99102E-005 9.99102E-005 9.99102E-005 9.99102E-005 9.99102E-005 9.99102E-005 9.99102E-005 9.99102E-005 9.99102E-005 9.99102E-005
0.115457 9.99282E-005 9.99282E-005 9.99282E-005 9.99282E-005 9.99282E-005 9.99282E-005 9.99282E-005 0.0620496 9.99282E-005 0.821694
0.274439 9.99372E-005 9.99372E-005 0.021533 9.99372E-005 9.99372E-005 0.0597541 9.99372E-005 9.99372E-005 9.99372E-005 0.643574
0.18103 9.99551E-005 0.0507376 9.99551E-005 0.0163516 9.99551E-005 0.0272097 9.99551E-005 0.0673717 9.99551E-005 0.6568
0.149783 9.99371E-005 9.99371E-005 9.99371E-005 9.99371E-005 0.00641518 9.99371E-005 0.0232422 9.99371E-005 9.99371E-005 0.819861
0.129794 9.99641E-005 9.99641E-005 0.0141774 9.99641E-005 0.106207 0.0143064 0.0433746 9.99641E-005 0.00431085 0.68743
9.99551E-005 9.99551E-005 9.99551E-005 0.0422581 0.0362779 9.99551E-005 0.0221294 0.131528 0.72847 9.99551E-005 0.0388365
9.99192E-005 9.99192E-005 9.99192E-005 9.99192E-005 9.99192E-005 9.99192E-005 0.00361383 9.99192E-005 0.995487 9.99192E-005 9.99192E-005
0.0248576 9.99552E-005 9.99552E-005 0.0106783 9.99552E-005 9.99552E-005 0.0214025 0.033037 0.861575 0.04795 9.99552E-005
9.99372E-005 0.0359335 9.99372E-005 9.99372E-005 9.99372E-005 9.99372E-005 0.0259646 9.99372E-005 0.923831 9.99372E-005 0.0135715
0.0419306 0.0067619 0.000619626 9.99641E-005 0.00989102 9.99641E-005 0.0550897 9.99641E-005 0.865544 0.0197632 9.99641E-005
0.0113532 9.99281E-005 9.99281E-005 9.99281E-005 9.99281E-005 0.0322356 9.99281E-005 9.99281E-005 0.955612 9.99281E-005 9.99281E-005
9.99462E-005 9.99462E-005 9.99462E-005 9.99462E-005 9.99462E-005 9.99462E-005 0.0332169 0.0159671 0.910311 0.0182294 0.0216764
0.035721 9.99461E-005 9.99461E-005 0.014072 9.99461E-005 0.0633365 9.99461E-005 0.0790872 0.807184 9.99461E-005 9.99461E-005
0.026568 9.99192E-005 9.99192E-005 9.99192E-005 9.99192E-005 9.99192E-005 9.99192E-005 9.99192E-005 0.972533 9.99192E-005 9.99192E-005
0.0340471 9.99641E-005 0.125332 9.99641E-005 0.0692356 0.532718 0.142859 0.0187702 0.0766382 9.99641E-005 9.99641E-005
9.99108E-005 0.999001 9.99108E-005 9.99108E-005 9.99108E-005 9.99108E-005 9.99108E-005 9.99108E-005 9.99108E-005 9.99108E-005 9.99108E-005
9.99278E-005 0.915499 9.99278E-005 0.0235742 9.99278E-005 9.99278E-005 9.99278E-005 9.99278E-005 0.0601278 9.99278E-005 9.99278E-005
9.99283E-005 9.99283E-005 9.99283E-005 9.99283E-005 9.99283E-005 0.949675 9.99283E-005 9.99283E-005 0.03206 0.0174657 9.99283E-005
9.99368E-005 0.538185 0.127208 9.99368E-005 0.00143157 0.332475 9.99368E-005 9.99368E-005 9.99368E-005 9.99368E-005 9.99368E-005
0.0259122 9.99192E-005 9.99192E-005 9.99192E-005 9.99192E-005 0.973189 9.99192E-005 9.99192E-005 9.99192E-005 9.99192E-005 9.99192E-005
9.99551E-005 9.99551E-005 0.0558004 9.99551E-005 0.039097 0.704908 0.0367392 9.99551E-005 9.99551E-005 0.0387811 0.124174
0.0219673 0.0180831 9.9973E-005 0.0653684 0.0520182 0.645182 0.0466496 0.0370217 0.11341 9.9973E-005 9.9973E-005
9.99282E-005 9.99282E-005 0.0355703 9.99282E-005 9.99282E-005 0.893159 9.99282E-005 0.0704708 9.99282E-005 9.99282E-005 9.99282E-005
9.99193E-005 9.99193E-005 9.99193E-005 9.99193E-005 9.99193E-005 0.935954 0.0631471 9.99193E-005 9.99193E-005 9.99193E-005 9.99193E-005
0.0611902 9.99551E-005 9.99551E-005 0.0670129 9.99551E-005 0.774491 9.99551E-005 0.0376916 0.0156939 0.0434205 9.99551E-005
9.99282E-005 9.99282E-005 9.99282E-005 9.99282E-005 9.99282E-005 0.910841 0.0813311 9.99282E-005 9.99282E-005 0.00702795 9.99282E-005
9.99191E-005 9.99191E-005 9.99191E-005 0.060436 9.99191E-005 0.938665 9.99191E-005 9.99191E-005 9.99191E-005 9.99191E-005 9.99191E-005
9.99282E-005 9.99282E-005 0.035955 9.99282E-005 9.99282E-005 0.927923 9.99282E-005 9.99282E-005 9.99282E-005 9.99282E-005 0.0353226
0.00891074 9.99461E-005 9.99461E-005 9.99461E-005 0.927989 9.99461E-005 0.0272509 0.0300408 9.99461E-005 9.99461E-005 0.00520869
9.99282E-005 9.99282E-005 9.99282E-005 9.99282E-005 0.871817 9.99282E-005 0.0547181 9.99282E-005 9.99282E-005 9.99282E-005 0.0726653
9.99282E-005 9.99282E-005 9.99282E-005 9.99282E-005 0.825112 9.99282E-005 0.138871 9.99282E-005 0.0352179 9.99282E-005 9.99282E-005
9.99372E-005 9.99372E-005 0.107227 0.0203947 0.545947 9.99372E-005 9.99372E-005 9.99372E-005 9.99372E-005 0.325731 9.99372E-005
0.0257764 9.99461E-005 0.1488 0.123957 0.405328 9.99461E-005 9.99461E-005 9.99461E-005 9.99461E-005 0.295539 9.99461E-005
9.99282E-005 9.99282E-005 0.00996593 9.99282E-005 9.99282E-005 0.0129788 9.99282E-005 9.99282E-005 9.99282E-005 0.976256 9.99282E-005
9.99101E-005 9.99101E-005 9.99101E-005 9.99101E-005 9.99101E-005 9.99101E-005 9.99101E-005 9.99101E-005 9.99101E-005 0.999001 9.99101E-005
9.99372E-005 9.99372E-005 0.0131052 0.0854376 0.534356 9.99372E-005 9.99372E-005 9.99372E-005 9.99372E-005 0.366402 9.99372E-005
9.99371E-005 9.99371E-005 0.0953454 0.100011 0.456511 9.99371E-005 9.99371E-005 9.99371E-005 9.99371E-005 0.347434 9.99371E-005
9.99281E-005 9.99281E-005 9.99281E-005 9.99281E-005 0.0391175 9.99281E-005 9.99281E-005 0.0408177 9.99281E-005 0.919265 9.99281E-005
9.99102E-005 9.99102E-005 9.99102E-005 9.99102E-005 9.99102E-005 9.99102E-005 9.99102E-005 9.99102E-005 9.99102E-005 0.999001 9.99102E-005
9.99461E-005 9.99461E-005 0.0791802 0.0031587 0.591352 9.99461E-005 9.99461E-005 9.99461E-005 9.99461E-005 0.293203 0.0325064
0.00691656 9.99282E-005 9.99282E-005 9.99282E-005 9.99282E-005 0.0183687 9.99282E-005 9.99282E-005 9.99282E-005 0.973915 9.99282E-005
9.99281E-005 9.99281E-005 9.99281E-005 9.99281E-005 0.0252161 0.00585995 9.99281E-005 9.99281E-005 9.99281E-005 0.968125 9.99281E-005
9.99282E-005 9.99282E-005 0.00382222 9.99282E-005 9.99282E-005 9.99282E-005 0.000374179 9.99282E-005 9.99282E-005 0.995004 9.99282E-005
9.99282E-005 9.99282E-005 9.99282E-005 0.0055917 0.0809126 9.99282E-005 9.99282E-005 9.99282E-005 9.99282E-005 0.912696 9.99282E-005
0.038021 9.99281E-005 9.99281E-005 0.00521726 9.99281E-005 9.99281E-005 9.99281E-005 9.99281E-005 9.99281E-005 0.955962 9.99281E-005
9.99372E-005 9.99372E-005 9.99372E-005 0.0088756 9.99372E-005 9.99372E-005 9.99372E-005 0.0128244 0.0412007 9.99372E-005 0.9364
0.0277017 0.0408183 9.99461E-005 9.99461E-005 9.99461E-005 9.99461E-005 0.0203035 0.00767973 0.902897 9.99461E-005 9.99461E-005
0.0490104 9.99281E-005 9.99281E-005 9.99281E-005 9.99281E-005 9.99281E-005 0.0434371 9.99281E-005 0.906753 9.99281E-005 9.99281E-005
9.99282E-005 9.99282E-005 0.875748 0.0952114 9.99282E-005 9.99282E-005 9.99282E-005 9.99282E-005 9.99282E-005 0.0282408 9.99282E-005
9.99282E-005 9.99282E-005 0.847642 0.105119 9.99282E-005 9.99282E-005 9.99282E-005 9.99282E-005 9.99282E-005 0.0464396 9.99282E-005
9.99282E-005 9.99282E-005 0.818204 0.155326 9.99282E-005 9.99282E-005 9.99282E-005 9.99282E-005 9.99282E-005 0.0256707 9.99282E-005
9.99371E-005 9.99371E-005 0.843632 0.149582 9.99371E-005 0.00142959 9.99371E-005 0.00465619 9.99371E-005 9.99371E-005 9.99371E-005
9.99372E-005 9.99372E-005 0.342034 0.596175 9.99372E-005 0.0470401 9.99372E-005 9.99372E-005 9.99372E-005 0.0140509 9.99372E-005
0.0167419 9.99371E-005 0.708828 0.254227 0.0195037 9.99371E-005 9.99371E-005 9.99371E-005 9.99371E-005 9.99371E-005 9.99371E-005
0.0536768 9.99372E-005 0.612281 0.333034 9.99372E-005 9.99372E-005 9.99372E-005 9.99372E-005 9.99372E-005 0.000309439 9.99372E-005
9.99461E-005 9.99461E-005 0.445864 0.472874 0.0182196 0.0516445 0.010798 9.99461E-005 9.99461E-005 9.99461E-005 9.99461E-005
9.99282E-005 9.99282E-005 0.674879 0.261632 9.99282E-005 9.99282E-005 9.99282E-005 9.99282E-005 9.99282E-005 9.99282E-005 0.0626892
9.99371E-005 9.99371E-005 0.806456 0.145125 9.99371E-005 0.0342951 0.0134241 9.99371E-005 9.99371E-005 9.99371E-005 9.99371E-005
9.99282E-005 9.99282E-005 0.87991 0.103799 9.99282E-005 9.99282E-005 0.0154924 9.99282E-005 9.99282E-005 9.99282E-005 9.99282E-005
9.99462E-005 0.00707859 0.689714 0.215016 9.99462E-005 0.0746312 9.99462E-005 9.99462E-005 9.99462E-005 0.0129607 9.99462E-005
9.99282E-005 9.99282E-005 0.860956 0.114517 9.99282E-005 0.0237277 9.99282E-005 9.99282E-005 9.99282E-005 9.99282E-005 9.99282E-005
9.99281E-005 9.99281E-005 0.577807 0.387865 9.99281E-005 9.99281E-005 9.99281E-005 9.99281E-005 9.99281E-005 0.0335284 9.99281E-005
9.99371E-005 9.99371E-005 0.532758 0.413561 0.0446486 9.99371E-005 0.0083333 9.99371E-005 9.99371E-005 9.99371E-005 9.99371E-005
0.0159813 0.0185222 0.64064 0.275237 9.99551E-005 9.99551E-005 9.99551E-005 0.0204404 9.99551E-005 9.99551E-005 0.0286791
9.99282E-005 9.99282E-005 0.819373 0.122152 9.99282E-005 9.99282E-005 9.99282E-005 9.99282E-005 9.99282E-005 0.0576763 9.99282E-005
9.99461E-005 9.99461E-005 0.734262 0.231435 9.99461E-005 9.99461E-005 0.00484888 9.99461E-005 0.0287461 0.00010804 9.99461E-005
9.99282E-005 9.99282E-005 0.720046 0.264868 0.0142871 9.99282E-005 9.99282E-005 9.99282E-005 9.99282E-005 9.99282E-005 9.99282E-005
9.99371E-005 9.99371E-005 0.523951 0.380392 9.99371E-005 9.99371E-005 9.99371E-005 9.99371E-005 9.99371E-005 0.00799607 0.0869612
9.99426E-005 9.99426E-005 0.388333 0.602795 9.99426E-005 9.99426E-005 9.99426E-005 0.00636232 9.99426E-005 0.00180985 9.99426E-005
9.99461E-005 9.99461E-005 0.898394 0.0376498 0.00209682 9.99461E-005 9.99461E-005 0.0468945 9.99461E-005 0.0143655 9.99461E-005
9.99371E-005 9.99371E-005 0.226649 0.763513 9.99371E-005 9.99371E-005 0.00569824 9.99371E-005 9.99371E-005 0.00344032 9.99371E-005
0.0271004 9.99461E-005 0.594019 0.290283 9.99461E-005 0.0782198 0.00977772 9.99461E-005 9.99461E-005 9.99461E-005 9.99461E-005
9.99281E-005 9.99281E-005 0.660476 0.331973 0.00675179 9.99281E-005 9.99281E-005 9.99281E-005 9.99281E-005 9.99281E-005 9.99281E-005
0.0169974 0.0109872 0.722342 0.18954 9.99461E-005 9.99461E-005 0.0595336 9.99461E-005 9.99461E-005 9.99461E-005 9.99461E-005
9.99371E-005 9.99371E-005 0.0959199 0.0162679 0.632471 9.99371E-005 9.99371E-005 9.99371E-005 9.99371E-005 0.254642 9.99371E-005
9.9946E-005 0.0170407 0.100934 9.9946E-005 0.436678 9.9946E-005 9.9946E-005 9.9946E-005 9.9946E-005 0.169029 0.275719
0.0141351 9.99372E-005 0.289214 9.99372E-005 0.477823 9.99372E-005 9.99372E-005 9.99372E-005 9.99372E-005 0.218129 9.99372E-005
9.99371E-005 9.99371E-005 9.99371E-005 9.99371E-005 9.99371E-005 9.99371E-005 9.99371E-005 0.463649 0.341324 0.0305607 0.163766
9.99461E-005 9.99461E-005 0.00805396 9.99461E-005 0.0299898 9.99461E-005 9.99461E-005 0.399073 0.517258 9.99461E-005 0.0450259
9.99551E-005 9.99551E-005 0.0176392 9.99551E-005 9.99551E-005 0.0475997 9.99551E-005 0.35622 0.520412 0.000229228 0.0573994
9.99281E-005 9.99281E-005 9.99281E-005 9.99281E-005 9.99281E-005 9.99281E-005 9.99281E-005 0.471989 0.379453 9.99281E-005 0.147759
9.99282E-005 9.99282E-005 9.99282E-005 9.99282E-005 9.99282E-005 9.99282E-005 9.99282E-005 0.416563 0.566123 0.0165154 9.99282E-005
9.99282E-005 9.99282E-005 9.99282E-005 0.00203284 9.99282E-005 9.99282E-005 9.99282E-005 0.544942 0.452226 9.99282E-005 9.99282E-005
0.0422506 0.0246866 9.99641E-005 9.99641E-005 9.99641E-005 9.99641E-005 0.0383326 0.271984 0.44633 0.0447524 0.131264
0.0215287 0.0202241 9.99282E-005 9.99282E-005 9.99282E-005 9.99282E-005 9.99282E-005 9.99282E-005 0.957448 9.99282E-005 9.99282E-005
0.00721375 9.99192E-005 9.99192E-005 9.99192E-005 9.99192E-005 9.99192E-005 9.99192E-005 9.99192E-005 0.991887 9.99192E-005 9.99192E-005
0.0826271 9.99461E-005 9.99461E-005 0.0336187 9.99461E-005 9.99461E-005 0.0276501 9.99461E-005 0.846399 0.00910541 9.99461E-005
0.0280161 9.99462E-005 0.216744 0.249388 9.99462E-005 9.99462E-005 9.99462E-005 9.99462E-005 0.123413 9.99462E-005 0.381839
0.043008 0.0427048 0.059531 9.9973E-005 9.9973E-005 0.162018 0.137527 0.360548 0.0313205 9.9973E-005 0.163043
0.0243218 0.724097 9.99458E-005 0.0674765 9.99458E-005 9.99458E-005 9.99458E-005 0.136449 9.99458E-005 0.0470557 9.99458E-005
9.99282E-005 9.99282E-005 0.067303 9.99282E-005 0.833222 0.0986752 9.99282E-005 9.99282E-005 9.99282E-005 9.99282E-005 9.99282E-005
9.99461E-005 9.99461E-005 9.99461E-005 9.99461E-005 0.872541 0.0293073 0.0145716 0.0817809 9.99461E-005 0.00119933 9.99461E-005
9.99276E-005 0.670789 0.197529 0.130883 9.99276E-005 9.99276E-005 9.99276E-005 9.99276E-005 9.99276E-005 9.99276E-005 9.99276E-005
9.99372E-005 9.99372E-005 0.518344 0.413888 0.0408187 0.026249 9.99372E-005 9.99372E-005 9.99372E-005 9.99372E-005 9.99372E-005
9.99102E-005 9.99102E-005 9.99102E-005 0.999001 9.99102E-005 9.99102E-005 9.99102E-005 9.99102E-005 9.99102E-005 9.99102E-005 9.99102E-005
9.99551E-005 0.0425878 0.556878 0.348919 0.0211695 9.99551E-005 0.0134717 9.99551E-005 9.99551E-005 9.99551E-005 0.016475
9.99101E-005 9.99101E-005 9.99101E-005 0.999001 9.99101E-005 9.99101E-005 9.99101E-005 9.99101E-005 9.99101E-005 9.99101E-005 9.99101E-005
9.99281E-005 9.99281E-005 0.822692 0.11793 9.99281E-005 0.058578 9.99281E-005 9.99281E-005 9.99281E-005 9.99281E-005 9.99281E-005
9.99372E-005 9.99372E-005 0.701154 0.244144 0.0510964 9.99372E-005 9.99372E-005 9.99372E-005 9.99372E-005 0.00290512 9.99372E-005
9.99371E-005 9.99371E-005 0.781489 0.166179 9.99371E-005 9.99371E-005 9.99371E-005 0.0446483 9.99371E-005 0.0069843 9.99371E-005
9.99101E-005 9.99101E-005 9.99101E-005 0.999001 9.99101E-005 9.99101E-005 9.99101E-005 9.99101E-005 9.99101E-005 9.99101E-005 9.99101E-005
9.99371E-005 9.99371E-005 0.652084 0.299243 9.99371E-005 9.99371E-005 9.99371E-005 9.99371E-005 0.0352697 0.0127037 9.99371E-005
9.99282E-005 9.99282E-005 0.668197 0.288984 9.99282E-005 9.99282E-005 9.99282E-005 9.99282E-005 9.99282E-005 0.0420193 9.99282E-005
9.99372E-005 9.99372E-005 0.876875 0.119703 9.99372E-005 9.99372E-005 0.000505669 9.99372E-005 0.00221609 9.99372E-005 9.99372E-005
9.99461E-005 9.99461E-005 0.809818 0.151182 9.99461E-005 9.99461E-005 9.99461E-005 9.99461E-005 0.00709179 0.0054002 0.0259089
9.99282E-005 9.99282E-005 0.828615 0.0933237 9.99282E-005 9.99282E-005 9.99282E-005 9.99282E-005 9.99282E-005 9.99282E-005 0.0772622
0.0171363 9.99372E-005 0.677861 0.297644 9.99372E-005 0.00666006 9.99372E-005 9.99372E-005 9.99372E-005 9.99372E-005 9.99372E-005
9.99282E-005 9.99282E-005 0.502884 0.413055 9.99282E-005 0.0832617 9.99282E-005 9.99282E-005 9.99282E-005 9.99282E-005 9.99282E-005
0.0750561 9.99551E-005 9.99551E-005 0.030517 9.99551E-005 9.99551E-005 9.99551E-005 0.14475 0.0572272 0.0513587 0.640591
0.0477073 9.99371E-005 9.99371E-005 9.99371E-005 9.99371E-005 9.99371E-005 0.15909 9.99371E-005 0.0344941 9.99371E-005 0.758009
0.112379 9.99641E-005 9.99641E-005 9.99641E-005 0.0352114 9.99641E-005 0.181621 0.0149249 0.0870953 0.00287848 0.56549
9.99193E-005 9.99193E-005 9.99193E-005 9.99193E-005 9.99193E-005 0.0213827 9.99193E-005 9.99193E-005 0.977718 9.99193E-005 9.99193E-005
0.0289618 9.99282E-005 9.99282E-005 9.99282E-005 9.99282E-005 9.99282E-005 0.0528799 9.99282E-005 0.917359 9.99282E-005 9.99282E-005
9.99201E-005 9.99201E-005 9.99201E-005 9.99201E-005 9.99201E-005 0.0573922 9.99201E-005 9.99201E-005 0.904813 9.99201E-005 0.0369955
0.0409971 9.99461E-005 9.99461E-005 9.99461E-005 0.00222485 0.0511966 9.99461E-005 0.0265496 0.878432 9.99461E-005 9.99461E-005
9.99372E-005 9.99372E-005 9.99372E-005 9.99372E-005 0.922858 0.0743789 0.000598737 0.00146434 9.99372E-005 9.99372E-005 9.99372E-005
0.00992509 9.99461E-005 9.99461E-005 9.99461E-005 0.906162 0.0554577 0.0116532 9.99461E-005 0.0162025 9.99461E-005 9.99461E-005
9.99372E-005 9.99372E-005 9.99372E-005 9.99372E-005 0.866958 9.99372E-005 9.99372E-005 0.112978 0.0136631 9.99372E-005 0.00570173
0.0607655 9.99462E-005 9.99462E-005 9.99462E-005 0.0474089 9.99462E-005 9.99462E-005 0.0699367 0.030461 9.99462E-005 0.790828
0.015417 0.0278147 9.99372E-005 9.99372E-005 9.99372E-005 9.99372E-005 0.0468054 9.99372E-005 9.99372E-005 9.99372E-005 0.909263
0.0256392 9.9982E-005 0.0354393 9.9982E-005 0.0687687 0.00336883 0.0730408 0.0750649 0.0203884 0.0116539 0.686436
0.00260598 0.00760147 0.0279073 9.99461E-005 0.0732618 9.99461E-005 9.99461E-005 9.99461E-005 9.99461E-005 9.99461E-005 0.888024
