0.030903 0.0140974 9.99551E-005 9.99551E-005 0.0165143 9.99551E-005 0.92394 0.00395884 9.99551E-005 9.99551E-005 0.0100866
9.99101E-005 9.99101E-005 9.99101E-005 9.99101E-005 0.00804653 9.99101E-005 0.991054 9.99101E-005 9.99101E-005 9.99101E-005 9.99101E-005
9.99281E-005 9.99281E-005 9.99281E-005 9.99281E-005 0.0269871 9.99281E-005 0.873576 9.99281E-005 9.99281E-005 9.99281E-005 0.098637
0.093589 0.0533316 9.99551E-005 0.0896418 9.99551E-005 0.0400779 0.718396 9.99551E-005 9.99551E-005 9.99551E-005 0.00446335
9.99371E-005 0.0933578 9.99371E-005 9.99371E-005 0.0144734 9.99371E-005 0.856358 9.99371E-005 9.99371E-005 9.99371E-005 0.0351113
9.99101E-005 9.99101E-005 9.99101E-005 9.99101E-005 9.99101E-005 9.99101E-005 0.999001 9.99101E-005 9.99101E-005 9.99101E-005 9.99101E-005
9.99191E-005 9.99191E-005 9.99191E-005 9.99191E-005 0.00162835 9.99191E-005 0.997472 9.99191E-005 9.99191E-005 9.99191E-005 9.99191E-005
0.105771 0.0772556 0.0182069 0.0688048 9.99462E-005 9.99462E-005 0.729362 9.99462E-005 9.99462E-005 9.99462E-005 9.99462E-005
0.0405233 9.99371E-005 9.99371E-005 0.0839889 9.99371E-005 0.0806861 0.794102 9.99371E-005 9.99371E-005 9.99371E-005 9.99371E-005
9.99371E-005 9.99371E-005 9.99371E-005 0.0730803 9.99371E-005 0.0953152 0.82012 9.99371E-005 0.0107846 9.99371E-005 9.99371E-005
9.99281E-005 9.99281E-005 9.99281E-005 9.99281E-005 9.99281E-005 9.99281E-005 0.869468 0.061714 9.99281E-005 0.0680182 9.99281E-005
9.99551E-005 0.129747 0.0164737 0.114621 0.0711279 9.99551E-005 0.596675 9.99551E-005 9.99551E-005 9.99551E-005 0.0708554
0.0732712 0.0703051 0.0042604 0.0360526 0.00283037 9.9982E-005 0.663978 0.0129334 0.027887 9.9982E-005 0.108282
0.00275638 0.091045 0.0210963 9.99552E-005 9.99552E-005 9.99552E-005 0.648097 9.99552E-005 9.99552E-005 0.0756036 0.160902
0.150629 0.0945906 0.0605424 0.124735 9.99731E-005 0.0747802 0.410665 0.0772612 9.99731E-005 9.99731E-005 0.00649714
0.0847769 0.0377761 0.0282935 0.148707 9.99641E-005 9.99641E-005 0.511982 0.0142621 9.99641E-005 9.99641E-005 0.173803
0.0840269 0.120112 9.99462E-005 0.135261 9.99462E-005 9.99462E-005 0.552319 9.99462E-005 9.99462E-005 9.99462E-005 0.107682
0.0205418 0.0689232 9.99551E-005 0.103386 9.99551E-005 9.99551E-005 0.46889 0.0588101 9.99551E-005 9.99551E-005 0.27895
9.99551E-005 0.0112996 9.99551E-005 0.213001 0.556873 9.99551E-005 0.0847214 9.99551E-005 9.99551E-005 0.0269322 0.106672
9.99372E-005 0.0401093 9.99372E-005 0.886319 0.0601193 9.99372E-005 0.0127533 9.99372E-005 9.99372E-005 9.99372E-005 9.99372E-005
9.99282E-005 0.0374085 9.99282E-005 0.848224 0.113569 9.99282E-005 9.99282E-005 9.99282E-005 9.99282E-005 9.99282E-005 9.99282E-005
0.00310751 0.00854952 9.9972E-005 0.639767 0.259489 9.9972E-005 0.0540042 9.9972E-005 0.0100979 0.0245848 9.9972E-005
9.99371E-005 9.99371E-005 9.99371E-005 0.871489 0.0544768 9.99371E-005 9.99371E-005 0.0178455 9.99371E-005 0.0554897 9.99371E-005
9.99101E-005 9.99101E-005 9.99101E-005 9.99101E-005 0.999001 9.99101E-005 9.99101E-005 9.99101E-005 9.99101E-005 9.99101E-005 9.99101E-005
9.99101E-005 9.99101E-005 9.99101E-005 9.99101E-005 0.999001 9.99101E-005 9.99101E-005 9.99101E-005 9.99101E-005 9.99101E-005 9.99101E-005
9.99101E-005 9.99101E-005 9.99101E-005 9.99101E-005 0.999001 9.99101E-005 9.99101E-005 9.99101E-005 9.99101E-005 9.99101E-005 9.99101E-005
0.0558718 0.0695963 0.0144056 0.74049 0.0775984 9.99641E-005 9.99641E-005 9.99641E-005 0.0361125 0.00552548 9.99641E-005
9.99461E-005 9.99461E-005 0.00962 0.172169 0.797989 0.0090166 0.0106051 9.99461E-005 9.99461E-005 9.99461E-005 9.99461E-005
0.00386619 9.99372E-005 9.99372E-005 0.94825 0.0326929 9.99372E-005 9.99372E-005 9.99372E-005 9.99372E-005 9.99372E-005 0.0144917
9.99101E-005 9.99101E-005 9.99101E-005 9.99101E-005 0.999001 9.99101E-005 9.99101E-005 9.99101E-005 9.99101E-005 9.99101E-005 9.99101E-005
9.99371E-005 9.99371E-005 9.99371E-005 0.72777 0.173835 0.0365129 0.061183 9.99371E-005 9.99371E-005 9.99371E-005 9.99371E-005
9.99102E-005 9.99102E-005 9.99102E-005 9.99102E-005 0.999001 9.99102E-005 9.99102E-005 9.99102E-005 9.99102E-005 9.99102E-005 9.99102E-005
9.99282E-005 9.99282E-005 9.99282E-005 0.806268 0.0928939 9.99282E-005 9.99282E-005 9.99282E-005 9.99282E-005 9.99282E-005 0.100039
9.99282E-005 9.99282E-005 9.99282E-005 0.660206 0.273254 0.0657409 9.99282E-005 9.99282E-005 9.99282E-005 9.99282E-005 9.99282E-005
9.99551E-005 0.0103712 0.0026884 0.715955 0.166879 0.0594727 9.99551E-005 9.99551E-005 9.99551E-005 9.99551E-005 0.0441341
0.0176795 9.99282E-005 9.99282E-005 0.843655 0.137866 9.99282E-005 9.99282E-005 9.99282E-005 9.99282E-005 9.99282E-005 9.99282E-005
0.103559 9.99641E-005 9.99641E-005 0.772935 0.105895 9.99641E-005 0.00418046 0.00312161 0.00261614 0.00729289 9.99641E-005
9.99731E-005 0.719623 0.0181918 0.0350504 9.99731E-005 0.00317258 0.102894 9.99731E-005 0.02291 0.0196183 0.0782394
9.99192E-005 0.980095 9.99192E-005 9.99192E-005 9.99192E-005 9.99192E-005 9.99192E-005 0.0190057 9.99192E-005 9.99192E-005 9.99192E-005
9.99462E-005 0.769117 0.026211 9.99462E-005 0.0268097 0.0482652 9.99462E-005 9.99462E-005 9.99462E-005 9.99462E-005 0.128998
9.99372E-005 0.805003 9.99372E-005 9.99372E-005 9.99372E-005 0.00660565 9.99372E-005 0.000206087 9.99372E-005 9.99372E-005 0.187486
9.99372E-005 0.762629 0.0305301 9.99372E-005 0.00785957 9.99372E-005 9.99372E-005 9.99372E-005 9.99372E-005 9.99372E-005 0.198281
0.0183697 0.956763 9.99371E-005 9.99371E-005 9.99371E-005 9.99371E-005 9.99371E-005 9.99371E-005 9.99371E-005 0.00263836 0.0215291
9.99193E-005 0.791207 9.99193E-005 9.99193E-005 9.99193E-005 9.99193E-005 9.99193E-005 9.99193E-005 9.99193E-005 9.99193E-005 0.207893
0.0549518 0.847597 9.99462E-005 9.99462E-005 0.026376 9.99462E-005 0.0239697 9.99462E-005 9.99462E-005 9.99462E-005 0.0465063
9.99372E-005 0.954076 0.000170545 9.99372E-005 0.00221215 9.99372E-005 9.99372E-005 9.99372E-005 9.99372E-005 9.99372E-005 0.0428414
0.632658 0.0935229 9.99641E-005 9.99641E-005 0.0416422 0.0509008 0.0891508 9.99641E-005 0.0632765 9.99641E-005 0.0284489
9.99108E-005 9.99108E-005 9.99108E-005 9.99108E-005 9.99108E-005 9.99108E-005 9.99108E-005 0.999001 9.99108E-005 9.99108E-005 9.99108E-005
9.99368E-005 0.0349862 9.99368E-005 9.99368E-005 9.99368E-005 0.025132 9.99368E-005 0.916688 9.99368E-005 0.0224945 9.99368E-005
0.857855 9.99372E-005 0.00037141 9.99372E-005 9.99372E-005 9.99372E-005 9.99372E-005 9.99372E-005 9.99372E-005 0.0408089 0.100265
0.34732 9.99278E-005 9.99278E-005 9.99278E-005 9.99278E-005 9.99278E-005 9.99278E-005 0.51753 0.13435 9.99278E-005 9.99278E-005
0.962291 9.99282E-005 9.99282E-005 9.99282E-005 0.0320662 9.99282E-005 9.99282E-005 9.99282E-005 9.99282E-005 0.00484384 9.99282E-005
0.816282 0.0309059 0.0175086 0.0678904 0.00394102 0.0629725 9.99551E-005 9.99551E-005 9.99551E-005 9.99551E-005 9.99551E-005
0.738875 0.130199 0.0113662 9.9973E-005 0.0284316 9.9973E-005 0.0385494 0.00573846 0.010849 0.0356908 9.9973E-005
0.924323 9.99283E-005 9.99283E-005 9.99283E-005 9.99283E-005 9.99283E-005 0.0174894 9.99283E-005 0.0573883 9.99283E-005 9.99283E-005
0.963046 9.99372E-005 9.99372E-005 9.99372E-005 9.99372E-005 9.99372E-005 0.00892339 9.99372E-005 9.99372E-005 0.0210105 0.00632086
0.759111 9.9964E-005 0.0444111 9.9964E-005 0.0341588 0.000271386 9.9964E-005 9.9964E-005 0.0217028 0.0415088 0.0984363
0.933275 9.99282E-005 9.99282E-005 9.99282E-005 9.99282E-005 9.99282E-005 0.0654163 9.99282E-005 0.000509313 9.99282E-005 9.99282E-005
0.93868 9.99191E-005 9.99191E-005 9.99191E-005 9.99191E-005 9.99191E-005 9.99191E-005 9.99191E-005 9.99191E-005 0.0604204 9.99191E-005
0.891567 9.99282E-005 9.99282E-005 0.0273248 9.99282E-005 0.0803087 9.99282E-005 9.99282E-005 9.99282E-005 9.99282E-005 9.99282E-005
0.457532 9.99372E-005 0.229394 0.18873 9.99372E-005 0.123645 9.99372E-005 9.99372E-005 9.99372E-005 9.99372E-005 9.99372E-005
0.478138 9.99372E-005 0.232846 0.20917 9.99372E-005 0.0791467 9.99372E-005 9.99372E-005 9.99372E-005 9.99372E-005 9.99372E-005
0.547005 0.044764 0.247087 0.0430462 0.0218158 0.0438091 0.00367551 9.99731E-005 9.99731E-005 9.99731E-005 0.0484972
0.127541 9.99731E-005 0.592515 0.0200873 0.0147278 9.99731E-005 0.00526581 0.026353 0.178869 0.0343417 9.99731E-005
0.104448 9.99461E-005 0.450653 9.99461E-005 0.0554986 9.99461E-005 9.99461E-005 9.99461E-005 0.378259 9.99461E-005 0.0105415
9.99193E-005 9.99193E-005 0.980253 9.99193E-005 9.99193E-005 0.0188473 9.99193E-005 9.99193E-005 9.99193E-005 9.99193E-005 9.99193E-005
9.99101E-005 9.99101E-005 0.999001 9.99101E-005 9.99101E-005 9.99101E-005 9.99101E-005 9.99101E-005 9.99101E-005 9.99101E-005 9.99101E-005
0.147096 9.99461E-005 0.572249 0.0973272 9.99461E-005 9.99461E-005 9.99461E-005 9.99461E-005 0.133155 0.0495728 9.99461E-005
0.217883 9.99461E-005 0.51643 9.99461E-005 9.99461E-005 0.0279441 9.99461E-005 9.99461E-005 0.166089 0.0710539 9.99461E-005
9.99191E-005 9.99191E-005 0.971205 9.99191E-005 9.99191E-005 9.99191E-005 9.99191E-005 9.99191E-005 9.99191E-005 9.99191E-005 0.0278956
9.99102E-005 9.99102E-005 0.999001 9.99102E-005 9.99102E-005 9.99102E-005 9.99102E-005 9.99102E-005 9.99102E-005 9.99102E-005 9.99102E-005
0.17062 9.99461E-005 0.517324 0.125409 9.99461E-005 9.99461E-005 9.99461E-005 9.99461E-005 0.172741 0.0133065 9.99461E-005
9.99192E-005 0.0015394 0.997561 9.99192E-005 9.99192E-005 9.99192E-005 9.99192E-005 9.99192E-005 9.99192E-005 9.99192E-005 9.99192E-005
9.99101E-005 9.99101E-005 0.999001 9.99101E-005 9.99101E-005 9.99101E-005 9.99101E-005 9.99101E-005 9.99101E-005 9.99101E-005 9.99101E-005
9.99192E-005 9.99192E-005 0.998699 9.99192E-005 9.99192E-005 0.000402211 9.99192E-005 9.99192E-005 9.99192E-005 9.99192E-005 9.99192E-005
9.99282E-005 9.99282E-005 0.969228 9.99282E-005 9.99282E-005 9.99282E-005 9.99282E-005 9.99282E-005 0.0212753 0.00869722 9.99282E-005
9.99191E-005 9.99191E-005 0.978666 9.99191E-005 0.0204345 9.99191E-005 9.99191E-005 9.99191E-005 9.99191E-005 9.99191E-005 9.99191E-005
9.99283E-005 9.99283E-005 9.99283E-005 0.925881 9.99283E-005 9.99283E-005 9.99283E-005 9.99283E-005 9.99283E-005 0.0117518 0.0615673
9.99461E-005 0.832481 0.00194172 9.99461E-005 0.030861 9.99461E-005 9.99461E-005 0.0107412 9.99461E-005 9.99461E-005 0.123376
9.99371E-005 0.931667 9.99371E-005 9.99371E-005 0.0420486 9.99371E-005 9.99371E-005 9.99371E-005 9.99371E-005 0.00805353 0.0175312
9.99371E-005 9.99371E-005 0.011519 9.99371E-005 0.00250423 0.0951353 9.99371E-005 9.99371E-005 0.890142 9.99371E-005 9.99371E-005
9.99282E-005 9.99282E-005 0.0296676 9.99282E-005 9.99282E-005 0.00186793 9.99282E-005 9.99282E-005 0.967665 9.99282E-005 9.99282E-005
9.99282E-005 9.99282E-005 0.00388846 9.99282E-005 9.99282E-005 9.99282E-005 9.99282E-005 9.99282E-005 0.982296 0.013016 9.99282E-005
9.9919E-005 9.9919E-005 9.9919E-005 9.9919E-005 9.9919E-005 0.984728 9.9919E-005 9.9919E-005 9.9919E-005 0.014373 9.9919E-005
0.055393 9.99372E-005 9.99372E-005 9.99372E-005 9.99372E-005 0.0291901 9.99372E-005 9.99372E-005 0.810648 0.104069 9.99372E-005
9.99371E-005 9.99371E-005 9.99371E-005 9.99371E-005 0.0252286 0.0106487 9.99371E-005 9.99371E-005 0.920525 0.0428982 9.99371E-005
9.99462E-005 9.99462E-005 9.99462E-005 9.99462E-005 0.0336855 0.0559892 9.99462E-005 9.99462E-005 0.774376 0.125002 0.0103477
0.0214736 0.0161297 9.99462E-005 9.99462E-005 9.99462E-005 0.210253 9.99462E-005 9.99462E-005 0.622504 0.129039 9.99462E-005
9.99372E-005 9.99372E-005 9.99372E-005 0.0605196 9.99372E-005 0.102461 9.99372E-005 9.99372E-005 0.82855 0.00776921 9.99372E-005
9.99101E-005 9.99101E-005 9.99101E-005 9.99101E-005 9.99101E-005 0.999001 9.99101E-005 9.99101E-005 9.99101E-005 9.99101E-005 9.99101E-005
9.99101E-005 9.99101E-005 9.99101E-005 9.99101E-005 9.99101E-005 0.999001 9.99101E-005 9.99101E-005 9.99101E-005 9.99101E-005 9.99101E-005
0.0319613 9.99462E-005 9.99462E-005 9.99462E-005 9.99462E-005 0.0925033 9.99462E-005 0.0340643 0.79486 0.0460118 9.99462E-005
0.00734753 9.99372E-005 9.99372E-005 9.99372E-005 9.99372E-005 0.0647821 0.00434196 9.99372E-005 0.922829 9.99372E-005 9.99372E-005
9.99371E-005 9.99371E-005 0.00662731 9.99371E-005 9.99371E-005 0.326578 9.99371E-005 9.99371E-005 0.571048 0.0950478 9.99371E-005
9.99282E-005 9.99282E-005 9.99282E-005 9.99282E-005 9.99282E-005 0.591694 9.99282E-005 9.99282E-005 0.34693 0.0605772 9.99282E-005
9.99551E-005 9.99551E-005 9.99551E-005 0.0043885 0.012283 0.283379 9.99551E-005 9.99551E-005 0.54892 0.109409 0.0411204
9.99282E-005 9.99282E-005 0.0292742 9.99282E-005 9.99282E-005 9.99282E-005 9.99282E-005 9.99282E-005 0.962688 0.00723864 9.99282E-005
9.99372E-005 9.99372E-005 9.99372E-005 9.99372E-005 9.99372E-005 0.0292594 9.99372E-005 9.99372E-005 0.891815 0.050263 0.0279631
9.99282E-005 9.99282E-005 9.99282E-005 9.99282E-005 9.99282E-005 0.209937 9.99282E-005 9.99282E-005 0.717282 0.0719818 9.99282E-005
9.99372E-005 9.99372E-005 0.00645944 0.0873624 9.99372E-005 9.99372E-005 9.99372E-005 9.99372E-005 0.768359 0.13712 9.99372E-005
9.99282E-005 9.99282E-005 9.99282E-005 0.00880684 9.99282E-005 9.99282E-005 9.99282E-005 9.99282E-005 0.900937 0.0894566 9.99282E-005
9.99282E-005 9.99282E-005 0.0189929 9.99282E-005 9.99282E-005 0.933394 9.99282E-005 9.99282E-005 0.046814 9.99282E-005 9.99282E-005
9.99282E-005 9.99282E-005 9.99282E-005 9.99282E-005 9.99282E-005 9.99282E-005 0.0267088 9.99282E-005 0.882296 0.0901959 9.99282E-005
0.124608 9.99461E-005 9.99461E-005 9.99461E-005 0.00312227 0.0123724 9.99461E-005 9.99461E-005 0.809219 0.0500786 9.99461E-005
9.99282E-005 9.99282E-005 9.99282E-005 9.99282E-005 9.99282E-005 0.0973073 9.99282E-005 9.99282E-005 0.809946 0.0919474 9.99282E-005
9.99461E-005 9.99461E-005 9.99461E-005 9.99461E-005 0.0245025 0.280483 9.99461E-005 0.0325764 0.60579 0.0560488 9.99461E-005
0.112531 9.99641E-005 0.540397 0.0155425 0.00953744 0.106661 9.99641E-005 9.99641E-005 0.165507 9.99641E-005 0.0494235
0.106579 9.9955E-005 0.325579 0.347993 0.00939081 9.9955E-005 9.9955E-005 0.0114844 0.198473 9.9955E-005 9.9955E-005
0.103688 9.99641E-005 0.401195 0.0892743 0.00858028 0.356554 9.99641E-005 9.99641E-005 0.0383609 9.99641E-005 0.00194773
9.99551E-005 0.0425755 0.0505936 0.0934086 9.99551E-005 9.99551E-005 0.0281157 0.00757928 9.99551E-005 9.99551E-005 0.777228
9.99101E-005 9.99101E-005 9.99101E-005 9.99101E-005 9.99101E-005 9.99101E-005 9.99101E-005 9.99101E-005 9.99101E-005 9.99101E-005 0.999001
0.0347618 0.0181704 9.99282E-005 9.99282E-005 9.99282E-005 9.99282E-005 9.99282E-005 9.99282E-005 9.99282E-005 9.99282E-005 0.946268
9.99191E-005 9.99191E-005 9.99191E-005 9.99191E-005 0.00737007 9.99191E-005 9.99191E-005 9.99191E-005 9.99191E-005 9.99191E-005 0.991731
9.99192E-005 0.0911027 9.99192E-005 9.99192E-005 9.99192E-005 9.99192E-005 9.99192E-005 9.99192E-005 9.99192E-005 9.99192E-005 0.907998
9.99102E-005 9.99102E-005 9.99102E-005 9.99102E-005 9.99102E-005 9.99102E-005 9.99102E-005 9.99102E-005 9.99102E-005 9.99102E-005 0.999001
0.0205413 0.148113 0.0300517 0.0595745 0.0387114 9.99731E-005 0.11379 0.0306558 9.99731E-005 9.99731E-005 0.558263
9.99282E-005 0.985443 9.99282E-005 9.99282E-005 0.00261847 9.99282E-005 9.99282E-005 0.011139 9.99282E-005 9.99282E-005 9.99282E-005
9.99102E-005 0.999001 9.99102E-005 9.99102E-005 9.99102E-005 9.99102E-005 9.99102E-005 9.99102E-005 9.99102E-005 9.99102E-005 9.99102E-005
9.99551E-005 0.85575 0.020913 9.99551E-005 0.077006 9.99551E-005 0.00055616 9.99551E-005 0.0116827 9.99551E-005 0.0335926
9.99462E-005 9.99462E-005 9.99462E-005 0.408187 9.99462E-005 0.0262275 9.99462E-005 9.99462E-005 0.321738 0.108223 0.135025
0.137381 0.048754 9.9982E-005 0.191189 0.041559 0.0426225 0.399157 0.0573043 9.9982E-005 0.0276324 0.0542011
9.99729E-005 9.99729E-005 0.0389091 0.0155511 0.0250393 9.99729E-005 0.11588 0.723552 0.0635407 0.0110047 0.00622326
0.645076 9.99372E-005 0.128924 9.99372E-005 0.0225329 0.202767 9.99372E-005 9.99372E-005 9.99372E-005 9.99372E-005 9.99372E-005
0.555909 9.99551E-005 0.260781 0.0027557 0.0144147 0.059768 0.105872 9.99551E-005 9.99551E-005 9.99551E-005 9.99551E-005
9.99276E-005 9.99276E-005 9.99276E-005 9.99276E-005 9.99276E-005 9.99276E-005 9.99276E-005 0.643183 0.28876 0.0672575 9.99276E-005
0.00502548 9.99641E-005 0.00943838 9.99641E-005 0.00388813 0.141994 9.99641E-005 9.99641E-005 0.721867 0.107256 0.0101313
9.99372E-005 9.99372E-005 9.99372E-005 9.99372E-005 9.99372E-005 0.0395634 9.99372E-005 9.99372E-005 0.068073 0.890854 0.000809977
9.99641E-005 9.99641E-005 9.99641E-005 0.0349531 0.000822598 0.173449 0.00732154 0.0248073 0.603922 0.154325 9.99641E-005
9.99101E-005 9.99101E-005 9.99101E-005 9.99101E-005 9.99101E-005 9.99101E-005 9.99101E-005 9.99101E-005 9.99101E-005 0.999001 9.99101E-005
9.99281E-005 9.99281E-005 9.99281E-005 9.99281E-005 9.99281E-005 0.805733 9.99281E-005 0.0143562 0.179111 9.99281E-005 9.99281E-005
0.0185232 9.99461E-005 0.0115756 9.99461E-005 9.99461E-005 0.164365 9.99461E-005 9.99461E-005 0.764307 0.0406296 9.99461E-005
9.99461E-005 9.99461E-005 9.99461E-005 9.99461E-005 0.00145246 0.0422087 9.99461E-005 9.99461E-005 0.891786 0.0262356 0.0377172
9.99101E-005 9.99101E-005 9.99101E-005 9.99101E-005 9.99101E-005 9.99101E-005 9.99101E-005 9.99101E-005 9.99101E-005 0.999001 9.99101E-005
9.99462E-005 0.0359786 9.99462E-005 9.99462E-005 0.00215386 0.0528868 9.99462E-005 9.99462E-005 0.833006 0.0753746 9.99462E-005
9.99372E-005 9.99372E-005 0.0288027 9.99372E-005 9.99372E-005 0.0665887 9.99372E-005 9.99372E-005 0.831471 0.0724381 9.99372E-005
9.99372E-005 9.99372E-005 9.99372E-005 9.99372E-005 9.99372E-005 0.0432291 9.99372E-005 9.99372E-005 0.85352 0.0852757 0.0172756
9.99282E-005 9.99282E-005 9.99282E-005 9.99282E-005 9.99282E-005 9.99282E-005 9.99282E-005 9.99282E-005 0.892408 0.0748533 0.0319392
9.99461E-005 9.99461E-005 9.99461E-005 0.0658559 9.99461E-005 0.0281331 9.99461E-005 9.99461E-005 0.783879 0.107766 0.0137663
9.99462E-005 9.99462E-005 9.99462E-005 0.00065831 0.0230371 0.0805658 9.99462E-005 9.99462E-005 0.858119 0.0370204 9.99462E-005
0.0409307 9.99462E-005 9.99462E-005 9.99462E-005 9.99462E-005 0.169006 9.99462E-005 0.0135553 0.585667 0.190242 9.99462E-005
9.996E-005 0.0379392 0.0391725 0.582539 0.0807411 9.996E-005 0.0602223 9.996E-005 9.996E-005 0.0361177 0.162869
9.99641E-005 0.0301903 0.00132761 0.803044 0.0434481 0.00197107 0.097822 9.99641E-005 9.99641E-005 9.99641E-005 0.0217971
9.99551E-005 0.0888887 0.0109814 0.600275 0.0996014 9.99551E-005 0.169975 9.99551E-005 0.0297792 9.99551E-005 9.99551E-005
9.99192E-005 0.986634 9.99192E-005 9.99192E-005 9.99192E-005 9.99192E-005 9.99192E-005 9.99192E-005 0.012467 9.99192E-005 9.99192E-005
0.00119667 0.98674 9.99282E-005 9.99282E-005 0.0112635 9.99282E-005 9.99282E-005 9.99282E-005 9.99282E-005 9.99282E-005 9.99282E-005
0.0326703 0.912955 9.99373E-005 0.0403636 9.99373E-005 9.99373E-005 9.99373E-005 9.99373E-005 9.99373E-005 9.99373E-005 0.0133114
0.0509357 0.838394 9.99371E-005 9.99371E-005 0.0292876 9.99371E-005 9.99371E-005 9.99371E-005 9.99371E-005 9.99371E-005 0.0806833
0.653886 9.99552E-005 0.175707 0.0526559 0.00280104 0.0908794 0.023571 9.99552E-005 9.99552E-005 9.99552E-005 9.99552E-005
0.662817 9.99641E-005 0.196269 0.0222521 0.0203925 9.99641E-005 9.99641E-005 9.99641E-005 0.0557186 0.000834317 0.0413167
0.480203 9.99462E-005 0.208064 0.196756 9.99462E-005 9.99462E-005 9.99462E-005 9.99462E-005 0.0631087 9.99462E-005 0.0512687
0.00388859 0.0389348 0.0106098 0.819073 0.0497711 9.99731E-005 0.00868349 9.99731E-005 9.99731E-005 0.0165874 0.0521521
0.00898466 9.99372E-005 9.99372E-005 0.968609 0.00492493 9.99372E-005 9.99372E-005 0.0167822 9.99372E-005 9.99372E-005 9.99372E-005
0.0438871 9.99551E-005 0.00474339 0.740938 9.99551E-005 0.0863669 0.0689185 9.99551E-005 9.99551E-005 9.99551E-005 0.054646
9.99551E-005 9.99551E-005 0.00309261 0.882614 0.00241407 0.0884739 0.00100102 0.0219047 9.99551E-005 9.99551E-005 9.99551E-005
