9.99102E-005 9.99102E-005 9.99102E-005 0.00127403 9.99102E-005 9.99102E-005 0.000640783 9.99102E-005 9.99102E-005 9.99102E-005 0.997086 9.99102E-005 9.99102E-005
9.99011E-005 9.99011E-005 9.99011E-005 9.99011E-005 0.345193 9.99011E-005 9.99011E-005 9.99011E-005 9.99011E-005 9.99011E-005 0.653708 9.99011E-005 9.99011E-005
0.00347342 9.99191E-005 9.99191E-005 9.99191E-005 0.0861661 0.0131364 9.99191E-005 9.99191E-005 9.99191E-005 9.99191E-005 0.896325 9.99191E-005 9.99191E-005
9.99282E-005 0.128376 9.99282E-005 9.99282E-005 0.146126 9.99282E-005 9.99282E-005 0.00413445 9.99282E-005 0.114795 0.605769 9.99282E-005 9.99282E-005
9.98922E-005 9.98922E-005 9.98922E-005 9.98922E-005 9.98922E-005 9.98922E-005 9.98922E-005 9.98922E-005 9.98922E-005 9.98922E-005 0.998801 9.98922E-005 9.98922E-005
9.9901E-005 9.9901E-005 9.9901E-005 9.9901E-005 0.698569 9.9901E-005 9.9901E-005 9.9901E-005 9.9901E-005 9.9901E-005 0.300332 9.9901E-005 9.9901E-005
9.99011E-005 9.99011E-005 9.99011E-005 9.99011E-005 0.141774 9.99011E-005 9.99011E-005 9.99011E-005 9.99011E-005 9.99011E-005 0.857127 9.99011E-005 9.99011E-005
9.99461E-005 9.99461E-005 0.00398712 0.0387172 0.821387 9.99461E-005 9.99461E-005 0.0659772 0.0174063 0.00293141 0.048994 9.99461E-005 9.99461E-005
9.98919E-005 9.98919E-005 9.98919E-005 9.98919E-005 0.998801 9.98919E-005 9.98919E-005 9.98919E-005 9.98919E-005 9.98919E-005 9.98919E-005 9.98919E-005 9.98919E-005
9.98921E-005 9.98921E-005 9.98921E-005 9.98921E-005 0.998801 9.98921E-005 9.98921E-005 9.98921E-005 9.98921E-005 9.98921E-005 9.98921E-005 9.98921E-005 9.98921E-005
9.99192E-005 9.99192E-005 9.99192E-005 9.99192E-005 0.797258 9.99192E-005 0.0210546 9.99192E-005 9.99192E-005 9.99192E-005 0.16695 0.0138382 9.99192E-005
9.99372E-005 0.0688814 9.99372E-005 0.0659544 9.99372E-005 0.0254433 9.99372E-005 0.052452 9.99372E-005 9.99372E-005 0.771353 9.99372E-005 0.0152165
0.0453627 9.99372E-005 0.036728 0.0434953 9.99372E-005 9.99372E-005 9.99372E-005 9.99372E-005 9.99372E-005 9.99372E-005 0.828932 0.0180187 0.0267636
0.0366788 9.99462E-005 9.99462E-005 9.99462E-005 0.0879946 9.99462E-005 9.99462E-005 0.102479 0.00523324 0.0350211 0.669997 0.061996 9.99462E-005
9.99551E-005 0.0804078 0.0619679 9.99551E-005 9.99551E-005 9.99551E-005 0.071984 0.0460993 0.0102296 0.0695804 0.573085 9.99551E-005 0.0861459
0.104865 0.189251 9.99461E-005 9.99461E-005 9.99461E-005 9.99461E-005 0.0232224 9.99461E-005 0.00161187 0.0427124 0.636246 9.99461E-005 0.00149101
9.99192E-005 0.125353 9.99192E-005 9.99192E-005 9.99192E-005 9.99192E-005 9.99192E-005 0.0689601 9.99192E-005 0.0836548 0.721133 9.99192E-005 9.99192E-005
0.177017 0.0731122 9.99281E-005 9.99281E-005 9.99281E-005 9.99281E-005 0.0606493 0.00873495 9.99281E-005 9.99281E-005 0.679687 9.99281E-005 9.99281E-005
0.039652 9.99371E-005 9.99371E-005 0.488399 9.99371E-005 0.432158 9.99371E-005 0.000672628 9.99371E-005 9.99371E-005 0.0365121 0.00190636 9.99371E-005
9.99192E-005 0.754301 9.99192E-005 0.136615 9.99192E-005 0.0225572 9.99192E-005 9.99192E-005 9.99192E-005 9.99192E-005 0.0856281 9.99192E-005 9.99192E-005
9.98922E-005 9.98922E-005 9.98922E-005 0.998801 9.98922E-005 9.98922E-005 9.98922E-005 9.98922E-005 9.98922E-005 9.98922E-005 9.98922E-005 9.98922E-005 9.98922E-005
9.99102E-005 9.99102E-005 9.99102E-005 0.814767 9.99102E-005 0.13725 9.99102E-005 9.99102E-005 9.99102E-005 9.99102E-005 9.99102E-005 0.0469842 9.99102E-005
9.99281E-005 0.833302 9.99281E-005 0.0723888 9.99281E-005 0.0276477 0.0172299 9.99281E-005 9.99281E-005 9.99281E-005 9.99281E-005 0.0486319 9.99281E-005
9.98919E-005 9.98919E-005 9.98919E-005 9.98919E-005 9.98919E-005 0.998801 9.98919E-005 9.98919E-005 9.98919E-005 9.98919E-005 9.98919E-005 9.98919E-005 9.98919E-005
9.99011E-005 9.99011E-005 9.99011E-005 0.0581472 9.99011E-005 0.940754 9.99011E-005 9.99011E-005 9.99011E-005 9.99011E-005 9.99011E-005 9.99011E-005 9.99011E-005
9.98922E-005 9.98922E-005 9.98922E-005 9.98922E-005 9.98922E-005 0.998801 9.98922E-005 9.98922E-005 9.98922E-005 9.98922E-005 9.98922E-005 9.98922E-005 9.98922E-005
9.99461E-005 0.7303 9.99461E-005 9.99461E-005 0.0241186 0.085446 9.99461E-005 0.0646106 0.00881598 0.0602596 9.99461E-005 9.99461E-005 0.0258493
9.99101E-005 9.99101E-005 9.99101E-005 0.273515 9.99101E-005 0.714653 9.99101E-005 9.99101E-005 9.99101E-005 9.99101E-005 0.0108329 9.99101E-005 9.99101E-005
9.99192E-005 0.674378 9.99192E-005 0.272839 9.99192E-005 0.0177904 9.99192E-005 9.99192E-005 9.99192E-005 0.0340935 9.99192E-005 9.99192E-005 9.99192E-005
9.98921E-005 9.98921E-005 9.98921E-005 9.98921E-005 9.98921E-005 0.998801 9.98921E-005 9.98921E-005 9.98921E-005 9.98921E-005 9.98921E-005 9.98921E-005 9.98921E-005
9.99192E-005 9.99192E-005 0.0319522 0.82973 0.0553252 0.0820928 9.99192E-005 9.99192E-005 9.99192E-005 9.99192E-005 9.99192E-005 9.99192E-005 9.99192E-005
9.99102E-005 9.99102E-005 9.99102E-005 0.0183657 9.99102E-005 0.979936 9.99102E-005 9.99102E-005 0.000698916 9.99102E-005 9.99102E-005 9.99102E-005 9.99102E-005
0.0661572 0.829495 9.99102E-005 9.99102E-005 9.99102E-005 0.103349 9.99102E-005 9.99102E-005 9.99102E-005 9.99102E-005 9.99102E-005 9.99102E-005 9.99102E-005
9.99102E-005 0.724926 9.99102E-005 9.99102E-005 0.0171962 0.256879 9.99102E-005 9.99102E-005 9.99102E-005 9.99102E-005 9.99102E-005 9.99102E-005 9.99102E-005
0.000487294 0.750527 0.0246499 0.0278384 0.0165816 0.154566 9.99551E-005 0.00653436 9.99551E-005 9.99551E-005 9.99551E-005 9.99551E-005 0.0183157
9.99012E-005 9.99012E-005 9.99012E-005 0.993643 9.99012E-005 0.00525787 9.99012E-005 9.99012E-005 9.99012E-005 9.99012E-005 9.99012E-005 9.99012E-005 9.99012E-005
9.99372E-005 0.760682 9.99372E-005 0.0621725 0.0095849 0.0975283 9.99372E-005 9.99372E-005 0.0060799 0.0632524 9.99372E-005 9.99372E-005 9.99372E-005
0.0664378 9.99462E-005 9.99462E-005 0.0299483 9.99462E-005 9.99462E-005 9.99462E-005 0.682052 0.022306 9.99462E-005 0.151086 0.034452 0.0131185
9.98923E-005 9.98923E-005 9.98923E-005 9.98923E-005 9.98923E-005 9.98923E-005 9.98923E-005 0.998801 9.98923E-005 9.98923E-005 9.98923E-005 9.98923E-005 9.98923E-005
0.0985379 9.99462E-005 9.99462E-005 0.0766662 0.00444922 0.00291321 9.99462E-005 0.772852 0.0189994 9.99462E-005 9.99462E-005 9.99462E-005 0.024982
0.131263 9.99282E-005 9.99282E-005 0.0294745 0.00112958 9.99282E-005 0.0123279 0.825006 9.99282E-005 9.99282E-005 9.99282E-005 9.99282E-005 9.99282E-005
0.169194 0.0379726 9.99282E-005 9.99282E-005 9.99282E-005 0.0368781 9.99282E-005 0.732829 0.0223272 9.99282E-005 9.99282E-005 9.99282E-005 9.99282E-005
0.0180821 9.99192E-005 9.99192E-005 9.99192E-005 9.99192E-005 0.00622012 9.99192E-005 0.954002 9.99192E-005 0.020796 9.99192E-005 9.99192E-005 9.99192E-005
0.225897 0.0419266 9.99103E-005 9.99103E-005 9.99103E-005 9.99103E-005 9.99103E-005 0.731177 9.99103E-005 9.99103E-005 9.99103E-005 9.99103E-005 9.99103E-005
0.0658458 9.99372E-005 9.99372E-005 0.0413247 9.99372E-005 0.0133013 9.99372E-005 0.769292 9.99372E-005 0.0396566 0.0698796 9.99372E-005 9.99372E-005
0.0220639 0.0352339 9.99192E-005 9.99192E-005 9.99192E-005 0.0131469 9.99192E-005 0.928656 9.99192E-005 9.99192E-005 9.99192E-005 9.99192E-005 9.99192E-005
0.0295948 9.99551E-005 0.113629 9.99551E-005 0.0755124 0.0345436 9.99551E-005 0.072702 9.99551E-005 0.471987 0.0853846 9.99551E-005 0.116146
9.9893E-005 9.9893E-005 9.9893E-005 9.9893E-005 9.9893E-005 9.9893E-005 0.998801 9.9893E-005 9.9893E-005 9.9893E-005 9.9893E-005 9.9893E-005 9.9893E-005
9.99187E-005 9.99187E-005 9.99187E-005 9.99187E-005 9.99187E-005 9.99187E-005 0.910411 0.0580622 9.99187E-005 9.99187E-005 9.99187E-005 0.0106947 0.0199331
0.0811622 9.99013E-005 9.99013E-005 9.99013E-005 9.99013E-005 9.99013E-005 9.99013E-005 9.99013E-005 9.99013E-005 0.917739 9.99013E-005 9.99013E-005 9.99013E-005
9.99097E-005 9.99097E-005 9.99097E-005 9.99097E-005 9.99097E-005 9.99097E-005 0.553789 9.99097E-005 9.99097E-005 0.312797 9.99097E-005 9.99097E-005 0.132414
9.99013E-005 9.99013E-005 9.99013E-005 9.99013E-005 9.99013E-005 0.0293341 9.99013E-005 9.99013E-005 9.99013E-005 0.969567 9.99013E-005 9.99013E-005 9.99013E-005
9.99371E-005 9.99371E-005 0.0192164 0.177379 9.99371E-005 9.99371E-005 9.99371E-005 9.99371E-005 0.027096 0.739354 9.99371E-005 0.0176509 0.0186047
9.99371E-005 9.99371E-005 0.039618 9.99371E-005 9.99371E-005 0.025726 9.99371E-005 0.0943303 9.99371E-005 0.723514 0.0785871 0.0375252 9.99371E-005
9.99103E-005 9.99103E-005 9.99103E-005 9.99103E-005 9.99103E-005 9.99103E-005 9.99103E-005 9.99103E-005 9.99103E-005 0.888037 0.0718749 9.99103E-005 0.0390893
9.99103E-005 9.99103E-005 9.99103E-005 9.99103E-005 9.99103E-005 9.99103E-005 9.99103E-005 0.00542933 9.99103E-005 0.993347 0.000224412 9.99103E-005 9.99103E-005
0.0805872 9.99281E-005 9.99281E-005 9.99281E-005 9.99281E-005 0.0470852 9.99281E-005 9.99281E-005 0.0642981 0.782638 9.99281E-005 9.99281E-005 0.0245925
9.99103E-005 9.99103E-005 9.99103E-005 9.99103E-005 0.0610208 9.99103E-005 9.99103E-005 9.99103E-005 0.00542255 0.932558 9.99103E-005 9.99103E-005 9.99103E-005
9.99012E-005 9.99012E-005 9.99012E-005 9.99012E-005 9.99012E-005 9.99012E-005 9.99012E-005 9.99012E-005 9.99012E-005 0.958379 9.99012E-005 0.040522 9.99012E-005
9.99102E-005 9.99102E-005 9.99102E-005 0.106832 9.99102E-005 9.99102E-005 9.99102E-005 9.99102E-005 9.99102E-005 0.876954 9.99102E-005 9.99102E-005 0.0152154
9.99192E-005 0.0580735 0.909077 9.99192E-005 0.0120652 9.99192E-005 9.99192E-005 9.99192E-005 9.99192E-005 9.99192E-005 0.0198849 9.99192E-005 9.99192E-005
9.99102E-005 0.086117 0.840666 9.99102E-005 0.0722182 9.99102E-005 9.99102E-005 9.99102E-005 9.99102E-005 9.99102E-005 9.99102E-005 9.99102E-005 9.99102E-005
9.99282E-005 9.99282E-005 0.779086 9.99282E-005 0.0911162 0.0060316 9.99282E-005 0.0555844 9.99282E-005 0.0673819 9.99282E-005 9.99282E-005 9.99282E-005
9.99192E-005 9.99192E-005 0.642956 9.99192E-005 9.99192E-005 9.99192E-005 9.99192E-005 9.99192E-005 0.277555 9.99192E-005 9.99192E-005 0.0545141 0.0240754
9.99281E-005 9.99281E-005 0.44357 9.99281E-005 9.99281E-005 0.0223192 9.99281E-005 9.99281E-005 0.288103 9.99281E-005 9.99281E-005 0.0662121 0.178997
9.99014E-005 9.99014E-005 9.99014E-005 9.99014E-005 9.99014E-005 9.99014E-005 9.99014E-005 9.99014E-005 0.980903 0.0179981 9.99014E-005 9.99014E-005 9.99014E-005
9.98921E-005 9.98921E-005 9.98921E-005 9.98921E-005 9.98921E-005 9.98921E-005 9.98921E-005 9.98921E-005 0.998801 9.98921E-005 9.98921E-005 9.98921E-005 9.98921E-005
9.99192E-005 9.99192E-005 0.536925 0.041342 9.99192E-005 9.99192E-005 9.99192E-005 9.99192E-005 0.316756 9.99192E-005 9.99192E-005 0.104078 9.99192E-005
9.99192E-005 9.99192E-005 0.47676 9.99192E-005 9.99192E-005 9.99192E-005 9.99192E-005 9.99192E-005 0.315534 9.99192E-005 9.99192E-005 0.125766 0.0810403
9.99102E-005 0.0508029 9.99102E-005 9.99102E-005 9.99102E-005 9.99102E-005 9.99102E-005 9.99102E-005 0.942345 9.99102E-005 0.00585278 9.99102E-005 9.99102E-005
9.98922E-005 9.98922E-005 9.98922E-005 9.98922E-005 9.98922E-005 9.98922E-005 9.98922E-005 9.98922E-005 0.998801 9.98922E-005 9.98922E-005 9.98922E-005 9.98922E-005
9.99201E-005 0.0596123 0.619658 9.99201E-005 9.99201E-005 9.99201E-005 9.99201E-005 9.99201E-005 0.2554 9.99201E-005 9.99201E-005 0.0569264 0.00760407
9.99192E-005 9.99192E-005 9.99192E-005 9.99192E-005 9.99192E-005 0.00132491 9.99192E-005 0.0080068 0.959284 0.0304854 9.99192E-005 9.99192E-005 9.99192E-005
9.99101E-005 9.99101E-005 0.0212919 9.99101E-005 9.99101E-005 9.99101E-005 0.0127231 9.99101E-005 0.964986 9.99101E-005 9.99101E-005 9.99101E-005 9.99101E-005
9.99013E-005 9.99013E-005 9.99013E-005 9.99013E-005 9.99013E-005 9.99013E-005 0.00100076 9.99013E-005 0.9979 9.99013E-005 9.99013E-005 9.99013E-005 9.99013E-005
9.99102E-005 9.99102E-005 0.0905649 9.99102E-005 0.0083603 9.99102E-005 9.99102E-005 9.99102E-005 0.900076 9.99102E-005 9.99102E-005 9.99102E-005 9.99102E-005
9.99012E-005 9.99012E-005 9.99012E-005 9.99012E-005 9.99012E-005 0.0314655 9.99012E-005 9.99012E-005 0.967436 9.99012E-005 9.99012E-005 9.99012E-005 9.99012E-005
0.0230574 0.975844 9.99013E-005 9.99013E-005 9.99013E-005 9.99013E-005 9.99013E-005 9.99013E-005 9.99013E-005 9.99013E-005 9.99013E-005 9.99013E-005 9.99013E-005
0.0954376 9.99371E-005 0.0163489 9.99371E-005 0.0364099 0.0166252 0.00183495 0.832644 9.99371E-005 9.99371E-005 9.99371E-005 9.99371E-005 9.99371E-005
0.00623005 9.99192E-005 9.99192E-005 9.99192E-005 0.0224965 0.0416674 9.99192E-005 0.928707 9.99192E-005 9.99192E-005 9.99192E-005 9.99192E-005 9.99192E-005
9.99013E-005 9.99013E-005 9.99013E-005 9.99013E-005 9.99013E-005 9.99013E-005 9.99013E-005 9.99013E-005 0.00897687 9.99013E-005 9.99013E-005 9.99013E-005 0.989924
9.99103E-005 9.99103E-005 9.99103E-005 9.99103E-005 9.99103E-005 9.99103E-005 9.99103E-005 9.99103E-005 0.0556488 9.99103E-005 9.99103E-005 0.0553186 0.888033
9.99103E-005 9.99103E-005 9.99103E-005 9.99103E-005 9.99103E-005 9.99103E-005 9.99103E-005 9.99103E-005 0.0214693 9.99103E-005 9.99103E-005 0.112577 0.864954
0.03654 9.99102E-005 9.99102E-005 9.99102E-005 9.99102E-005 9.99102E-005 9.99102E-005 9.99102E-005 9.99102E-005 9.99102E-005 9.99102E-005 0.0839215 0.878539
9.99282E-005 9.99282E-005 9.99282E-005 9.99282E-005 9.99282E-005 0.00354801 9.99282E-005 9.99282E-005 0.0175993 0.030402 9.99282E-005 0.332307 0.615345
9.99191E-005 9.99191E-005 0.0232734 0.029073 9.99191E-005 9.99191E-005 9.99191E-005 9.99191E-005 9.99191E-005 9.99191E-005 9.99191E-005 0.166227 0.780528
9.99283E-005 0.00452534 9.99283E-005 9.99283E-005 9.99283E-005 0.0487875 9.99283E-005 9.99283E-005 0.0110178 9.99283E-005 9.99283E-005 0.276931 0.657939
9.99282E-005 9.99282E-005 9.99282E-005 9.99282E-005 0.0060183 9.99282E-005 9.99282E-005 0.00901596 9.99282E-005 0.0626469 9.99282E-005 0.327282 0.594238
9.99192E-005 0.0626744 9.99192E-005 0.00666206 9.99192E-005 9.99192E-005 9.99192E-005 9.99192E-005 9.99192E-005 9.99192E-005 9.99192E-005 0.0408208 0.888943
0.00853724 9.99371E-005 9.99371E-005 9.99371E-005 9.99371E-005 0.000399477 9.99371E-005 9.99371E-005 9.99371E-005 0.00928146 0.0332844 0.0788011 0.868997
0.0180552 9.99193E-005 9.99193E-005 9.99193E-005 0.00551705 9.99193E-005 9.99193E-005 9.99193E-005 9.99193E-005 9.99193E-005 9.99193E-005 0.00539125 0.970137
9.99282E-005 9.99282E-005 9.99282E-005 0.0501353 9.99282E-005 9.99282E-005 0.0156108 9.99282E-005 9.99282E-005 0.0388242 9.99282E-005 0.114745 0.779886
9.99192E-005 9.99192E-005 9.99192E-005 9.99192E-005 0.0180333 9.99192E-005 9.99192E-005 9.99192E-005 9.99192E-005 0.0144144 9.99192E-005 0.0245354 0.942118
9.99102E-005 9.99102E-005 9.99102E-005 9.99102E-005 9.99102E-005 9.99102E-005 9.99102E-005 9.99102E-005 0.0345074 9.99102E-005 9.99102E-005 0.157758 0.806736
9.99192E-005 9.99192E-005 0.00601503 9.99192E-005 0.0536124 9.99192E-005 9.99192E-005 9.99192E-005 9.99192E-005 9.99192E-005 9.99192E-005 0.132046 0.807428
0.0503025 9.99192E-005 9.99192E-005 9.99192E-005 9.99192E-005 0.0193137 9.99192E-005 9.99192E-005 9.99192E-005 9.99192E-005 9.99192E-005 0.276434 0.653051
9.99102E-005 9.99102E-005 9.99102E-005 9.99102E-005 9.99102E-005 9.99102E-005 9.99102E-005 9.99102E-005 0.0434682 9.99102E-005 9.99102E-005 0.079675 0.875858
0.00737192 0.0110105 0.017536 9.99372E-005 9.99372E-005 9.99372E-005 9.99372E-005 0.0171963 9.99372E-005 9.99372E-005 9.99372E-005 0.164148 0.782038
9.99104E-005 9.99104E-005 9.99104E-005 9.99104E-005 9.99104E-005 9.99104E-005 9.99104E-005 9.99104E-005 9.99104E-005 0.00812483 9.99104E-005 0.0990286 0.891847
9.99192E-005 9.99192E-005 9.99192E-005 0.093719 9.99192E-005 9.99192E-005 9.99192E-005 9.99192E-005 0.0252467 9.99192E-005 9.99192E-005 0.374165 0.50597
9.99192E-005 9.99192E-005 9.99192E-005 0.0377372 9.99192E-005 9.99192E-005 9.99192E-005 9.99192E-005 0.0159157 9.99192E-005 9.99192E-005 0.35843 0.587018
0.0339023 9.99193E-005 9.99193E-005 9.99193E-005 9.99193E-005 9.99193E-005 9.99193E-005 9.99193E-005 0.0088278 9.99193E-005 0.027765 9.99193E-005 0.928606
9.99192E-005 9.99192E-005 9.99192E-005 9.99192E-005 0.0192994 9.99192E-005 9.99192E-005 9.99192E-005 0.0139854 9.99192E-005 9.99192E-005 0.45082 0.514996
9.99282E-005 9.99282E-005 9.99282E-005 9.99282E-005 0.0393699 0.0176487 9.99282E-005 9.99282E-005 9.99282E-005 0.0533842 9.99282E-005 0.0604383 0.828359
9.99102E-005 9.99102E-005 0.0238302 9.99102E-005 9.99102E-005 9.99102E-005 9.99102E-005 9.99102E-005 9.99102E-005 9.99102E-005 9.99102E-005 0.171541 0.803629
9.99192E-005 9.99192E-005 9.99192E-005 9.99192E-005 0.0907839 9.99192E-005 0.00274625 9.99192E-005 9.99192E-005 9.99192E-005 9.99192E-005 0.0883799 0.817191
9.99191E-005 9.99191E-005 0.674273 9.99191E-005 9.99191E-005 9.99191E-005 9.99191E-005 9.99191E-005 0.232635 9.99191E-005 9.99191E-005 0.0292951 0.0628979
9.99371E-005 0.0691425 0.581613 0.17364 9.99371E-005 9.99371E-005 0.00954343 9.99371E-005 0.103249 9.99371E-005 9.99371E-005 9.99371E-005 0.0621117
9.99372E-005 0.0137076 0.534038 9.99372E-005 9.99372E-005 0.00734146 9.99372E-005 9.99372E-005 0.178726 9.99372E-005 9.99372E-005 0.0471277 0.21836
0.715376 0.126471 9.99192E-005 9.99192E-005 9.99192E-005 9.99192E-005 9.99192E-005 9.99192E-005 0.0321675 9.99192E-005 0.125086 9.99192E-005 9.99192E-005
0.998801 9.98919E-005 9.98919E-005 9.98919E-005 9.98919E-005 9.98919E-005 9.98919E-005 9.98919E-005 9.98919E-005 9.98919E-005 9.98919E-005 9.98919E-005 9.98919E-005
0.953566 9.99193E-005 9.99193E-005 9.99193E-005 0.0191902 0.00716303 9.99193E-005 9.99193E-005 9.99193E-005 0.0191818 9.99193E-005 9.99193E-005 9.99193E-005
0.994134 9.99011E-005 9.99011E-005 9.99011E-005 9.99011E-005 0.00476739 9.99011E-005 9.99011E-005 9.99011E-005 9.99011E-005 9.99011E-005 9.99011E-005 9.99011E-005
0.949736 9.99013E-005 9.99013E-005 9.99013E-005 9.99013E-005 9.99013E-005 9.99013E-005 0.0491647 9.99013E-005 9.99013E-005 9.99013E-005 9.99013E-005 9.99013E-005
0.998801 9.98922E-005 9.98922E-005 9.98922E-005 9.98922E-005 9.98922E-005 9.98922E-005 9.98922E-005 9.98922E-005 9.98922E-005 9.98922E-005 9.98922E-005 9.98922E-005
0.483809 0.200106 9.99462E-005 9.99462E-005 9.99462E-005 0.0225031 0.00924268 0.141287 0.0290468 9.99462E-005 0.113405 9.99462E-005 9.99462E-005
9.99102E-005 9.99102E-005 9.99102E-005 9.99102E-005 9.99102E-005 0.000160033 0.0267877 0.972053 9.99102E-005 9.99102E-005 9.99102E-005 9.99102E-005 9.99102E-005
9.98923E-005 9.98923E-005 9.98923E-005 9.98923E-005 9.98923E-005 9.98923E-005 9.98923E-005 0.998801 9.98923E-005 9.98923E-005 9.98923E-005 9.98923E-005 9.98923E-005
9.99282E-005 9.99282E-005 9.99282E-005 0.0660132 9.99282E-005 0.0500793 9.99282E-005 0.83702 0.0235013 9.99282E-005 0.0225871 9.99282E-005 9.99282E-005
0.143479 0.406908 9.99193E-005 9.99193E-005 9.99193E-005 9.99193E-005 9.99193E-005 9.99193E-005 9.99193E-005 9.99193E-005 9.99193E-005 0.230897 0.217816
0.022912 0.227209 9.9964E-005 9.9964E-005 0.179555 0.0467746 0.0618508 0.0225657 9.9964E-005 0.122732 0.268238 0.0477639 9.9964E-005
0.0160293 9.99548E-005 9.99548E-005 9.99548E-005 0.0432183 0.0371821 0.719104 9.99548E-005 0.040729 9.99548E-005 0.0818645 0.0426969 0.0186764
9.99192E-005 9.99192E-005 0.915287 9.99192E-005 9.99192E-005 0.0012997 9.99192E-005 9.99192E-005 9.99192E-005 0.0664445 9.99192E-005 9.99192E-005 0.0160694
9.99102E-005 9.99102E-005 0.788363 9.99102E-005 9.99102E-005 9.99102E-005 9.99102E-005 9.99102E-005 9.99102E-005 0.0724427 0.138195 9.99102E-005 9.99102E-005
9.99095E-005 9.99095E-005 9.99095E-005 9.99095E-005 9.99095E-005 9.99095E-005 0.661226 9.99095E-005 9.99095E-005 9.99095E-005 9.99095E-005 0.126491 0.211284
9.995E-005 9.995E-005 0.0133215 0.0118782 9.995E-005 0.00278039 9.995E-005 9.995E-005 0.00159126 0.0100217 0.00865551 0.242503 0.708749
9.98922E-005 9.98922E-005 9.98922E-005 9.98922E-005 9.98922E-005 9.98922E-005 9.98922E-005 9.98922E-005 9.98922E-005 9.98922E-005 9.98922E-005 0.998801 9.98922E-005
9.99461E-005 0.0206878 9.99461E-005 0.0308309 9.99461E-005 0.00570869 0.0542663 9.99461E-005 9.99461E-005 9.99461E-005 0.00266474 0.288246 0.596996
9.98918E-005 9.98918E-005 9.98918E-005 9.98918E-005 9.98918E-005 9.98918E-005 9.98918E-005 9.98918E-005 9.98918E-005 9.98918E-005 9.98918E-005 0.998801 9.98918E-005
0.0311604 9.99102E-005 9.99102E-005 9.99102E-005 9.99102E-005 9.99102E-005 9.99102E-005 9.99102E-005 9.99102E-005 9.99102E-005 9.99102E-005 0.00923751 0.958603
9.99372E-005 9.99372E-005 0.00683799 9.99372E-005 0.011351 9.99372E-005 9.99372E-005 9.99372E-005 0.0121588 0.0138089 9.99372E-005 0.108957 0.846186
0.0258966 9.99282E-005 9.99282E-005 9.99282E-005 9.99282E-005 9.99282E-005 9.99282E-005 9.99282E-005 0.00737703 9.99282E-005 0.011721 0.0986657 0.85554
9.98918E-005 9.98918E-005 9.98918E-005 9.98918E-005 9.98918E-005 9.98918E-005 9.98918E-005 9.98918E-005 9.98918E-005 9.98918E-005 9.98918E-005 0.998801 9.98918E-005
9.99282E-005 0.0106751 9.99282E-005 9.99282E-005 9.99282E-005 9.99282E-005 9.99282E-005 0.0311672 0.00379405 9.99282E-005 9.99282E-005 0.138537 0.815027
9.99282E-005 9.99282E-005 9.99282E-005 9.99282E-005 9.99282E-005 0.00239154 9.99282E-005 0.00706995 0.0291041 9.99282E-005 9.99282E-005 0.10911 0.851525
0.000192831 0.0282848 9.99193E-005 9.99193E-005 9.99193E-005 9.99193E-005 9.99193E-005 9.99193E-005 9.99193E-005 9.99193E-005 9.99193E-005 0.38159 0.589033
9.99371E-005 0.0125059 9.99371E-005 0.0151428 9.99371E-005 9.99371E-005 9.99371E-005 0.000311967 0.032197 9.99371E-005 9.99371E-005 0.439906 0.499237
9.99102E-005 9.99102E-005 9.99102E-005 0.0807743 9.99102E-005 9.99102E-005 9.99102E-005 9.99102E-005 9.99102E-005 9.99102E-005 9.99102E-005 0.38595 0.532276
9.99282E-005 0.0272143 9.99282E-005 0.00617545 9.99282E-005 0.0172497 9.99282E-005 9.99282E-005 9.99282E-005 9.99282E-005 9.99282E-005 0.0723889 0.876172
9.99103E-005 9.99103E-005 9.99103E-005 9.99103E-005 9.99103E-005 9.99103E-005 9.99103E-005 9.99103E-005 9.99103E-005 0.0771423 9.99103E-005 0.424402 0.497456
0.124672 0.0410359 9.99462E-005 0.67893 0.0830939 0.0134142 9.99462E-005 9.99462E-005 0.0252903 9.99462E-005 9.99462E-005 0.0329643 9.99462E-005
0.00188186 0.444018 9.99192E-005 0.406454 0.146746 9.99192E-005 9.99192E-005 9.99192E-005 9.99192E-005 9.99192E-005 9.99192E-005 9.99192E-005 9.99192E-005
9.99192E-005 9.99192E-005 9.99192E-005 0.773823 0.159382 9.99192E-005 9.99192E-005 0.0585552 0.00733999 9.99192E-005 9.99192E-005 9.99192E-005 9.99192E-005
9.99014E-005 9.99014E-005 9.99014E-005 0.000814636 9.99014E-005 9.99014E-005 9.99014E-005 0.998086 9.99014E-005 9.99014E-005 9.99014E-005 9.99014E-005 9.99014E-005
9.99103E-005 9.99103E-005 9.99103E-005 9.99103E-005 0.0162141 0.0156675 9.99103E-005 0.967119 9.99103E-005 9.99103E-005 9.99103E-005 9.99103E-005 9.99103E-005
9.99104E-005 9.99104E-005 9.99104E-005 0.11588 9.99104E-005 9.99104E-005 9.99104E-005 0.869087 9.99104E-005 0.0140341 9.99104E-005 9.99104E-005 9.99104E-005
0.0537637 9.99372E-005 0.00349689 0.0149742 9.99372E-005 0.035388 9.99372E-005 0.853526 9.99372E-005 9.99372E-005 0.0381514 9.99372E-005 9.99372E-005
9.99192E-005 9.99192E-005 0.807367 0.0585755 0.0536324 9.99192E-005 9.99192E-005 9.99192E-005 9.99192E-005 0.0795263 9.99192E-005 9.99192E-005 9.99192E-005
0.00340307 9.99461E-005 0.809311 9.99461E-005 0.0338491 0.0203416 9.99461E-005 0.0131959 9.99461E-005 0.117269 0.00203126 9.99461E-005 9.99461E-005
0.0449179 9.99282E-005 0.855596 9.99282E-005 0.0162894 9.99282E-005 9.99282E-005 0.0352384 9.99282E-005 9.99282E-005 0.0471589 9.99282E-005 9.99282E-005
9.99192E-005 0.848906 0.0081371 9.99192E-005 9.99192E-005 0.024582 9.99192E-005 9.99192E-005 9.99192E-005 9.99192E-005 0.117476 9.99192E-005 9.99192E-005
9.99103E-005 0.914791 9.99103E-005 0.0317444 0.0524657 9.99103E-005 9.99103E-005 9.99103E-005 9.99103E-005 9.99103E-005 9.99103E-005 9.99103E-005 9.99103E-005
9.99192E-005 0.817729 9.99192E-005 9.99192E-005 9.99192E-005 9.99192E-005 9.99192E-005 9.99192E-005 9.99192E-005 0.00865921 0.113058 9.99192E-005 0.0596546
9.99192E-005 0.00335939 9.99192E-005 0.92894 9.99192E-005 9.99192E-005 0.0237853 9.99192E-005 9.99192E-005 9.99192E-005 9.99192E-005 9.99192E-005 0.0430158
