9.9982E-005 0.0361297 0.788058 0.175613 9.9982E-005
9.9982E-005 0.0433734 0.833722 0.122705 9.9982E-005
9.9982E-005 0.0689703 0.754049 0.176781 9.9982E-005
0.0272149 0.0774205 0.665841 0.229424 9.9991E-005
9.9982E-005 0.0424622 0.689468 0.26787 9.9982E-005
9.9982E-005 0.00381812 0.921156 0.0748259 9.9982E-005
9.9982E-005 0.0706948 0.871054 0.058051 9.9982E-005
0.0498097 0.00219448 0.75168 0.196216 9.9991E-005
0.0151747 0.0300971 0.824121 0.0727594 0.0578475
9.999E-005 0.0298882 0.716509 0.176429 0.0770737
9.9982E-005 9.9982E-005 0.836777 0.102387 0.0606359
9.9982E-005 0.139239 0.524858 0.335704 9.9982E-005
0.0425264 0.0481407 0.663809 0.245424 9.9991E-005
0.0349811 9.9991E-005 0.617006 0.321881 0.0260317
0.0793051 0.0756562 0.565678 0.196477 0.0828836
0.0415158 0.0605715 0.61561 0.282203 9.9991E-005
9.9982E-005 0.0618782 0.627812 0.310109 9.9982E-005
9.9982E-005 0.05352 0.58812 0.35816 9.9982E-005
0.00136892 0.73114 0.0825058 0.184479 0.000506121
0.00812282 0.41828 0.233643 0.325556 0.0143973
9.999E-005 0.523356 0.15948 0.301047 0.0160161
9.999E-005 0.56127 0.196139 0.180683 0.0618082
9.999E-005 0.459781 0.190565 0.225773 0.123781
9.997E-005 0.9996 9.997E-005 9.997E-005 9.997E-005
9.997E-005 0.9996 9.997E-005 9.997E-005 9.997E-005
9.997E-005 0.9996 9.997E-005 9.997E-005 9.997E-005
0.0489059 0.390964 0.173802 0.308576 0.0777522
0.0169305 0.964243 9.9982E-005 0.0186264 9.9982E-005
0.0579704 0.402119 0.323997 0.215813 9.9991E-005
9.997E-005 0.9996 9.997E-005 9.997E-005 9.997E-005
0.0555376 0.521187 0.259622 0.163553 9.9991E-005
9.997E-005 0.9996 9.997E-005 9.997E-005 9.997E-005
0.0339697 0.462774 0.155048 0.339809 0.00839945
0.014791 0.605699 0.127762 0.198667 0.0530809
0.0479582 0.507232 0.0795653 0.294971 0.0702741
0.0433368 0.530544 0.206627 0.219392 9.9991E-005
0.0348573 0.434173 0.283969 0.182164 0.0648363
0.0166715 0.000823442 0.0934891 0.847094 0.0419219
9.997E-005 9.997E-005 9.997E-005 0.9996 9.997E-005
0.0231259 0.0387514 9.9991E-005 0.910478 0.0275446
9.997E-005 9.997E-005 9.997E-005 0.9996 9.997E-005
0.0340953 0.0269541 9.9982E-005 0.938751 9.9982E-005
0.00557867 0.0169948 9.9982E-005 0.977227 9.9982E-005
9.997E-005 9.997E-005 9.997E-005 0.9996 9.997E-005
9.9991E-005 0.0369838 0.0324662 0.910963 0.0194871
9.99731E-005 0.00626413 9.99731E-005 0.993436 9.99731E-005
0.0570646 0.0401225 0.479986 0.1162 0.306627
9.997E-005 9.997E-005 0.9996 9.997E-005 9.997E-005
9.99822E-005 0.0349165 0.501721 9.99822E-005 0.463163
0.157818 9.9991E-005 0.51529 0.0572041 0.269588
9.99731E-005 9.99731E-005 0.471689 9.99731E-005 0.528012
0.13676 0.0195961 0.582225 9.9991E-005 0.261319
0.135298 0.0363786 0.483677 0.0445243 0.300122
0.0869619 0.0585177 0.496836 0.0973252 0.260359
0.0772957 9.9982E-005 0.588637 9.9982E-005 0.333867
0.0652776 9.9982E-005 0.653673 9.9982E-005 0.28085
0.148633 0.0758431 0.485681 0.0142607 0.275583
0.142224 9.9982E-005 0.619396 9.9982E-005 0.23818
0.107041 9.9982E-005 0.537238 9.9982E-005 0.355521
0.114612 0.0245226 0.545705 9.9991E-005 0.315061
0.322209 0.0888832 0.343929 0.00914494 0.235833
0.347194 0.0609239 0.363881 0.0368875 0.191113
0.313871 0.0345127 0.358591 0.0782287 0.214797
0.614295 0.0268572 0.0844904 9.9991E-005 0.274257
0.518291 0.079397 9.9991E-005 0.0198143 0.382398
0.9996 9.997E-005 9.997E-005 9.997E-005 9.997E-005
0.9996 9.997E-005 9.997E-005 9.997E-005 9.997E-005
0.634274 0.0228567 0.0683537 0.0517137 0.222802
0.612658 0.0227313 0.0338574 9.9991E-005 0.330654
0.991073 9.9973E-005 9.9973E-005 0.00862706 9.9973E-005
0.9996 9.997E-005 9.997E-005 9.997E-005 9.997E-005
0.578309 0.0479322 0.143426 9.9991E-005 0.230233
0.9996 9.997E-005 9.997E-005 9.997E-005 9.997E-005
0.9996 9.997E-005 9.997E-005 9.997E-005 9.997E-005
0.9996 9.997E-005 9.997E-005 9.997E-005 9.997E-005
0.9996 9.997E-005 9.997E-005 9.997E-005 9.997E-005
0.972458 0.0272424 9.9973E-005 9.9973E-005 9.9973E-005
0.00868678 0.377579 0.201189 0.363067 0.0494785
0.00241293 0.0348265 9.9982E-005 0.962561 9.9982E-005
9.9973E-005 0.0727314 9.9973E-005 0.926969 9.9973E-005
0.0273554 9.99731E-005 9.99731E-005 9.99731E-005 0.972345
0.0602886 9.99731E-005 9.99731E-005 9.99731E-005 0.939411
0.0299159 9.99731E-005 9.99731E-005 9.99731E-005 0.969784
9.99731E-005 9.99731E-005 9.99731E-005 0.00765844 0.992042
0.0144831 9.99821E-005 0.00481445 9.99821E-005 0.980502
9.9973E-005 0.0302034 9.9973E-005 9.9973E-005 0.969497
9.99731E-005 0.0647073 9.99731E-005 9.99731E-005 0.934993
0.0330207 9.9991E-005 0.0132918 0.0116845 0.941903
9.9982E-005 0.0361108 9.9982E-005 0.00388763 0.959802
9.9973E-005 9.9973E-005 0.0281941 9.9973E-005 0.971506
9.99821E-005 0.00981222 9.99821E-005 0.000875109 0.989113
0.0428361 9.99731E-005 9.99731E-005 9.99731E-005 0.956864
0.00101729 9.9982E-005 0.00793982 9.9982E-005 0.990843
0.0255998 9.9973E-005 9.9973E-005 9.9973E-005 0.9741
9.997E-005 9.997E-005 9.997E-005 9.997E-005 0.9996
9.9991E-005 0.0221488 0.00706746 0.0303739 0.94031
0.0595426 9.99731E-005 9.99731E-005 9.99731E-005 0.940157
0.00016909 9.9982E-005 9.9982E-005 0.0340406 0.96559
0.0104811 9.99731E-005 9.99731E-005 9.99731E-005 0.989219
0.0241584 0.0477133 9.9982E-005 9.9982E-005 0.927928
0.0219801 0.00992705 9.9982E-005 9.9982E-005 0.967893
0.0329359 9.9991E-005 0.0180424 0.0266307 0.922291
9.99731E-005 0.00125371 9.99731E-005 9.99731E-005 0.998446
9.9982E-005 0.0176617 0.0526511 9.9982E-005 0.929487
0.00385837 9.99731E-005 9.99731E-005 9.99731E-005 0.995842
9.9982E-005 0.0193427 0.0309893 9.9982E-005 0.949468
0.619983 0.0421634 0.0503037 9.9991E-005 0.28745
0.379549 0.176273 0.189504 0.0264896 0.228184
0.448407 0.0786455 0.0329305 0.0423319 0.397685
0.0762422 0.0364978 0.220037 0.667123 9.9991E-005
9.9982E-005 9.9982E-005 0.169625 0.821631 0.00854467
0.0293343 0.0289757 0.214866 0.724161 0.00266258
0.0184153 0.0750569 0.211008 0.69542 9.9991E-005
0.0484676 9.99821E-005 0.159648 0.791685 9.99821E-005
9.99821E-005 0.027115 0.222541 0.750144 9.99821E-005
0.0514995 0.10599 0.227692 0.614719 9.9991E-005
9.99731E-005 0.0171553 9.99731E-005 0.982545 9.99731E-005
9.997E-005 9.997E-005 9.997E-005 0.9996 9.997E-005
0.0303073 0.0983768 9.9982E-005 0.871116 9.9982E-005
9.99821E-005 0.178877 9.99821E-005 0.320294 0.500629
9.9991E-005 0.151172 0.549405 0.179428 0.119895
9.99821E-005 0.0775161 0.519442 9.99821E-005 0.402842
0.275782 0.0319822 0.349959 9.9991E-005 0.342176
0.361058 0.0281131 0.434579 9.9991E-005 0.17615
9.99732E-005 9.99732E-005 0.0627951 9.99732E-005 0.936905
0.0194481 0.0101743 9.9991E-005 0.00075671 0.969521
9.99731E-005 9.99731E-005 9.99731E-005 0.0265017 0.973198
0.00760796 0.0210172 0.03513 9.9991E-005 0.936145
9.997E-005 9.997E-005 9.997E-005 9.997E-005 0.9996
9.9982E-005 0.00857948 0.00174132 9.9982E-005 0.989479
0.02254 9.99731E-005 9.99731E-005 9.99731E-005 0.97716
0.0134796 9.9982E-005 9.9982E-005 0.0165063 0.969814
9.997E-005 9.997E-005 9.997E-005 9.997E-005 0.9996
9.99731E-005 9.99731E-005 9.99731E-005 0.0445231 0.955177
0.043911 9.99731E-005 9.99731E-005 9.99731E-005 0.955789
9.99731E-005 9.99731E-005 9.99731E-005 0.00604557 0.993655
0.0236456 9.9982E-005 9.9982E-005 0.0251112 0.951043
9.9982E-005 0.0140955 9.9982E-005 0.0532418 0.932463
9.99731E-005 0.0483318 9.99731E-005 9.99731E-005 0.951368
9.99821E-005 0.00593728 0.0169297 9.99821E-005 0.976933
0.0878805 0.355603 0.152743 0.387301 0.0164728
0.025789 0.355592 0.275213 0.309881 0.0335252
0.0644532 0.374433 0.233324 0.321935 0.00585436
9.997E-005 9.997E-005 9.997E-005 0.9996 9.997E-005
9.99731E-005 0.0322363 9.99731E-005 0.967464 9.99731E-005
9.99731E-005 0.00175428 9.99731E-005 0.997946 9.99731E-005
9.9982E-005 0.0497586 0.0311017 0.91894 9.9982E-005
0.309322 0.0231355 0.436646 9.9991E-005 0.230796
0.313067 0.0382487 0.401742 0.0108769 0.236065
0.338681 0.0368145 0.342302 0.0861107 0.196092
0.0127129 0.394896 0.244086 0.295115 0.0531899
0.0280399 0.394004 0.272941 0.270941 0.0340737
0.0612182 0.270378 0.30125 0.264666 0.102488
0.0546299 0.369469 0.221389 0.250246 0.104266
