0.768973 9.9982E-005 0.204373 0.0264546 9.9982E-005
0.801947 9.9982E-005 0.156829 0.0410241 9.9982E-005
0.733375 9.9982E-005 0.21102 0.0554052 9.9982E-005
0.701793 9.9991E-005 0.228081 0.0519782 0.0180483
0.685895 9.9982E-005 0.303232 0.0106733 9.9982E-005
0.906551 9.9982E-005 0.0893296 0.00391898 9.9982E-005
0.859174 9.9982E-005 0.0797501 0.0608756 9.9982E-005
0.752222 9.9991E-005 0.186242 0.00327664 0.0581602
0.831629 0.0459423 0.0943577 0.0234915 0.00457937
0.702065 0.0677726 0.204484 0.0255787 9.9991E-005
0.810386 0.0406439 0.14877 9.9982E-005 9.9982E-005
0.516178 9.9982E-005 0.349982 0.13364 9.9982E-005
0.651806 9.9991E-005 0.269872 0.0513892 0.0268333
0.583515 0.0248243 0.357532 9.9991E-005 0.0340285
0.567546 0.0738412 0.218524 0.0612672 0.0788208
0.586707 9.9991E-005 0.331703 0.0382491 0.0432408
0.583162 9.9982E-005 0.353713 0.0629248 9.9982E-005
0.554479 9.9982E-005 0.39084 0.0544806 9.9982E-005
0.0633242 0.00219803 0.191276 0.743102 9.9991E-005
0.216258 0.0251757 0.331718 0.406458 0.0203902
0.176983 0.00429205 0.306068 0.512557 9.9991E-005
0.160324 0.063097 0.212269 0.561408 0.00290252
0.185811 0.116269 0.223648 0.474172 9.9991E-005
9.997E-005 9.997E-005 9.997E-005 0.9996 9.997E-005
9.997E-005 9.997E-005 9.997E-005 0.9996 9.997E-005
9.997E-005 9.997E-005 9.997E-005 0.9996 9.997E-005
0.186277 0.0819423 0.319746 0.381721 0.0303141
9.9982E-005 9.9982E-005 0.0192265 0.977868 0.00270565
0.309685 0.00299326 0.234084 0.422995 0.030243
9.997E-005 9.997E-005 9.997E-005 0.9996 9.997E-005
0.235819 0.0163944 0.185881 0.522285 0.0396211
9.997E-005 9.997E-005 9.997E-005 0.9996 9.997E-005
0.161652 9.9991E-005 0.344346 0.462063 0.0318398
0.108904 0.0339765 0.191226 0.616196 0.0496981
0.0854178 0.0694413 0.291997 0.512481 0.0406633
0.2374 9.9991E-005 0.229212 0.507919 0.0253693
0.284748 0.0767705 0.183931 0.443547 0.0110039
0.0465239 0.0552145 0.864881 0.0202575 0.0131236
9.997E-005 9.997E-005 0.9996 9.997E-005 9.997E-005
9.9991E-005 0.00560942 0.905523 0.0458688 0.0428986
9.997E-005 9.997E-005 0.9996 9.997E-005 9.997E-005
9.9982E-005 9.9982E-005 0.92697 0.0406209 0.032209
9.997E-005 9.997E-005 0.9996 9.997E-005 9.997E-005
9.99731E-005 9.99731E-005 0.997761 9.99731E-005 0.00193956
0.0751676 0.00502244 0.889306 0.0304042 9.9991E-005
9.997E-005 9.997E-005 0.9996 9.997E-005 9.997E-005
0.490748 0.293493 0.120911 0.0315605 0.0632878
0.9996 9.997E-005 9.997E-005 9.997E-005 9.997E-005
0.480321 0.45978 0.0290613 0.0307372 9.99911E-005
0.510575 0.284296 0.0789443 9.9991E-005 0.126085
0.499733 0.499967 9.99731E-005 9.99731E-005 9.99731E-005
0.600373 0.258322 9.9991E-005 0.0228162 0.118388
0.480481 0.288311 0.0621405 0.0300001 0.139067
0.54525 0.243238 0.0721639 0.0295938 0.109754
0.601971 0.315602 9.9982E-005 9.9982E-005 0.0822278
0.668947 0.276168 9.9982E-005 9.9982E-005 0.0546849
0.457461 0.274853 0.0461951 0.062407 0.159084
0.646754 0.22846 9.9982E-005 9.9982E-005 0.124586
0.557636 0.347007 9.9982E-005 9.9982E-005 0.0951563
0.582839 0.313914 9.9982E-005 9.9982E-005 0.103047
0.348028 0.234894 0.00908454 0.0828051 0.325188
0.348763 0.16699 0.0498726 0.0808523 0.353522
0.369991 0.195538 0.0860195 0.0313984 0.317054
0.0970261 0.264925 9.9991E-005 0.0196074 0.618342
9.9991E-005 0.384635 0.0181938 0.0726563 0.524415
9.997E-005 9.997E-005 9.997E-005 9.997E-005 0.9996
9.997E-005 9.997E-005 9.997E-005 9.997E-005 0.9996
0.0803516 0.234212 0.0240351 0.0375471 0.623854
0.044244 0.342226 9.9991E-005 0.0227211 0.590709
9.9973E-005 9.9973E-005 0.00289464 9.9973E-005 0.996805
9.997E-005 9.997E-005 9.997E-005 9.997E-005 0.9996
0.119278 0.2253 9.9991E-005 0.0562865 0.599035
9.997E-005 9.997E-005 9.997E-005 9.997E-005 0.9996
9.997E-005 9.997E-005 9.997E-005 9.997E-005 0.9996
9.997E-005 9.997E-005 9.997E-005 9.997E-005 0.9996
9.997E-005 9.997E-005 9.997E-005 9.997E-005 0.9996
9.9973E-005 9.9973E-005 9.9973E-005 0.0222575 0.977443
0.187283 0.0579926 0.374699 0.36662 0.0134055
9.99731E-005 9.99731E-005 0.963743 0.0359566 9.99731E-005
9.9973E-005 9.9973E-005 0.958706 0.0409939 9.9973E-005
9.9973E-005 0.958712 9.9973E-005 9.9973E-005 0.040988
9.99731E-005 0.948964 9.99731E-005 9.99731E-005 0.0507363
9.99731E-005 0.992848 9.99731E-005 9.99731E-005 0.00685209
9.99731E-005 0.989622 0.010078 9.99731E-005 9.99731E-005
0.00722736 0.969586 9.99821E-005 9.99821E-005 0.0229868
9.9973E-005 0.979491 9.9973E-005 0.0202094 9.9973E-005
9.99821E-005 0.948728 9.99821E-005 0.0476095 0.00346221
9.99821E-005 0.960542 0.0231885 9.99821E-005 0.0160696
9.9982E-005 0.961062 0.00142977 0.0373079 9.9982E-005
0.0366566 0.963043 9.9973E-005 9.9973E-005 9.9973E-005
9.99731E-005 0.995239 0.00446157 9.99731E-005 9.99731E-005
9.99821E-005 0.972884 9.99821E-005 0.0136905 0.0132253
9.997E-005 0.9996 9.997E-005 9.997E-005 9.997E-005
9.9973E-005 0.967971 9.9973E-005 9.9973E-005 0.0317289
0.00798082 0.991719 9.99731E-005 9.99731E-005 9.99731E-005
0.00834339 0.929102 0.0272928 0.0351621 9.9991E-005
9.99731E-005 0.937865 9.99731E-005 9.99731E-005 0.0618353
9.9982E-005 0.945394 0.0443006 9.9982E-005 0.0101056
9.99731E-005 0.992039 9.99731E-005 9.99731E-005 0.00766067
9.9982E-005 0.935454 9.9982E-005 0.0469657 0.0173806
9.99731E-005 0.969467 9.99731E-005 9.99731E-005 0.0302332
9.9991E-005 0.930884 0.0479511 0.00219794 0.0188666
9.99731E-005 0.998275 9.99731E-005 9.99731E-005 0.00142545
0.040206 0.921838 9.9982E-005 0.0377562 9.9982E-005
9.9973E-005 0.999155 9.9973E-005 9.9973E-005 0.00054461
0.0451799 0.94594 9.9982E-005 0.00868018 9.9982E-005
0.0398618 0.277762 9.9991E-005 0.0597681 0.622508
0.143535 0.250105 0.0393153 0.194329 0.372717
0.00953393 0.40284 0.0587696 0.0867978 0.442058
0.203714 9.9991E-005 0.679984 0.0486411 0.0675606
0.147087 0.0112961 0.834575 0.00694185 9.9991E-005
0.187251 9.9991E-005 0.766882 0.0191048 0.0266614
0.198163 9.9991E-005 0.707407 0.0777639 0.0165662
0.118063 9.99821E-005 0.849879 9.99821E-005 0.0318572
0.216925 9.99821E-005 0.749958 0.0329168 9.99821E-005
0.221311 9.9991E-005 0.622752 0.105732 0.0501055
9.99731E-005 9.99731E-005 0.990273 0.00942674 9.99731E-005
9.997E-005 9.997E-005 0.9996 9.997E-005 9.997E-005
9.9991E-005 0.000500839 0.901424 0.090149 0.00782571
9.99821E-005 0.489203 0.333218 0.177379 9.99821E-005
0.562774 0.116105 0.192771 0.12825 9.9991E-005
0.487566 0.396338 0.00828926 0.0856532 0.0221535
0.374392 0.34049 9.9991E-005 0.017353 0.267665
0.441953 0.182727 9.9991E-005 0.0236347 0.351586
0.0721317 0.927568 9.99732E-005 9.99732E-005 9.99732E-005
9.99821E-005 0.973203 9.99821E-005 0.00348582 0.0231113
9.99731E-005 0.968152 0.031548 9.99731E-005 9.99731E-005
0.0303563 0.938177 9.9991E-005 0.0105035 0.0208631
9.997E-005 0.9996 9.997E-005 9.997E-005 9.997E-005
0.00181523 0.981659 9.9982E-005 0.0163256 9.9982E-005
0.00794534 0.976653 9.9982E-005 9.9982E-005 0.0152022
9.9991E-005 0.960166 0.0107569 0.00692484 0.0220522
9.997E-005 0.9996 9.997E-005 9.997E-005 9.997E-005
9.9982E-005 0.950955 0.0403742 9.9982E-005 0.00847096
9.99731E-005 0.953887 9.99731E-005 9.99731E-005 0.0458136
9.99731E-005 0.983785 0.015915 9.99731E-005 9.99731E-005
9.9982E-005 0.961182 0.0165122 9.9982E-005 0.0221059
9.9982E-005 0.929113 0.0478018 0.0228855 9.9982E-005
9.99731E-005 0.950561 9.99731E-005 0.0491387 9.99731E-005
0.0212354 0.9782 9.99821E-005 0.000364509 9.99821E-005
0.129944 0.0384663 0.380876 0.369295 0.0814193
0.243763 0.0448779 0.335161 0.346557 0.0296402
0.24165 0.0122742 0.331447 0.361757 0.052872
9.997E-005 9.997E-005 0.9996 9.997E-005 9.997E-005
9.99731E-005 9.99731E-005 0.993208 0.0064921 9.99731E-005
9.99731E-005 0.00319098 0.996509 9.99731E-005 9.99731E-005
0.0114966 9.9982E-005 0.939145 0.0491582 9.9982E-005
0.444631 0.219706 9.9991E-005 0.0326527 0.302911
0.435392 0.224252 0.00698478 0.0271759 0.306195
0.341209 0.194342 0.11054 0.0217973 0.332112
0.188683 0.0232313 0.355847 0.376546 0.0556934
0.258946 0.0482727 0.307604 0.368107 0.0170709
0.283943 0.100551 0.283906 0.276165 0.0554345
0.187901 0.103795 0.285664 0.360201 0.0624398
