9.99641E-005 0.0134737 9.99641E-005 0.016874 0.00458383 9.99641E-005 9.99641E-005 0.0246201 0.940048
9.993E-005 9.993E-005 9.993E-005 9.993E-005 9.993E-005 9.993E-005 9.993E-005 9.993E-005 0.999201
9.99461E-005 9.99461E-005 9.99461E-005 9.99461E-005 9.99461E-005 0.0101806 0.0934012 9.99461E-005 0.895819
9.99551E-005 0.161347 9.99551E-005 9.99551E-005 9.99551E-005 0.0265446 9.99551E-005 0.0980269 0.713582
9.99461E-005 9.99461E-005 9.99461E-005 9.99461E-005 9.99461E-005 0.00434011 9.99461E-005 0.0819017 0.913159
9.993E-005 9.993E-005 9.993E-005 9.993E-005 9.993E-005 9.993E-005 9.993E-005 9.993E-005 0.999201
9.993E-005 9.993E-005 9.993E-005 9.993E-005 9.993E-005 9.993E-005 9.993E-005 9.993E-005 0.999201
0.151109 9.99551E-005 9.99551E-005 0.0197278 9.99551E-005 9.99551E-005 9.99551E-005 0.061328 0.767336
9.99551E-005 0.0534891 0.0704324 0.018007 9.99551E-005 9.99551E-005 9.99551E-005 9.99551E-005 0.857572
9.99371E-005 9.99371E-005 0.113289 9.99371E-005 9.99371E-005 9.99371E-005 9.99371E-005 9.99371E-005 0.886011
9.99461E-005 9.99461E-005 0.0532486 0.0668439 9.99461E-005 9.99461E-005 9.99461E-005 9.99461E-005 0.879308
0.0143099 0.0042919 9.99821E-005 9.99821E-005 0.0122318 0.114725 0.0635978 0.175214 0.61543
0.155813 9.99731E-005 9.99731E-005 0.00705039 9.99731E-005 0.0156204 0.0564538 0.0976264 0.667136
9.99731E-005 0.115225 0.00579422 9.99731E-005 0.0330468 9.99731E-005 0.0920291 0.136429 0.617177
0.0780397 0.163189 9.9991E-005 0.0842774 0.0412798 0.0268237 0.125202 0.0815125 0.399577
0.0325908 0.0703573 9.99821E-005 0.00462518 0.0117013 0.0550491 0.326552 9.99821E-005 0.498925
9.99641E-005 0.100378 9.99641E-005 9.99641E-005 9.99641E-005 0.0356405 0.203951 0.128967 0.530664
9.9982E-005 0.0221431 9.9982E-005 0.0439254 0.0122455 0.00365272 0.3061 0.10764 0.504094
9.99731E-005 0.0444977 9.99731E-005 9.99731E-005 0.00257064 0.652034 0.19679 0.0298183 0.0739894
0.126834 9.99641E-005 9.99641E-005 9.99641E-005 9.99641E-005 0.307578 0.364078 0.046356 0.154754
0.094382 9.99641E-005 9.99641E-005 0.00421131 9.99641E-005 0.402715 0.485392 0.0128996 9.99641E-005
0.152157 9.9982E-005 0.00564772 0.0205058 9.9982E-005 0.481761 0.243918 0.0422247 0.0535863
0.15193 9.99641E-005 0.0293024 0.071715 9.99641E-005 0.336139 0.410514 9.99641E-005 9.99641E-005
9.993E-005 9.993E-005 9.993E-005 9.993E-005 9.993E-005 0.999201 9.993E-005 9.993E-005 9.993E-005
9.993E-005 9.993E-005 9.993E-005 9.993E-005 9.993E-005 0.999201 9.993E-005 9.993E-005 9.993E-005
9.993E-005 9.993E-005 9.993E-005 9.993E-005 9.993E-005 0.999201 9.993E-005 9.993E-005 9.993E-005
9.9982E-005 0.137752 0.0441415 9.9982E-005 0.0289153 0.298395 0.389473 0.0829417 0.0181816
0.013344 9.9964E-005 9.9964E-005 9.9964E-005 0.0121149 0.900705 0.0488976 9.9964E-005 0.0245384
0.0928101 0.0180815 9.99641E-005 0.0517253 9.99641E-005 0.309975 0.527009 9.99641E-005 9.99641E-005
9.993E-005 9.993E-005 9.993E-005 9.993E-005 9.993E-005 0.999201 9.993E-005 9.993E-005 9.993E-005
0.201516 9.99551E-005 9.99551E-005 9.99551E-005 9.99551E-005 0.405678 0.273475 9.99551E-005 0.118831
9.993E-005 9.993E-005 9.993E-005 9.993E-005 9.993E-005 0.999201 9.993E-005 9.993E-005 9.993E-005
0.100609 9.99461E-005 9.99461E-005 9.99461E-005 9.99461E-005 0.341493 0.557298 9.99461E-005 9.99461E-005
0.0563301 9.9982E-005 0.057428 9.9982E-005 0.00163869 0.514231 0.263374 0.0152803 0.0915176
0.201632 9.99731E-005 0.0129174 0.00508023 9.99731E-005 0.397352 0.355899 0.02682 9.99731E-005
0.139682 9.99551E-005 9.99551E-005 9.99551E-005 9.99551E-005 0.401405 0.364996 9.99551E-005 0.0934174
0.0999832 0.0686358 0.0149056 0.0507927 9.9982E-005 0.341047 0.355641 9.9982E-005 0.0687947
9.99641E-005 9.99641E-005 0.0357969 9.99641E-005 0.0203761 9.99641E-005 0.141793 0.705348 0.0962863
9.993E-005 9.993E-005 9.993E-005 9.993E-005 9.993E-005 9.993E-005 9.993E-005 0.999201 9.993E-005
9.99641E-005 9.99641E-005 0.0144744 9.99641E-005 0.0442664 0.0229281 0.0823192 0.835612 9.99641E-005
9.99462E-005 9.99462E-005 9.99462E-005 0.0198222 9.99462E-005 9.99462E-005 0.1574 0.822178 9.99462E-005
9.99551E-005 9.99551E-005 9.99551E-005 9.99551E-005 0.0418521 0.00992462 0.153762 0.793961 9.99551E-005
9.99461E-005 0.0108364 9.99461E-005 9.99461E-005 9.99461E-005 9.99461E-005 0.000118224 0.988446 9.99461E-005
9.99372E-005 9.99372E-005 9.99372E-005 9.99372E-005 9.99372E-005 9.99372E-005 0.235093 0.764208 9.99372E-005
0.00461237 0.0690742 9.99731E-005 9.99731E-005 9.99731E-005 0.0251138 0.0567982 0.824954 0.019148
9.99372E-005 9.99372E-005 9.99372E-005 9.99372E-005 9.99372E-005 9.99372E-005 0.0181363 0.981164 9.99372E-005
0.145338 0.556609 0.0664805 9.99821E-005 9.99821E-005 0.0456434 0.00765053 0.0901344 0.0879433
9.993E-005 9.993E-005 9.993E-005 0.999201 9.993E-005 9.993E-005 9.993E-005 9.993E-005 9.993E-005
9.99458E-005 9.99458E-005 0.0332177 0.912746 9.99458E-005 9.99458E-005 9.99458E-005 0.0534362 9.99458E-005
9.99372E-005 0.959026 9.99372E-005 9.99372E-005 9.99372E-005 9.99372E-005 0.0402743 9.99372E-005 9.99372E-005
0.0194495 0.322953 0.109362 0.547736 9.99549E-005 9.99549E-005 9.99549E-005 9.99549E-005 9.99549E-005
9.99372E-005 0.980989 9.99372E-005 9.99372E-005 9.99372E-005 0.0183118 9.99372E-005 9.99372E-005 9.99372E-005
0.0661737 0.807503 0.0261091 9.9982E-005 0.0197356 0.0409121 0.00559987 0.033767 9.9982E-005
0.0724395 0.730654 9.99731E-005 0.0152877 9.99731E-005 0.0378301 9.99731E-005 0.127118 0.0163709
9.99462E-005 0.974212 0.0129103 9.99462E-005 9.99462E-005 9.99462E-005 9.99462E-005 9.99462E-005 0.0122776
9.99372E-005 0.991523 9.99372E-005 9.99372E-005 9.99372E-005 9.99372E-005 9.99372E-005 0.00777734 9.99372E-005
9.9964E-005 0.83051 0.00915246 9.9964E-005 0.0566321 0.0569755 0.0463305 9.9964E-005 9.9964E-005
9.99461E-005 0.961875 9.99461E-005 9.99461E-005 0.00572232 9.99461E-005 9.99461E-005 9.99461E-005 0.0318035
9.99371E-005 0.996458 0.00284225 9.99371E-005 9.99371E-005 9.99371E-005 9.99371E-005 9.99371E-005 9.99371E-005
0.0265736 0.972727 9.99372E-005 9.99372E-005 9.99372E-005 9.99372E-005 9.99372E-005 9.99372E-005 9.99372E-005
0.980721 9.99372E-005 9.99372E-005 9.99372E-005 9.99372E-005 0.0185796 9.99372E-005 9.99372E-005 9.99372E-005
0.937544 9.99551E-005 9.99551E-005 9.99551E-005 0.013167 0.000195821 0.0485931 9.99551E-005 9.99551E-005
0.855901 0.0437029 9.99641E-005 9.99641E-005 0.0308744 9.99641E-005 9.99641E-005 0.0486313 0.0204907
0.436124 9.99462E-005 0.153639 9.99462E-005 0.409638 9.99462E-005 9.99462E-005 9.99462E-005 9.99462E-005
0.259328 9.99551E-005 0.306609 9.99551E-005 0.398542 0.0350217 9.99551E-005 9.99551E-005 9.99551E-005
9.99372E-005 0.00220778 9.99372E-005 9.99372E-005 0.997093 9.99372E-005 9.99372E-005 9.99372E-005 9.99372E-005
9.993E-005 9.993E-005 9.993E-005 9.993E-005 0.999201 9.993E-005 9.993E-005 9.993E-005 9.993E-005
0.391243 9.99641E-005 0.152767 9.99641E-005 0.440265 0.00103456 9.99641E-005 0.014291 9.99641E-005
0.301344 0.0334115 0.234164 9.99551E-005 0.430581 9.99551E-005 9.99551E-005 9.99551E-005 9.99551E-005
9.99371E-005 9.99371E-005 9.99371E-005 9.99371E-005 0.961481 9.99371E-005 0.0378198 9.99371E-005 9.99371E-005
9.993E-005 9.993E-005 9.993E-005 9.993E-005 0.999201 9.993E-005 9.993E-005 9.993E-005 9.993E-005
0.486173 9.99551E-005 0.107869 9.99551E-005 0.39639 0.00906787 9.99551E-005 9.99551E-005 9.99551E-005
9.99372E-005 0.0133815 9.99372E-005 9.99372E-005 0.985919 9.99372E-005 9.99372E-005 9.99372E-005 9.99372E-005
0.00134682 9.99461E-005 9.99461E-005 0.00254863 0.995505 9.99461E-005 9.99461E-005 9.99461E-005 9.99461E-005
9.993E-005 9.993E-005 9.993E-005 9.993E-005 0.999201 9.993E-005 9.993E-005 9.993E-005 9.993E-005
0.0253232 9.99461E-005 0.0169171 9.99461E-005 0.95716 9.99461E-005 9.99461E-005 9.99461E-005 9.99461E-005
9.99371E-005 9.99371E-005 9.99371E-005 9.99371E-005 0.974888 0.0244125 9.99371E-005 9.99371E-005 9.99371E-005
0.113378 9.99552E-005 9.99552E-005 0.0238931 9.99552E-005 0.247703 0.614526 9.99552E-005 9.99552E-005
0.00790303 9.99731E-005 9.99731E-005 0.00118302 9.99731E-005 0.020645 0.0694489 0.875127 0.0253935
9.99371E-005 9.99371E-005 9.99371E-005 9.99371E-005 9.99371E-005 0.0373094 9.99371E-005 0.961991 9.99371E-005
9.99372E-005 9.99372E-005 0.951778 9.99372E-005 0.0475227 9.99372E-005 9.99372E-005 9.99372E-005 9.99372E-005
9.99372E-005 9.99372E-005 0.927742 9.99372E-005 0.0715587 9.99372E-005 9.99372E-005 9.99372E-005 9.99372E-005
9.99372E-005 9.99372E-005 0.957919 9.99372E-005 0.0413817 9.99372E-005 9.99372E-005 9.99372E-005 9.99372E-005
9.99461E-005 0.0184175 0.950133 9.99461E-005 9.99461E-005 9.99461E-005 0.0308498 9.99461E-005 9.99461E-005
0.00358743 0.052198 0.93094 9.99552E-005 0.0127749 9.99552E-005 9.99552E-005 9.99552E-005 9.99552E-005
0.0194774 9.99551E-005 0.942335 9.99551E-005 0.00411957 0.0335685 9.99551E-005 9.99551E-005 9.99551E-005
9.99462E-005 9.99462E-005 0.926155 9.99462E-005 0.00611421 0.0671316 9.99462E-005 9.99462E-005 9.99462E-005
0.0365967 0.042007 0.911445 9.99551E-005 9.99551E-005 9.99551E-005 9.99551E-005 0.0094518 9.99551E-005
9.995E-005 0.0128132 0.924925 9.995E-005 9.995E-005 0.026961 0.0348011 9.995E-005 9.995E-005
9.99461E-005 0.0463779 0.923075 9.99461E-005 9.99461E-005 9.99461E-005 9.99461E-005 9.99461E-005 0.0299476
9.99372E-005 9.99372E-005 0.972464 9.99372E-005 9.99372E-005 9.99372E-005 0.0268366 9.99372E-005 9.99372E-005
9.99551E-005 0.030872 0.884382 0.0554215 0.028825 9.99551E-005 9.99551E-005 9.99551E-005 9.99551E-005
9.99372E-005 0.0674588 0.931842 9.99372E-005 9.99372E-005 9.99372E-005 9.99372E-005 9.99372E-005 9.99372E-005
9.99371E-005 9.99371E-005 0.9598 9.99371E-005 0.0395001 9.99371E-005 9.99371E-005 9.99371E-005 9.99371E-005
0.0700437 9.99372E-005 0.929257 9.99372E-005 9.99372E-005 9.99372E-005 9.99372E-005 9.99372E-005 9.99372E-005
9.99641E-005 9.99641E-005 0.903 0.0335335 9.99641E-005 0.0101942 0.0465895 9.99641E-005 0.00628248
9.99372E-005 9.99372E-005 0.929875 9.99372E-005 0.0694255 9.99372E-005 9.99372E-005 9.99372E-005 9.99372E-005
0.0160027 9.99641E-005 0.940922 9.99641E-005 9.99641E-005 9.99641E-005 0.0205431 0.0172377 0.00489502
0.039248 9.99462E-005 0.958762 0.0013902 9.99462E-005 9.99462E-005 9.99462E-005 9.99462E-005 9.99462E-005
0.0148482 9.99731E-005 0.89224 0.0268673 0.0197353 0.032438 0.0135715 9.99731E-005 9.99731E-005
9.99551E-005 9.99551E-005 0.946908 0.00804599 0.0234402 0.0211058 9.99551E-005 9.99551E-005 9.99551E-005
9.99641E-005 0.0133081 0.895094 9.99641E-005 0.0114579 9.99641E-005 0.0675977 9.99641E-005 0.0121422
9.995E-005 9.995E-005 0.946608 0.0138337 0.00580395 9.995E-005 9.995E-005 9.995E-005 0.0332545
9.99564E-005 0.0882972 0.858653 0.0237789 9.99564E-005 0.0287707 9.99564E-005 9.99564E-005 9.99564E-005
0.0307115 9.99461E-005 0.960983 9.99461E-005 9.99461E-005 9.99461E-005 0.00770575 9.99461E-005 9.99461E-005
9.99551E-005 9.99551E-005 0.90941 0.0263311 9.99551E-005 0.0186545 9.99551E-005 9.99551E-005 0.0451041
0.503221 9.99461E-005 0.131608 9.99461E-005 0.364571 9.99461E-005 9.99461E-005 9.99461E-005 9.99461E-005
0.523106 9.9973E-005 0.115879 0.0138595 0.150342 0.108521 0.0879932 9.9973E-005 9.9973E-005
0.419947 9.99551E-005 0.303101 9.99551E-005 0.261598 0.0148547 9.99551E-005 9.99551E-005 9.99551E-005
9.99641E-005 9.99641E-005 9.99641E-005 9.99641E-005 0.0510719 0.00639872 0.890204 0.0320378 0.0198874
9.993E-005 9.993E-005 9.993E-005 9.993E-005 9.993E-005 9.993E-005 0.999201 9.993E-005 9.993E-005
9.99461E-005 0.0467375 9.99461E-005 9.99461E-005 9.99461E-005 9.99461E-005 0.929589 0.0230742 9.99461E-005
9.9937E-005 9.9937E-005 9.9937E-005 9.9937E-005 9.9937E-005 0.0138809 0.98542 9.9937E-005 9.9937E-005
9.99371E-005 9.99371E-005 9.99371E-005 9.99371E-005 9.99371E-005 9.99371E-005 0.848797 0.150503 9.99371E-005
9.993E-005 9.993E-005 9.993E-005 9.993E-005 9.993E-005 9.993E-005 0.999201 9.993E-005 9.993E-005
9.9982E-005 0.00705408 9.9982E-005 0.0309129 0.0220459 0.0817085 0.526124 0.215036 0.116919
9.99461E-005 9.99461E-005 9.99461E-005 0.00905711 9.99461E-005 0.00492798 9.99461E-005 0.985415 9.99461E-005
9.993E-005 9.993E-005 9.993E-005 9.993E-005 9.993E-005 9.993E-005 9.993E-005 0.999201 9.993E-005
9.99551E-005 9.99551E-005 9.99551E-005 9.99551E-005 0.0233783 0.0806579 9.99551E-005 0.878652 0.0168118
9.99551E-005 9.99551E-005 0.47235 9.99551E-005 9.99551E-005 0.115445 0.401851 0.00985538 9.99551E-005
9.9982E-005 0.20582 0.0246044 0.0815835 9.9982E-005 0.104606 0.158303 0.0206073 0.404276
9.99819E-005 9.99819E-005 0.046692 0.733918 0.0514795 0.0391879 0.0137342 0.00963954 0.105149
0.856556 0.0951663 0.0476777 9.99461E-005 9.99461E-005 9.99461E-005 9.99461E-005 9.99461E-005 9.99461E-005
0.841391 0.0581512 9.99551E-005 9.99551E-005 0.0370938 9.99551E-005 9.99551E-005 9.99551E-005 0.0628643
9.99367E-005 9.99367E-005 0.328663 0.670637 9.99367E-005 9.99367E-005 9.99367E-005 9.99367E-005 9.99367E-005
9.99462E-005 0.0601271 0.926127 9.99462E-005 0.0131461 9.99462E-005 9.99462E-005 9.99462E-005 9.99462E-005
9.99462E-005 9.99462E-005 0.962188 9.99462E-005 9.99462E-005 9.99462E-005 0.0148781 0.0223339 9.99462E-005
0.00988044 9.9982E-005 0.877762 0.0470739 0.00925283 0.0242339 0.0161421 9.9982E-005 0.015455
9.99462E-005 9.99462E-005 0.982464 0.0111698 9.99462E-005 9.99462E-005 9.99462E-005 0.00576695 9.99462E-005
9.99461E-005 0.0723428 0.912812 9.99461E-005 9.99461E-005 9.99461E-005 0.0142457 9.99461E-005 9.99461E-005
9.99551E-005 0.0383054 0.925898 0.000714667 0.0345824 9.99551E-005 9.99551E-005 9.99551E-005 9.99551E-005
9.99551E-005 0.00121828 0.948595 9.99551E-005 0.0353682 9.99551E-005 9.99551E-005 0.0143191 9.99551E-005
9.993E-005 9.993E-005 0.999201 9.993E-005 9.993E-005 9.993E-005 9.993E-005 9.993E-005 9.993E-005
9.99551E-005 9.99551E-005 0.929774 0.00565008 0.0107526 9.99551E-005 9.99551E-005 0.0533238 9.99551E-005
0.0069998 9.99551E-005 0.936159 9.99551E-005 0.049788 0.00655307 9.99551E-005 9.99551E-005 9.99551E-005
0.0299922 9.99552E-005 0.967607 9.99552E-005 9.99552E-005 9.99552E-005 0.000189103 0.00171236 9.99552E-005
9.99551E-005 9.99551E-005 0.946963 9.99551E-005 0.015592 9.99551E-005 0.0161669 0.0207781 9.99551E-005
9.99551E-005 9.99551E-005 0.916124 9.99551E-005 9.99551E-005 0.0135185 0.06851 0.00134823 9.99551E-005
9.99551E-005 0.00604901 0.950785 9.99551E-005 9.99551E-005 0.0316384 0.0110276 9.99551E-005 9.99551E-005
9.99462E-005 0.0673184 0.910034 0.0220484 9.99462E-005 9.99462E-005 9.99462E-005 9.99462E-005 9.99462E-005
9.99731E-005 9.99731E-005 0.0396218 9.99731E-005 0.0760235 0.257202 0.533515 0.00894621 0.0843914
0.112649 9.9973E-005 0.00324131 9.9973E-005 0.00531467 0.269017 0.440526 9.9973E-005 0.168952
0.103467 9.9982E-005 0.0111092 9.9982E-005 0.0163245 0.282325 0.206869 0.133574 0.246132
9.99372E-005 9.99372E-005 0.00346103 9.99372E-005 9.99372E-005 9.99372E-005 9.99372E-005 0.995839 9.99372E-005
9.99372E-005 9.99372E-005 9.99372E-005 9.99372E-005 9.99372E-005 0.0127535 9.99372E-005 0.986547 9.99372E-005
9.99462E-005 0.0397867 9.99462E-005 9.99462E-005 9.99462E-005 9.99462E-005 0.042875 0.916739 9.99462E-005
0.0263606 0.00749092 9.99641E-005 9.99641E-005 9.99641E-005 0.0527866 0.0336901 0.879272 9.99641E-005
0.997188 0.00211284 9.99372E-005 9.99372E-005 9.99372E-005 9.99372E-005 9.99372E-005 9.99372E-005 9.99372E-005
0.966036 0.0209546 9.99461E-005 9.99461E-005 9.99461E-005 9.99461E-005 9.99461E-005 0.0124099 9.99461E-005
0.932681 9.99461E-005 9.99461E-005 9.99461E-005 9.99461E-005 9.99461E-005 0.0559057 0.0108136 9.99461E-005
0.139002 9.99641E-005 0.0132261 9.99641E-005 9.99641E-005 0.279675 0.48131 9.99641E-005 0.0863871
0.203376 9.99641E-005 9.99641E-005 0.0387354 9.99641E-005 0.250162 0.453199 9.99641E-005 0.0541279
0.167522 9.99641E-005 0.0728468 9.99641E-005 9.99641E-005 0.201198 0.393375 9.99641E-005 0.164657
0.269356 9.9973E-005 0.00293657 0.0288626 9.9973E-005 0.260514 0.427207 9.9973E-005 0.0108245
