0.0168942 0.888037 0.0116537 9.9973E-005 9.9973E-005 0.00693701 9.9973E-005 0.0255466 0.0506315
9.99371E-005 0.984112 9.99371E-005 9.99371E-005 9.99371E-005 0.0151879 9.99371E-005 9.99371E-005 9.99371E-005
9.99371E-005 0.96286 9.99371E-005 9.99371E-005 9.99371E-005 0.03644 9.99371E-005 9.99371E-005 9.99371E-005
9.996E-005 0.730549 9.996E-005 0.0573566 9.996E-005 0.0293453 9.996E-005 0.0561092 0.126241
9.99461E-005 0.865429 9.99461E-005 9.99461E-005 9.99461E-005 0.0234798 9.99461E-005 0.110491 9.99461E-005
9.993E-005 0.999201 9.993E-005 9.993E-005 9.993E-005 9.993E-005 9.993E-005 9.993E-005 9.993E-005
9.99371E-005 0.987394 9.99371E-005 9.99371E-005 9.99371E-005 0.0119067 9.99371E-005 9.99371E-005 9.99371E-005
0.005844 0.753875 0.0141212 0.127318 9.9982E-005 9.9982E-005 0.00787867 0.0650225 0.0257401
9.9955E-005 0.830586 9.9955E-005 9.9955E-005 0.0401863 9.9955E-005 0.0447583 9.9955E-005 0.0839692
9.99461E-005 0.879482 9.99461E-005 9.99461E-005 0.109689 9.99461E-005 0.0102295 9.99461E-005 9.99461E-005
9.99461E-005 0.875857 9.99461E-005 9.99461E-005 0.0345321 9.99461E-005 0.0890108 9.99461E-005 9.99461E-005
0.010256 0.655789 9.99731E-005 0.0256702 9.99731E-005 0.104101 9.99731E-005 0.190061 0.013823
9.99731E-005 0.732658 9.99731E-005 0.13309 9.99731E-005 0.00902599 0.0144872 0.1057 0.00473901
0.0215259 0.677492 9.99731E-005 9.99731E-005 0.0358743 9.99731E-005 0.000663987 0.196493 0.0676516
0.0226614 0.460135 0.00366196 0.143877 9.9991E-005 0.0431296 0.0824099 0.105556 0.13847
0.00433341 0.639283 9.9982E-005 0.0729833 9.9982E-005 0.0316577 0.039551 0.16306 0.0489314
9.99641E-005 0.631361 0.017589 9.99641E-005 9.99641E-005 0.055458 9.99641E-005 0.20315 0.0920424
9.9973E-005 0.609979 0.0287185 9.9973E-005 9.9973E-005 0.031891 0.0292946 0.270711 0.0291052
0.0215043 0.108381 9.99641E-005 9.99641E-005 9.99641E-005 0.700657 9.99641E-005 0.128022 0.0410364
9.99551E-005 0.23147 9.99551E-005 0.15074 9.99551E-005 0.378047 9.99551E-005 0.239244 9.99551E-005
9.99641E-005 0.0871977 9.99641E-005 0.185306 9.99641E-005 0.451568 0.0042606 0.271268 9.99641E-005
9.997E-005 0.150394 0.0125285 0.175815 0.00800436 0.518887 9.997E-005 0.134072 9.997E-005
9.99731E-005 0.133565 9.99731E-005 0.213065 0.00293398 0.409845 0.0801572 0.160133 9.99731E-005
9.993E-005 9.993E-005 9.993E-005 9.993E-005 9.993E-005 0.999201 9.993E-005 9.993E-005 9.993E-005
9.993E-005 9.993E-005 9.993E-005 9.993E-005 9.993E-005 0.999201 9.993E-005 9.993E-005 9.993E-005
9.993E-005 9.993E-005 9.993E-005 9.993E-005 9.993E-005 0.999201 9.993E-005 9.993E-005 9.993E-005
0.0363869 0.155027 9.9991E-005 0.0454615 0.0285942 0.363719 0.00302792 0.247738 0.119945
0.0171472 0.0230927 9.9964E-005 0.0114262 9.9964E-005 0.932412 9.9964E-005 0.0155217 9.9964E-005
9.99641E-005 0.26312 9.99641E-005 0.182839 9.99641E-005 0.385432 0.0248263 0.143382 9.99641E-005
9.993E-005 9.993E-005 9.993E-005 9.993E-005 9.993E-005 0.999201 9.993E-005 9.993E-005 9.993E-005
9.99551E-005 0.225037 9.99551E-005 0.243706 9.99551E-005 0.433655 9.99551E-005 0.0971025 9.99551E-005
9.993E-005 9.993E-005 9.993E-005 9.993E-005 9.993E-005 0.999201 9.993E-005 9.993E-005 9.993E-005
9.99551E-005 0.194675 9.99551E-005 0.135587 9.99551E-005 0.410108 9.99551E-005 0.25913 9.99551E-005
0.00371515 0.111652 9.9982E-005 0.127292 0.038105 0.567302 0.00022331 0.151512 9.9982E-005
9.99641E-005 0.0886247 9.99641E-005 0.228894 9.99641E-005 0.440305 0.0198955 0.221881 9.99641E-005
9.99551E-005 0.183185 9.99551E-005 0.202246 9.99551E-005 0.449168 9.99551E-005 0.164902 9.99551E-005
9.999E-005 0.185073 0.00501999 0.157222 0.00504651 0.396728 0.0258818 0.158188 0.0667401
0.0185681 0.113195 9.99731E-005 0.010447 0.0447901 0.00252378 9.99731E-005 0.810176 9.99731E-005
9.99371E-005 9.99371E-005 9.99371E-005 9.99371E-005 9.99371E-005 9.99371E-005 0.0182276 0.981073 9.99371E-005
0.0404937 0.0173966 9.99641E-005 9.99641E-005 0.0204398 0.0392019 9.99641E-005 0.882068 9.99641E-005
9.99641E-005 0.00893706 0.0120872 9.99641E-005 0.0111817 9.99641E-005 0.0017122 0.965682 9.99641E-005
0.0367195 9.99641E-005 0.0287223 9.99641E-005 9.99641E-005 0.020283 9.99641E-005 0.908959 0.00491642
9.99461E-005 9.99461E-005 9.99461E-005 9.99461E-005 9.99461E-005 0.0117062 9.99461E-005 0.967035 0.0206591
0.0139988 0.0103768 0.0117141 9.99551E-005 9.99551E-005 9.99551E-005 9.99551E-005 0.963411 9.99551E-005
9.99641E-005 0.0264893 0.00899341 9.99641E-005 9.99641E-005 0.0218484 9.99641E-005 0.863511 0.078758
0.00597173 9.99461E-005 9.99461E-005 9.99461E-005 9.99461E-005 0.0125319 9.99461E-005 0.980897 9.99461E-005
9.997E-005 0.0938225 9.997E-005 0.134817 0.109764 0.024249 9.997E-005 0.107667 0.529381
9.993E-005 9.993E-005 0.999201 9.993E-005 9.993E-005 9.993E-005 9.993E-005 9.993E-005 9.993E-005
9.99461E-005 9.99461E-005 0.0107102 9.99461E-005 9.99461E-005 9.99461E-005 0.983665 0.0050249 9.99461E-005
0.0226866 9.99462E-005 9.99462E-005 9.99462E-005 9.99462E-005 9.99462E-005 9.99462E-005 0.0232411 0.953473
9.9937E-005 9.9937E-005 9.9937E-005 9.9937E-005 9.9937E-005 9.9937E-005 0.713779 9.9937E-005 0.285522
9.993E-005 9.993E-005 9.993E-005 9.993E-005 9.993E-005 9.993E-005 9.993E-005 9.993E-005 0.999201
0.00526402 9.99731E-005 9.99731E-005 0.141443 0.00655671 0.0270746 9.99731E-005 0.0332798 0.786082
0.00458096 0.0177351 0.0131171 0.0668574 0.0152941 0.0402786 0.00407033 0.114692 0.723375
9.99462E-005 0.0175483 9.99462E-005 9.99462E-005 0.0232458 9.99462E-005 9.99462E-005 9.99462E-005 0.958606
9.99372E-005 9.99372E-005 0.0041086 9.99372E-005 9.99372E-005 9.99372E-005 9.99372E-005 9.99372E-005 0.995192
0.0553644 9.9964E-005 9.9964E-005 9.9964E-005 0.026152 0.0390631 9.9964E-005 0.0462002 0.83282
9.99461E-005 0.019631 9.99461E-005 9.99461E-005 9.99461E-005 9.99461E-005 0.0123463 9.99461E-005 0.967423
9.99371E-005 9.99371E-005 9.99371E-005 9.99371E-005 0.010515 9.99371E-005 9.99371E-005 9.99371E-005 0.988785
9.99372E-005 9.99372E-005 9.99372E-005 9.99372E-005 9.99372E-005 0.00460143 9.99372E-005 9.99372E-005 0.994699
9.99372E-005 9.99372E-005 9.99372E-005 0.993812 9.99372E-005 0.00548805 9.99372E-005 9.99372E-005 9.99372E-005
0.0138316 0.00303112 9.9964E-005 0.98169 9.9964E-005 0.00094769 9.9964E-005 9.9964E-005 9.9964E-005
0.03901 9.99641E-005 0.00900087 0.817645 9.99641E-005 9.99641E-005 9.99641E-005 0.0562791 0.0776651
0.390514 9.99551E-005 9.99551E-005 0.461334 0.132764 9.99551E-005 0.0148871 9.99551E-005 9.99551E-005
0.341113 9.99551E-005 9.99551E-005 0.330189 0.302546 0.0256513 9.99551E-005 9.99551E-005 9.99551E-005
0.995116 9.99462E-005 9.99462E-005 9.99462E-005 9.99462E-005 9.99462E-005 9.99462E-005 0.00137806 0.00290605
0.999201 9.993E-005 9.993E-005 9.993E-005 9.993E-005 9.993E-005 9.993E-005 9.993E-005 9.993E-005
0.429105 9.99461E-005 9.99461E-005 0.439289 0.131007 9.99461E-005 9.99461E-005 9.99461E-005 9.99461E-005
0.420915 9.99551E-005 9.99551E-005 0.304596 0.24566 9.99551E-005 9.99551E-005 9.99551E-005 0.0283285
0.9605 0.0171756 9.99461E-005 9.99461E-005 9.99461E-005 9.99461E-005 9.99461E-005 0.0217252 9.99461E-005
0.999201 9.993E-005 9.993E-005 9.993E-005 9.993E-005 9.993E-005 9.993E-005 9.993E-005 9.993E-005
0.38002 9.99461E-005 9.99461E-005 0.524289 0.0950918 9.99461E-005 9.99461E-005 9.99461E-005 9.99461E-005
0.995266 9.99372E-005 9.99372E-005 9.99372E-005 9.99372E-005 9.99372E-005 9.99372E-005 9.99372E-005 0.00403423
0.981777 9.9937E-005 0.0175235 9.9937E-005 9.9937E-005 9.9937E-005 9.9937E-005 9.9937E-005 9.9937E-005
0.995449 9.99372E-005 9.99372E-005 9.99372E-005 9.99372E-005 9.99372E-005 0.00385117 9.99372E-005 9.99372E-005
0.927039 9.99461E-005 9.99461E-005 0.0525353 0.0198255 9.99461E-005 9.99461E-005 9.99461E-005 9.99461E-005
0.969275 9.99371E-005 9.99371E-005 9.99371E-005 9.99371E-005 0.0300256 9.99371E-005 9.99371E-005 9.99371E-005
9.99641E-005 0.146328 9.99641E-005 0.226585 9.99641E-005 0.298782 0.0116439 0.316262 9.99641E-005
9.99641E-005 0.0240937 0.00982426 9.99641E-005 9.99641E-005 0.0346421 0.00847874 0.922561 9.99641E-005
9.99371E-005 9.99371E-005 9.99371E-005 9.99371E-005 9.99371E-005 0.0594559 9.99371E-005 0.939844 9.99371E-005
0.0332605 9.99372E-005 9.99372E-005 9.99372E-005 0.96604 9.99372E-005 9.99372E-005 9.99372E-005 9.99372E-005
0.0627027 9.99462E-005 9.99462E-005 9.99462E-005 0.920715 9.99462E-005 0.015983 9.99462E-005 9.99462E-005
0.0447258 9.99462E-005 9.99462E-005 9.99462E-005 0.941861 9.99462E-005 0.0128134 9.99462E-005 9.99462E-005
9.99372E-005 9.99372E-005 9.99372E-005 9.99372E-005 0.958274 9.99372E-005 9.99372E-005 9.99372E-005 0.0410264
0.0185035 9.99552E-005 9.99552E-005 9.99552E-005 0.920018 9.99552E-005 0.00925937 9.99552E-005 0.0517194
9.99641E-005 9.99641E-005 9.99641E-005 0.0112183 0.947961 0.0223858 0.0109658 9.99641E-005 0.00706913
0.0078632 9.99552E-005 9.99552E-005 9.99552E-005 0.937578 0.0484386 0.00561992 9.99552E-005 9.99552E-005
0.00438945 9.99641E-005 9.99641E-005 0.0192598 0.918057 9.99641E-005 0.00654979 9.99641E-005 0.0513439
9.99641E-005 9.99641E-005 0.0107376 9.99641E-005 0.944321 0.0262753 9.99641E-005 0.00634359 0.0119231
9.99551E-005 0.0104243 0.00955671 9.99551E-005 0.905811 9.99551E-005 9.99551E-005 9.99551E-005 0.073708
9.99462E-005 9.99462E-005 9.99462E-005 0.0290159 0.968834 0.00155004 9.99462E-005 9.99462E-005 9.99462E-005
0.0141152 9.99552E-005 9.99552E-005 9.99552E-005 0.878061 9.99552E-005 0.0469447 9.99552E-005 0.0603791
9.99372E-005 9.99372E-005 9.99372E-005 9.99372E-005 0.926901 9.99372E-005 9.99372E-005 9.99372E-005 0.0723991
0.0307307 9.99371E-005 9.99371E-005 9.99371E-005 0.96857 9.99371E-005 9.99371E-005 9.99371E-005 9.99371E-005
9.99461E-005 9.99461E-005 9.99461E-005 0.0657911 0.926684 9.99461E-005 0.00692512 9.99461E-005 9.99461E-005
9.99551E-005 0.0381107 9.99551E-005 9.99551E-005 0.906793 0.0281804 0.0264161 9.99551E-005 9.99551E-005
0.0660599 9.99461E-005 9.99461E-005 9.99461E-005 0.913832 9.99461E-005 0.0195089 9.99461E-005 9.99461E-005
9.99552E-005 0.0131823 9.99552E-005 9.99552E-005 0.953355 9.99552E-005 0.0179251 0.0150373 9.99552E-005
0.015879 9.99481E-005 0.00253924 9.99481E-005 0.980982 9.99481E-005 9.99481E-005 9.99481E-005 9.99481E-005
0.027258 9.99731E-005 0.00728685 0.0438436 0.867871 0.0273787 0.0260616 9.99731E-005 9.99731E-005
0.0393262 9.99462E-005 9.99462E-005 9.99462E-005 0.941639 9.99462E-005 0.0184348 9.99462E-005 9.99462E-005
0.0200009 0.0229869 9.997E-005 0.0294885 0.880441 9.997E-005 0.0274879 0.0192945 9.997E-005
9.99461E-005 0.0123469 9.99461E-005 9.99461E-005 0.959301 9.99461E-005 0.0277523 9.99461E-005 9.99461E-005
9.99641E-005 9.99641E-005 9.99641E-005 0.0307242 0.838645 0.0062108 0.0250709 9.99641E-005 0.0989496
0.00798698 9.994E-005 9.994E-005 0.0367938 0.95462 9.994E-005 9.994E-005 9.994E-005 9.994E-005
9.99641E-005 0.00332828 0.0142326 9.99641E-005 0.907624 0.0353221 0.0390929 9.99641E-005 9.99641E-005
0.315062 9.99461E-005 9.99461E-005 0.546997 0.137342 9.99461E-005 9.99461E-005 9.99461E-005 9.99461E-005
0.185109 9.9973E-005 9.9973E-005 0.549931 0.0658771 0.11013 0.0766395 0.012013 9.9973E-005
0.271619 9.99641E-005 9.99641E-005 0.390092 0.317105 0.0169927 9.99641E-005 0.00379161 9.99641E-005
0.0864147 0.29165 0.00206484 0.00377194 9.9982E-005 0.0143486 0.0114793 0.590071 9.9982E-005
9.99461E-005 0.232931 9.99461E-005 0.0663675 9.99461E-005 9.99461E-005 9.99461E-005 0.700102 9.99461E-005
0.00645966 0.215511 9.99641E-005 0.0517995 9.99641E-005 9.99641E-005 9.99641E-005 0.670826 0.0550042
0.0319217 0.30046 0.00183348 9.99641E-005 9.99641E-005 0.0634948 9.99641E-005 0.601891 9.99641E-005
0.0187781 0.270701 9.99462E-005 9.99462E-005 9.99462E-005 9.99462E-005 9.99462E-005 0.709921 9.99462E-005
9.99641E-005 0.318592 9.99641E-005 9.99641E-005 0.00193011 0.0221141 9.99641E-005 0.632601 0.0243637
0.0446868 0.264303 0.0171939 0.0153972 9.9991E-005 0.0773817 0.000717932 0.540478 0.0397416
9.99551E-005 9.99551E-005 0.000446739 9.99551E-005 9.99551E-005 0.0221608 0.0171167 0.959776 9.99551E-005
9.993E-005 9.993E-005 9.993E-005 9.993E-005 9.993E-005 9.993E-005 9.993E-005 0.999201 9.993E-005
0.0286883 0.00642475 0.00724915 9.99641E-005 9.99641E-005 0.0800747 9.99641E-005 0.877163 9.99641E-005
9.99462E-005 9.99462E-005 9.99462E-005 9.99462E-005 0.506854 0.170224 9.99462E-005 0.322322 9.99462E-005
9.997E-005 0.49132 9.997E-005 9.997E-005 0.0441168 0.106123 0.0554177 0.105134 0.197588
9.9946E-005 0.0976249 9.9946E-005 9.9946E-005 9.9946E-005 0.0156538 0.886122 9.9946E-005 9.9946E-005
9.99551E-005 9.99551E-005 0.00573638 0.774394 0.0616039 9.99551E-005 9.99551E-005 9.99551E-005 0.157766
0.0565463 0.0411109 9.99551E-005 0.797155 9.99551E-005 9.99551E-005 9.99551E-005 9.99551E-005 0.104688
9.99369E-005 9.99369E-005 9.99369E-005 9.99369E-005 0.0809708 9.99369E-005 0.91833 9.99369E-005 9.99369E-005
0.0205054 0.00320999 9.99552E-005 9.99552E-005 0.922257 9.99552E-005 9.99552E-005 9.99552E-005 0.0535278
9.99462E-005 0.00307819 9.99462E-005 9.99462E-005 0.985138 9.99462E-005 9.99462E-005 0.0111843 9.99462E-005
0.00410271 0.0255809 0.00201106 0.00609934 0.89706 0.0161133 0.0488328 9.9982E-005 9.9982E-005
9.99372E-005 9.99372E-005 0.00156289 9.99372E-005 0.997738 9.99372E-005 9.99372E-005 9.99372E-005 9.99372E-005
9.99461E-005 9.99461E-005 0.015895 9.99461E-005 0.924774 9.99461E-005 9.99461E-005 9.99461E-005 0.0587311
0.0321067 9.99641E-005 0.0061195 9.99641E-005 0.916157 9.99641E-005 0.0148337 9.99641E-005 0.030383
0.0374055 9.99462E-005 9.99462E-005 9.99462E-005 0.924995 9.99462E-005 9.99462E-005 9.99462E-005 0.0370002
9.99372E-005 9.99372E-005 9.99372E-005 9.99372E-005 0.998182 0.00111874 9.99372E-005 9.99372E-005 9.99372E-005
0.012901 9.99641E-005 9.99641E-005 9.99641E-005 0.922732 0.0196764 0.0209427 0.0233479 9.99641E-005
0.0471782 9.99462E-005 9.99462E-005 9.99462E-005 0.930611 9.99462E-005 0.0216112 9.99462E-005 9.99462E-005
9.99373E-005 9.99373E-005 9.99373E-005 9.99373E-005 0.984074 9.99373E-005 9.99373E-005 0.0152266 9.99373E-005
0.0353446 9.99462E-005 9.99462E-005 9.99462E-005 0.942599 9.99462E-005 9.99462E-005 0.0214565 9.99462E-005
9.99641E-005 9.99641E-005 0.0151655 0.00815458 0.928786 0.00403875 9.99641E-005 0.0434552 9.99641E-005
9.99551E-005 9.99551E-005 9.99551E-005 0.0144713 0.954048 0.0307654 0.000215837 9.99551E-005 9.99551E-005
9.99462E-005 9.99462E-005 9.99462E-005 9.99462E-005 0.902995 9.99462E-005 0.0234847 9.99462E-005 0.0729209
0.0877732 0.256892 9.99821E-005 0.00699732 0.0391763 0.316291 0.00256614 0.290103 9.99821E-005
9.99551E-005 0.275902 9.99551E-005 0.188215 9.99551E-005 0.311726 9.99551E-005 0.223656 9.99551E-005
0.00692299 0.295544 9.99731E-005 0.16457 9.99731E-005 0.315883 0.0175763 0.199204 9.99731E-005
9.99462E-005 9.99462E-005 9.99462E-005 9.99462E-005 0.00786771 9.99462E-005 9.99462E-005 0.990322 0.00121087
9.995E-005 9.995E-005 9.995E-005 9.995E-005 9.995E-005 0.0112543 0.00361145 0.979752 0.00488218
9.99372E-005 9.99372E-005 9.99372E-005 9.99372E-005 9.99372E-005 9.99372E-005 9.99372E-005 0.933439 0.0658613
9.99461E-005 9.99461E-005 9.99461E-005 9.99461E-005 9.99461E-005 0.0346554 9.99461E-005 0.916449 0.0482964
9.99372E-005 9.99372E-005 9.99372E-005 0.970489 9.99372E-005 9.99372E-005 9.99372E-005 9.99372E-005 0.0288115
9.99371E-005 9.99371E-005 9.99371E-005 0.87065 9.99371E-005 9.99371E-005 9.99371E-005 9.99371E-005 0.12865
0.00124529 0.00897679 9.99551E-005 0.940887 9.99551E-005 9.99551E-005 9.99551E-005 0.0483909 9.99551E-005
9.99641E-005 0.185469 0.0142087 0.189575 9.99641E-005 0.340016 9.99641E-005 0.270332 9.99641E-005
9.99731E-005 0.219322 0.00968654 0.255174 9.99731E-005 0.294898 0.0167786 0.203842 9.99731E-005
0.00122421 0.287152 9.9982E-005 0.223236 0.0576185 0.243712 0.000162107 0.186695 9.9982E-005
9.99731E-005 0.179317 0.00265563 0.289029 9.99731E-005 0.297285 0.0462299 0.185184 9.99731E-005
