9.99641E-005 9.99641E-005 0.0340242 0.0129683 9.99641E-005 0.0118919 0.922102 0.0186137 9.99641E-005
9.99371E-005 9.99371E-005 9.99371E-005 9.99371E-005 9.99371E-005 9.99371E-005 0.995501 0.003799 9.99371E-005
9.99461E-005 9.99461E-005 0.0940905 9.99461E-005 9.99461E-005 9.99461E-005 0.88252 0.0227896 9.99461E-005
9.99552E-005 9.99552E-005 9.99552E-005 9.99552E-005 0.0833215 0.0757139 0.732839 9.99552E-005 0.107626
9.995E-005 9.995E-005 0.0636751 9.995E-005 9.995E-005 0.0769983 0.852627 0.00619954 9.995E-005
9.993E-005 9.993E-005 9.993E-005 9.993E-005 9.993E-005 9.993E-005 0.999201 9.993E-005 9.993E-005
9.99371E-005 9.99371E-005 9.99371E-005 9.99371E-005 9.99371E-005 9.99371E-005 0.986308 0.0129927 9.99371E-005
9.99641E-005 0.0436407 9.99641E-005 9.99641E-005 0.0972 0.0518808 0.724995 9.99641E-005 0.0818837
0.0676031 9.9964E-005 9.9964E-005 0.00443045 0.0417139 9.9964E-005 0.835047 9.9964E-005 0.0508056
0.0873844 9.99461E-005 9.99461E-005 9.99461E-005 0.0711605 9.99461E-005 0.840855 9.99461E-005 9.99461E-005
0.0569497 9.99461E-005 9.99461E-005 0.0652322 9.99461E-005 9.99461E-005 0.877218 9.99461E-005 9.99461E-005
9.99641E-005 9.99641E-005 0.0701221 9.99641E-005 0.167792 0.12486 0.576343 0.0604836 9.99641E-005
0.00360145 9.99731E-005 0.0900855 9.99731E-005 0.0553689 0.0767944 0.665028 9.99731E-005 0.108822
0.0420696 0.0380679 0.110888 9.99731E-005 9.99731E-005 0.152491 0.63757 9.99731E-005 0.0186132
9.99821E-005 0.0533448 0.0567859 0.0663599 0.123367 0.073678 0.377976 9.99821E-005 0.248288
9.99821E-005 0.0186008 0.214148 0.00754194 0.12056 0.0494528 0.508716 9.99821E-005 0.0807804
9.997E-005 9.997E-005 0.130696 9.997E-005 0.132749 0.0925702 0.568356 0.00781216 0.0675163
9.9964E-005 9.9964E-005 0.235508 0.0720729 0.0871384 0.107175 0.497705 9.9964E-005 9.9964E-005
9.99641E-005 9.99641E-005 0.0865543 9.99641E-005 0.23167 0.0383872 0.0806459 0.562343 9.99641E-005
9.99551E-005 9.99551E-005 9.99551E-005 9.99551E-005 0.892425 0.0153761 0.0378951 0.053804 9.99551E-005
9.99461E-005 9.99461E-005 0.0170483 9.99461E-005 0.867106 9.99461E-005 9.99461E-005 0.115246 9.99461E-005
0.0107579 9.99731E-005 9.99731E-005 0.00434839 0.65567 0.0301846 0.0423601 0.256379 9.99731E-005
0.0014195 9.99551E-005 9.99551E-005 0.058965 0.881032 9.99551E-005 9.99551E-005 0.0580835 9.99551E-005
9.993E-005 9.993E-005 9.993E-005 9.993E-005 9.993E-005 9.993E-005 9.993E-005 0.999201 9.993E-005
9.993E-005 9.993E-005 9.993E-005 9.993E-005 9.993E-005 9.993E-005 9.993E-005 0.999201 9.993E-005
9.993E-005 9.993E-005 9.993E-005 9.993E-005 9.993E-005 9.993E-005 9.993E-005 0.999201 9.993E-005
0.0373352 0.0135745 0.0197652 9.99821E-005 0.688093 0.104654 9.99821E-005 0.101744 0.0346337
9.99551E-005 0.0102257 9.99551E-005 9.99551E-005 0.21251 9.99551E-005 0.00276494 0.773999 9.99551E-005
9.99461E-005 9.99461E-005 0.0427425 9.99461E-005 0.933582 9.99461E-005 9.99461E-005 0.0230762 9.99461E-005
9.993E-005 9.993E-005 9.993E-005 9.993E-005 9.993E-005 9.993E-005 9.993E-005 0.999201 9.993E-005
9.99551E-005 9.99551E-005 9.99551E-005 9.99551E-005 0.693432 9.99551E-005 0.107693 0.189093 0.00928304
9.993E-005 9.993E-005 9.993E-005 9.993E-005 9.993E-005 9.993E-005 9.993E-005 0.999201 9.993E-005
9.99461E-005 9.99461E-005 0.116167 9.99461E-005 0.784576 9.99461E-005 9.99461E-005 0.0986577 9.99461E-005
0.00495594 0.000376729 9.99551E-005 9.99551E-005 0.730914 9.99551E-005 9.99551E-005 0.263253 9.99551E-005
0.0378922 0.00163011 0.0272311 9.99731E-005 0.742251 0.0245859 9.99731E-005 0.166109 9.99731E-005
9.99461E-005 9.99461E-005 9.99461E-005 9.99461E-005 0.845825 9.99461E-005 0.0152564 0.138318 9.99461E-005
9.99641E-005 9.99641E-005 9.99641E-005 0.00161406 0.742707 9.99641E-005 0.0383876 0.127037 0.0898539
0.0557677 9.99641E-005 0.12696 9.99641E-005 0.0405174 0.683736 0.0926195 9.99641E-005 9.99641E-005
9.993E-005 9.993E-005 9.993E-005 9.993E-005 9.993E-005 0.999201 9.993E-005 9.993E-005 9.993E-005
0.0239187 0.0291491 0.114035 9.99731E-005 9.99731E-005 0.809328 0.0122585 0.0110109 9.99731E-005
9.99462E-005 9.99462E-005 0.126282 0.0167229 9.99462E-005 0.856396 9.99462E-005 9.99462E-005 9.99462E-005
9.99551E-005 0.0195149 0.195591 9.99551E-005 9.99551E-005 0.746463 9.99551E-005 0.0379314 9.99551E-005
9.99461E-005 9.99461E-005 0.019694 9.99461E-005 9.99461E-005 0.976046 9.99461E-005 9.99461E-005 0.00366079
9.99372E-005 9.99372E-005 0.222276 9.99372E-005 9.99372E-005 0.777024 9.99372E-005 9.99372E-005 9.99372E-005
9.99641E-005 9.99641E-005 0.0637147 9.99641E-005 9.99641E-005 0.805994 0.0257575 0.0258845 0.0782494
9.99461E-005 9.99461E-005 0.019491 9.99461E-005 9.99461E-005 0.963168 9.99461E-005 0.0167408 9.99461E-005
0.0724444 0.00217489 0.0352319 9.9982E-005 9.9982E-005 0.0729688 0.112931 0.0363553 0.667694
9.993E-005 9.993E-005 9.993E-005 0.999201 9.993E-005 9.993E-005 9.993E-005 9.993E-005 9.993E-005
0.0313138 9.99458E-005 9.99458E-005 0.916405 9.99458E-005 0.0516816 9.99458E-005 9.99458E-005 9.99458E-005
9.99372E-005 9.99372E-005 0.129531 9.99372E-005 9.99372E-005 9.99372E-005 9.99372E-005 9.99372E-005 0.869769
0.101555 9.99458E-005 9.99458E-005 0.546506 9.99458E-005 9.99458E-005 9.99458E-005 9.99458E-005 0.351339
9.99461E-005 9.99461E-005 9.99461E-005 9.99461E-005 9.99461E-005 0.00604733 9.99461E-005 0.0171302 0.976223
0.00516239 0.0341787 9.99731E-005 9.99731E-005 0.106193 0.0317778 9.99731E-005 0.000132161 0.822256
0.020148 9.99731E-005 9.99731E-005 0.011705 9.99731E-005 0.141083 0.0532366 0.0303515 0.743176
9.99372E-005 9.99372E-005 9.99372E-005 9.99372E-005 9.99372E-005 9.99372E-005 0.0380031 9.99372E-005 0.961297
9.99462E-005 9.99462E-005 9.99462E-005 9.99462E-005 9.99462E-005 0.011431 0.0478198 9.99462E-005 0.94015
0.016401 0.0630194 0.100517 9.9964E-005 9.9964E-005 9.9964E-005 9.9964E-005 0.047461 0.772202
9.99551E-005 0.00698805 9.99551E-005 0.0012618 9.99551E-005 9.99551E-005 0.0782897 9.99551E-005 0.912961
9.993E-005 9.993E-005 9.993E-005 9.993E-005 9.993E-005 9.993E-005 9.993E-005 9.993E-005 0.999201
9.99372E-005 9.99372E-005 9.99372E-005 9.99372E-005 0.0234656 9.99372E-005 9.99372E-005 9.99372E-005 0.975835
0.050109 0.242409 9.997E-005 0.0148744 0.180975 9.997E-005 9.997E-005 0.00793226 0.5034
9.99641E-005 0.259902 0.0079531 0.00993333 0.222532 9.99641E-005 9.99641E-005 9.99641E-005 0.49928
0.0202555 0.239259 9.99731E-005 9.99731E-005 0.0753379 0.0918265 9.99731E-005 0.0127156 0.560306
0.185778 0.596605 9.99641E-005 0.0254752 9.99641E-005 9.99641E-005 9.99641E-005 0.0299167 0.161825
0.321395 0.482692 0.00749643 9.99641E-005 9.99641E-005 9.99641E-005 9.99641E-005 0.0609719 0.127045
9.99372E-005 0.99288 9.99372E-005 9.99372E-005 9.99372E-005 0.00641995 9.99372E-005 9.99372E-005 9.99372E-005
9.993E-005 0.999201 9.993E-005 9.993E-005 9.993E-005 9.993E-005 9.993E-005 9.993E-005 9.993E-005
0.181387 0.538936 9.99641E-005 9.99641E-005 0.106663 0.0153999 9.99641E-005 9.99641E-005 0.157215
0.250588 0.535268 9.99551E-005 9.99551E-005 9.99551E-005 9.99551E-005 9.99551E-005 0.000356323 0.213289
9.99371E-005 0.962832 0.036468 9.99371E-005 9.99371E-005 9.99371E-005 9.99371E-005 9.99371E-005 9.99371E-005
9.993E-005 0.999201 9.993E-005 9.993E-005 9.993E-005 9.993E-005 9.993E-005 9.993E-005 9.993E-005
0.146967 0.541501 9.99551E-005 9.99551E-005 0.157055 9.99551E-005 9.99551E-005 9.99551E-005 0.153978
9.99371E-005 0.989994 9.99371E-005 9.99371E-005 9.99371E-005 0.00930667 9.99371E-005 9.99371E-005 9.99371E-005
9.99371E-005 0.996966 9.99371E-005 0.00233439 9.99371E-005 9.99371E-005 9.99371E-005 9.99371E-005 9.99371E-005
9.993E-005 0.999201 9.993E-005 9.993E-005 9.993E-005 9.993E-005 9.993E-005 9.993E-005 9.993E-005
9.993E-005 0.999201 9.993E-005 9.993E-005 9.993E-005 9.993E-005 9.993E-005 9.993E-005 9.993E-005
9.99371E-005 0.968314 9.99371E-005 9.99371E-005 9.99371E-005 9.99371E-005 9.99371E-005 0.0309869 9.99371E-005
9.99372E-005 9.99372E-005 0.0446362 9.99372E-005 0.954664 9.99372E-005 9.99372E-005 9.99372E-005 9.99372E-005
9.99641E-005 9.99641E-005 0.0707703 0.0134934 9.99641E-005 0.857949 0.0232555 0.0341321 9.99641E-005
9.99371E-005 9.99371E-005 9.99371E-005 9.99371E-005 9.99371E-005 0.949388 9.99371E-005 0.0499124 9.99371E-005
0.933065 0.0597126 9.99461E-005 9.99461E-005 9.99461E-005 9.99461E-005 9.99461E-005 0.0066229 9.99461E-005
0.914577 0.0731305 9.99462E-005 0.0116929 9.99462E-005 9.99462E-005 9.99462E-005 9.99462E-005 9.99462E-005
0.961621 0.0376798 9.99372E-005 9.99372E-005 9.99372E-005 9.99372E-005 9.99372E-005 9.99372E-005 9.99372E-005
0.96391 9.99372E-005 0.0353904 9.99372E-005 9.99372E-005 9.99372E-005 9.99372E-005 9.99372E-005 9.99372E-005
0.935809 0.00225802 9.99462E-005 9.99462E-005 9.99462E-005 9.99462E-005 9.99462E-005 9.99462E-005 0.0613332
0.969406 9.99371E-005 9.99371E-005 9.99371E-005 9.99371E-005 9.99371E-005 9.99371E-005 0.0298941 9.99371E-005
0.932456 9.99462E-005 9.99462E-005 9.99462E-005 0.0184059 9.99462E-005 9.99462E-005 0.0485389 9.99462E-005
0.908243 0.00809501 9.99552E-005 9.99552E-005 9.99552E-005 0.0213486 9.99552E-005 9.99552E-005 0.0618136
0.936137 9.99372E-005 9.99372E-005 9.99372E-005 0.0631636 9.99372E-005 9.99372E-005 9.99372E-005 9.99372E-005
0.921426 9.99641E-005 0.0134051 9.99641E-005 9.99641E-005 9.99641E-005 0.00151004 0.00435091 0.0589086
0.96861 9.99462E-005 0.0251603 9.99462E-005 9.99462E-005 9.99462E-005 9.99462E-005 0.00563023 9.99462E-005
0.886411 0.0269261 9.99641E-005 0.0405441 9.99641E-005 9.99641E-005 9.99641E-005 0.00553571 0.0401832
0.954311 9.99372E-005 9.99372E-005 9.99372E-005 9.99372E-005 9.99372E-005 9.99372E-005 9.99372E-005 0.0449896
0.967621 0.0310853 0.000694488 9.99461E-005 9.99461E-005 9.99461E-005 9.99461E-005 9.99461E-005 9.99461E-005
0.97635 9.99462E-005 9.99462E-005 9.99462E-005 0.0052192 9.99462E-005 0.0178315 9.99462E-005 9.99462E-005
0.898178 9.99551E-005 0.0648296 0.0229601 9.99551E-005 9.99551E-005 9.99551E-005 0.0135322 9.99551E-005
0.916812 0.0824881 9.99372E-005 9.99372E-005 9.99372E-005 9.99372E-005 9.99372E-005 9.99372E-005 9.99372E-005
0.934651 0.0283275 9.99462E-005 9.99462E-005 9.99462E-005 0.0364215 9.99462E-005 9.99462E-005 9.99462E-005
0.966618 0.00566271 9.99462E-005 9.99462E-005 9.99462E-005 9.99462E-005 9.99462E-005 9.99462E-005 0.0271199
0.8931 0.0138128 9.99551E-005 0.0150761 0.077511 9.99551E-005 9.99551E-005 9.99551E-005 9.99551E-005
0.95834 0.0123387 9.99551E-005 0.0172815 0.01154 9.99551E-005 9.99551E-005 9.99551E-005 9.99551E-005
0.903709 0.0319933 0.045251 0.0164166 9.99731E-005 9.99731E-005 9.99731E-005 0.00199517 0.000334978
0.975184 9.99372E-005 9.99372E-005 9.99372E-005 9.99372E-005 9.99372E-005 0.0241166 9.99372E-005 9.99372E-005
0.860909 9.99461E-005 9.99461E-005 9.99461E-005 9.99461E-005 9.99461E-005 9.99461E-005 0.0166237 0.121867
0.984221 0.00505371 0.0101259 9.99461E-005 9.99461E-005 9.99461E-005 9.99461E-005 9.99461E-005 9.99461E-005
0.896121 9.99641E-005 9.99641E-005 0.0232825 9.99641E-005 9.99641E-005 0.00457298 0.0247996 0.0508237
0.216399 0.561153 9.99641E-005 9.99641E-005 0.0443291 9.99641E-005 9.99641E-005 0.00253781 0.175181
0.158562 0.330106 9.9964E-005 0.0219686 0.372348 9.9964E-005 9.9964E-005 9.9964E-005 0.116616
0.339342 0.412404 9.996E-005 9.996E-005 0.0837001 9.996E-005 9.996E-005 0.013117 0.151037
9.99731E-005 0.0289499 0.783189 0.0130933 0.120629 0.0378959 0.0159427 9.99731E-005 9.99731E-005
9.993E-005 9.993E-005 0.999201 9.993E-005 9.993E-005 9.993E-005 9.993E-005 9.993E-005 9.993E-005
9.99551E-005 9.99551E-005 0.970617 9.99551E-005 9.99551E-005 0.00225839 9.99551E-005 0.00891478 0.0177104
9.99371E-005 9.99371E-005 0.990339 9.99371E-005 9.99371E-005 9.99371E-005 9.99371E-005 0.00896164 9.99371E-005
9.99372E-005 9.99372E-005 0.919845 9.99372E-005 9.99372E-005 0.0794552 9.99372E-005 9.99372E-005 9.99372E-005
9.993E-005 9.993E-005 0.999201 9.993E-005 9.993E-005 9.993E-005 9.993E-005 9.993E-005 9.993E-005
9.9982E-005 0.0186802 0.518896 0.0442684 0.101761 0.188417 0.0785605 0.0492174 9.9982E-005
9.99457E-005 9.99457E-005 9.99457E-005 0.0179027 9.99457E-005 0.981398 9.99457E-005 9.99457E-005 9.99457E-005
9.993E-005 9.993E-005 9.993E-005 9.993E-005 9.993E-005 0.999201 9.993E-005 9.993E-005 9.993E-005
9.99731E-005 0.0255191 0.00541983 9.99731E-005 0.00563682 0.876768 0.0117474 0.0746088 9.99731E-005
0.446383 9.99641E-005 0.130728 9.99641E-005 0.351632 0.0400416 9.99641E-005 0.030816 9.99641E-005
0.0486545 9.999E-005 0.0564809 0.0642069 0.202495 0.0316357 0.419128 0.0296099 0.14769
0.0648718 0.052366 0.0237273 0.722908 9.99819E-005 0.0153468 0.0879791 0.0326009 9.99819E-005
0.111042 0.179738 9.996E-005 9.996E-005 0.0072355 9.996E-005 9.996E-005 0.025208 0.676377
9.99551E-005 0.272969 9.99551E-005 9.99551E-005 0.0858107 9.99551E-005 0.053392 9.99551E-005 0.587328
0.333458 9.99367E-005 9.99367E-005 0.665843 9.99367E-005 9.99367E-005 9.99367E-005 9.99367E-005 9.99367E-005
0.923016 0.00918246 9.99641E-005 9.99641E-005 0.00412218 0.00649914 9.99641E-005 9.99641E-005 0.0567805
0.979421 9.99372E-005 0.0198797 9.99372E-005 9.99372E-005 9.99372E-005 9.99372E-005 9.99372E-005 9.99372E-005
0.892624 9.99551E-005 9.99551E-005 0.0404505 0.0286814 9.99551E-005 0.0377442 9.99551E-005 9.99551E-005
0.978404 9.99462E-005 9.99462E-005 0.0156093 9.99462E-005 0.00538742 9.99462E-005 9.99462E-005 9.99462E-005
0.924926 9.99461E-005 0.0117171 9.99461E-005 9.99461E-005 9.99461E-005 9.99461E-005 9.99461E-005 0.0627574
0.924417 0.0389758 9.99641E-005 0.0140963 9.99641E-005 9.99641E-005 0.00820456 9.99641E-005 0.0139064
0.929148 0.030745 0.0395074 9.99462E-005 9.99462E-005 9.99462E-005 9.99462E-005 9.99462E-005 9.99462E-005
0.991922 9.99372E-005 9.99372E-005 9.99372E-005 9.99372E-005 9.99372E-005 9.99372E-005 0.00737889 9.99372E-005
0.923775 0.023542 9.99462E-005 9.99462E-005 9.99462E-005 0.0520835 9.99462E-005 9.99462E-005 9.99462E-005
0.937555 0.0617458 9.99372E-005 9.99372E-005 9.99372E-005 9.99372E-005 9.99372E-005 9.99372E-005 9.99372E-005
0.97186 9.99462E-005 0.00921499 9.99462E-005 9.99462E-005 0.018325 9.99462E-005 9.99462E-005 9.99462E-005
0.941135 0.00984825 0.0114122 9.99551E-005 0.0371045 9.99551E-005 9.99551E-005 9.99551E-005 9.99551E-005
0.903329 9.99461E-005 9.99461E-005 9.99461E-005 0.0949272 0.00114377 9.99461E-005 9.99461E-005 9.99461E-005
0.961213 9.99372E-005 9.99372E-005 9.99372E-005 9.99372E-005 9.99372E-005 9.99372E-005 0.038087 9.99372E-005
0.914983 9.99462E-005 9.99462E-005 9.99462E-005 0.00904637 9.99462E-005 9.99462E-005 9.99462E-005 0.0753711
9.99641E-005 0.0698567 0.169846 9.99641E-005 0.622311 9.99641E-005 0.0520576 0.0855293 9.99641E-005
9.99731E-005 0.012673 0.0325408 9.99731E-005 0.80114 0.0146627 0.10305 0.0356334 9.99731E-005
9.996E-005 0.0350237 9.996E-005 9.996E-005 0.571078 0.125547 0.16029 0.107662 9.996E-005
9.99372E-005 9.99372E-005 9.99372E-005 9.99372E-005 9.99372E-005 0.996707 9.99372E-005 9.99372E-005 0.00259332
9.99372E-005 9.99372E-005 9.99372E-005 9.99372E-005 9.99372E-005 0.976156 9.99372E-005 0.0231441 9.99372E-005
9.99462E-005 9.99462E-005 9.99462E-005 9.99462E-005 0.0453774 0.927322 9.99462E-005 9.99462E-005 0.026701
9.99641E-005 9.99641E-005 0.0687203 9.99641E-005 0.0119838 0.850454 9.99641E-005 0.0272068 0.0412355
9.99462E-005 0.196912 9.99462E-005 9.99462E-005 0.0651088 9.99462E-005 9.99462E-005 9.99462E-005 0.737379
9.99601E-005 0.208253 0.0469223 9.99601E-005 9.99601E-005 9.99601E-005 9.99601E-005 0.0414287 0.702896
0.0166452 0.249933 0.0517567 0.00209582 0.192767 9.997E-005 9.997E-005 9.997E-005 0.486502
9.99731E-005 0.00284352 0.0675078 9.99731E-005 0.828871 0.0293115 0.0291679 0.0419979 9.99731E-005
9.99462E-005 9.99462E-005 0.00225352 0.0268428 0.970304 9.99462E-005 9.99462E-005 9.99462E-005 9.99462E-005
0.0363962 0.0216839 0.0304051 9.999E-005 0.754153 0.00755271 0.102716 0.0087599 0.0382331
0.0142628 0.00549534 9.99731E-005 0.032265 0.920486 9.99731E-005 9.99731E-005 0.00532835 0.0218631
