0.00570373 9.99192E-005 0.00671869 0.0319087 9.99192E-005 9.99192E-005 0.901187 9.99192E-005 9.99192E-005 9.99192E-005 9.99192E-005 9.99192E-005 0.0535822 9.99192E-005
9.98833E-005 9.98833E-005 9.98833E-005 9.98833E-005 9.98833E-005 9.98833E-005 0.998702 9.98833E-005 9.98833E-005 9.98833E-005 9.98833E-005 9.98833E-005 9.98833E-005 9.98833E-005
9.99012E-005 9.99012E-005 0.0284819 0.11257 9.99012E-005 9.99012E-005 0.857849 9.99012E-005 9.99012E-005 9.99012E-005 9.99012E-005 9.99012E-005 9.99012E-005 9.99012E-005
9.99286E-005 9.99286E-005 0.00024865 9.99286E-005 0.0634316 0.0439134 0.735723 9.99286E-005 9.99286E-005 9.99286E-005 0.0966978 9.99286E-005 0.0591862 9.99286E-005
0.00502268 9.99192E-005 0.0130263 0.0463376 0.0603866 9.99192E-005 0.874328 9.99192E-005 9.99192E-005 9.99192E-005 9.99192E-005 9.99192E-005 9.99192E-005 9.99192E-005
9.98832E-005 9.98832E-005 9.98832E-005 9.98832E-005 9.98832E-005 9.98832E-005 0.998702 9.98832E-005 9.98832E-005 9.98832E-005 9.98832E-005 9.98832E-005 9.98832E-005 9.98832E-005
9.98922E-005 9.98922E-005 0.00308056 9.98922E-005 9.98922E-005 9.98922E-005 0.995721 9.98922E-005 9.98922E-005 9.98922E-005 9.98922E-005 9.98922E-005 9.98922E-005 9.98922E-005
0.00888504 9.99282E-005 9.99282E-005 9.99282E-005 0.0664211 0.0456429 0.734865 0.13151 0.0118767 9.99282E-005 9.99282E-005 9.99282E-005 9.99282E-005 9.99282E-005
9.99191E-005 9.99191E-005 9.99191E-005 9.99191E-005 9.99191E-005 0.0592327 0.787903 9.99191E-005 9.99191E-005 0.0278994 0.0496597 0.0744056 9.99191E-005 9.99191E-005
9.99102E-005 9.99102E-005 9.99102E-005 9.99102E-005 9.99102E-005 0.0639742 0.813547 9.99102E-005 9.99102E-005 0.0181985 9.99102E-005 0.103281 9.99102E-005 9.99102E-005
9.99012E-005 0.0560287 9.99012E-005 9.99012E-005 9.99012E-005 9.99012E-005 0.872474 9.99012E-005 9.99012E-005 0.0703985 9.99012E-005 9.99012E-005 9.99012E-005 9.99012E-005
9.99373E-005 9.99373E-005 0.0567357 0.0156028 0.151102 0.142249 0.593879 0.0262127 9.99373E-005 9.99373E-005 9.99373E-005 9.99373E-005 0.0135184 9.99373E-005
9.99372E-005 9.99372E-005 0.00842529 0.0668711 0.0515761 9.99372E-005 0.708605 0.111981 9.99372E-005 0.0151786 9.99372E-005 9.99372E-005 0.0366638 9.99372E-005
9.99283E-005 0.0774852 9.99283E-005 0.0512802 0.147249 9.99283E-005 0.646969 9.99283E-005 0.0242472 9.99283E-005 0.05197 9.99283E-005 9.99283E-005 9.99283E-005
9.99589E-005 9.99589E-005 9.99589E-005 0.0240681 0.0872659 0.0980751 0.455733 0.0860901 0.0254256 0.0640798 0.0896319 0.0691306 9.99589E-005 9.99589E-005
9.99462E-005 9.99462E-005 9.99462E-005 0.187014 0.0376875 0.134432 0.499598 0.0752537 0.0115005 0.0155368 0.0383773 9.99462E-005 9.99462E-005 9.99462E-005
0.0128947 9.99282E-005 9.99282E-005 0.0418522 0.137389 0.169477 0.553908 9.99282E-005 9.99282E-005 9.99282E-005 0.0836803 9.99282E-005 9.99282E-005 9.99282E-005
0.0147108 9.99461E-005 9.99461E-005 0.242277 0.0880914 0.0821196 0.513629 0.0281026 0.0115887 0.0188814 9.99461E-005 9.99461E-005 9.99461E-005 9.99461E-005
9.99372E-005 0.0125722 0.549921 0.0988116 0.00849407 0.215094 0.0766133 9.99372E-005 9.99372E-005 9.99372E-005 0.0377939 9.99372E-005 9.99372E-005 9.99372E-005
9.99103E-005 9.99103E-005 0.0398429 9.99103E-005 0.044961 0.906716 9.99103E-005 9.99103E-005 9.99103E-005 9.99103E-005 0.00748101 9.99103E-005 9.99103E-005 9.99103E-005
9.98924E-005 9.98924E-005 0.0746366 9.98924E-005 9.98924E-005 0.924165 9.98924E-005 9.98924E-005 9.98924E-005 9.98924E-005 9.98924E-005 9.98924E-005 9.98924E-005 9.98924E-005
0.0110634 0.0191115 0.227692 9.99371E-005 0.0047844 0.650184 0.0574938 9.99371E-005 9.99371E-005 9.99371E-005 9.99371E-005 9.99371E-005 0.0289708 9.99371E-005
9.99102E-005 0.058941 0.0445571 9.99102E-005 9.99102E-005 0.853739 9.99102E-005 9.99102E-005 9.99102E-005 0.0417638 9.99102E-005 9.99102E-005 9.99102E-005 9.99102E-005
9.98829E-005 9.98829E-005 0.998702 9.98829E-005 9.98829E-005 9.98829E-005 9.98829E-005 9.98829E-005 9.98829E-005 9.98829E-005 9.98829E-005 9.98829E-005 9.98829E-005 9.98829E-005
9.98922E-005 9.98922E-005 0.988266 9.98922E-005 9.98922E-005 0.0105353 9.98922E-005 9.98922E-005 9.98922E-005 9.98922E-005 9.98922E-005 9.98922E-005 9.98922E-005 9.98922E-005
9.98832E-005 9.98832E-005 0.998702 9.98832E-005 9.98832E-005 9.98832E-005 9.98832E-005 9.98832E-005 9.98832E-005 9.98832E-005 9.98832E-005 9.98832E-005 9.98832E-005 9.98832E-005
9.99282E-005 9.99282E-005 0.074293 9.99282E-005 0.0523838 0.71409 9.99282E-005 9.99282E-005 0.0233481 9.99282E-005 0.110243 9.99282E-005 9.99282E-005 0.0248425
9.99012E-005 9.99012E-005 0.772418 9.99012E-005 9.99012E-005 0.186725 9.99012E-005 9.99012E-005 9.99012E-005 9.99012E-005 9.99012E-005 9.99012E-005 0.0397588 9.99012E-005
9.99013E-005 9.99013E-005 9.99013E-005 0.0344831 9.99013E-005 0.902114 9.99013E-005 9.99013E-005 9.99013E-005 9.99013E-005 0.062304 9.99013E-005 9.99013E-005 9.99013E-005
9.98831E-005 9.98831E-005 0.998702 9.98831E-005 9.98831E-005 9.98831E-005 9.98831E-005 9.98831E-005 9.98831E-005 9.98831E-005 9.98831E-005 9.98831E-005 9.98831E-005 9.98831E-005
9.99282E-005 9.99282E-005 0.169621 9.99282E-005 9.99282E-005 0.65531 0.0689641 0.0607838 9.99282E-005 9.99282E-005 9.99282E-005 0.023681 0.0208408 9.99282E-005
9.98922E-005 9.98922E-005 0.997748 9.98922E-005 9.98922E-005 9.98922E-005 9.98922E-005 9.98922E-005 9.98922E-005 0.00105295 9.98922E-005 9.98922E-005 9.98922E-005 9.98922E-005
9.99013E-005 9.99013E-005 0.0705165 0.0992216 9.99013E-005 0.829163 9.99013E-005 9.99013E-005 9.99013E-005 9.99013E-005 9.99013E-005 9.99013E-005 9.99013E-005 9.99013E-005
9.99282E-005 0.0101924 0.253826 9.99282E-005 9.99282E-005 0.689773 0.00231058 9.99282E-005 0.00464504 9.99282E-005 9.99282E-005 0.0384539 9.99282E-005 9.99282E-005
9.99282E-005 9.99282E-005 0.142311 0.0426689 0.00904941 0.701133 9.99282E-005 0.0487245 9.99282E-005 9.99282E-005 9.99282E-005 0.0553135 9.99282E-005 9.99282E-005
9.99102E-005 9.99102E-005 0.102507 9.99102E-005 9.99102E-005 0.869711 0.00530118 0.0214817 9.99102E-005 9.99102E-005 9.99102E-005 9.99102E-005 9.99102E-005 9.99102E-005
9.99282E-005 9.99282E-005 0.108269 9.99282E-005 9.99282E-005 0.736874 0.0397977 9.99282E-005 0.0213779 9.99282E-005 0.0734955 9.99282E-005 9.99282E-005 0.019386
9.99462E-005 0.0294903 9.99462E-005 0.0859599 0.705403 0.0724864 0.0574414 0.0305011 9.99462E-005 9.99462E-005 9.99462E-005 9.99462E-005 0.0160554 0.00206306
9.98923E-005 9.98923E-005 9.98923E-005 9.98923E-005 0.991526 9.98923E-005 9.98923E-005 9.98923E-005 9.98923E-005 0.00727557 9.98923E-005 9.98923E-005 9.98923E-005 9.98923E-005
9.99193E-005 9.99193E-005 0.0249331 0.106307 0.778989 9.99193E-005 9.99193E-005 9.99193E-005 9.99193E-005 9.99193E-005 9.99193E-005 0.030952 0.05792 9.99193E-005
9.99176E-005 9.99176E-005 9.99176E-005 0.123151 0.846254 9.99176E-005 9.99176E-005 9.99176E-005 9.99176E-005 0.0226524 9.99176E-005 0.00694346 9.99176E-005 9.99176E-005
0.00723716 9.99192E-005 0.0313729 0.185378 0.753618 9.99192E-005 9.99192E-005 9.99192E-005 0.0214946 9.99192E-005 9.99192E-005 9.99192E-005 9.99192E-005 9.99192E-005
9.99012E-005 9.99012E-005 9.99012E-005 0.0196327 0.952426 9.99012E-005 9.99012E-005 9.99012E-005 9.99012E-005 9.99012E-005 0.0268428 9.99012E-005 9.99012E-005 9.99012E-005
9.99013E-005 9.99013E-005 9.99013E-005 0.232047 0.762166 9.99013E-005 9.99013E-005 9.99013E-005 0.00468758 9.99013E-005 9.99013E-005 9.99013E-005 9.99013E-005 9.99013E-005
9.99282E-005 9.99282E-005 0.0176859 0.0565418 0.79667 0.0305318 0.0321504 9.99282E-005 9.99282E-005 9.99282E-005 0.0656208 9.99282E-005 9.99282E-005 9.99282E-005
9.99013E-005 9.99013E-005 0.0154567 0.0635811 0.919863 9.99013E-005 9.99013E-005 9.99013E-005 9.99013E-005 9.99013E-005 9.99013E-005 9.99013E-005 9.99013E-005 9.99013E-005
9.994E-005 9.994E-005 0.0423907 0.0393573 0.0333604 9.994E-005 0.139535 0.216101 9.994E-005 9.994E-005 0.419135 0.0370027 9.994E-005 0.072518
0.998702 9.98832E-005 9.98832E-005 9.98832E-005 9.98832E-005 9.98832E-005 9.98832E-005 9.98832E-005 9.98832E-005 9.98832E-005 9.98832E-005 9.98832E-005 9.98832E-005 9.98832E-005
0.0127777 9.98922E-005 9.98922E-005 9.98922E-005 9.98922E-005 9.98922E-005 9.98922E-005 9.98922E-005 9.98922E-005 0.986024 9.98922E-005 9.98922E-005 9.98922E-005 9.98922E-005
9.99014E-005 9.99014E-005 9.99014E-005 0.0548726 9.99014E-005 9.99014E-005 9.99014E-005 9.99014E-005 0.00833431 9.99014E-005 0.935694 9.99014E-005 9.99014E-005 9.99014E-005
9.9901E-005 9.9901E-005 9.9901E-005 9.9901E-005 9.9901E-005 9.9901E-005 9.9901E-005 0.00274865 9.9901E-005 0.725571 0.270581 9.9901E-005 9.9901E-005 9.9901E-005
9.98923E-005 9.98923E-005 0.0171221 9.98923E-005 9.98923E-005 9.98923E-005 9.98923E-005 9.98923E-005 9.98923E-005 9.98923E-005 0.981679 9.98923E-005 9.98923E-005 9.98923E-005
9.993E-005 9.993E-005 9.993E-005 9.993E-005 0.0127077 0.128399 9.993E-005 0.0239284 0.0440466 9.993E-005 0.74786 0.0387527 9.993E-005 0.00360638
0.00910429 0.0244285 0.0209647 9.99461E-005 0.117124 9.99461E-005 0.045365 0.0533409 9.99461E-005 9.99461E-005 0.661595 9.99461E-005 0.0674777 9.99461E-005
9.99193E-005 9.99193E-005 9.99193E-005 9.99193E-005 9.99193E-005 9.99193E-005 0.0278611 9.99193E-005 9.99193E-005 9.99193E-005 0.933778 0.00473477 0.0228693 0.00985763
9.99013E-005 0.000552266 9.99013E-005 9.99013E-005 9.99013E-005 9.99013E-005 0.0387318 9.99013E-005 9.99013E-005 9.99013E-005 0.959617 9.99013E-005 9.99013E-005 9.99013E-005
9.99281E-005 9.99281E-005 0.0403705 0.0700266 9.99281E-005 9.99281E-005 9.99281E-005 9.99281E-005 0.0167432 9.99281E-005 0.796044 9.99281E-005 0.0565487 0.0194671
9.99013E-005 9.99013E-005 9.99013E-005 9.99013E-005 9.99013E-005 9.99013E-005 0.0396494 9.99013E-005 9.99013E-005 0.00597518 0.953277 9.99013E-005 9.99013E-005 9.99013E-005
9.98923E-005 0.0366483 9.98923E-005 9.98923E-005 9.98923E-005 9.98923E-005 9.98923E-005 9.98923E-005 9.98923E-005 9.98923E-005 0.962153 9.98923E-005 9.98923E-005 9.98923E-005
9.99012E-005 9.99012E-005 9.99012E-005 9.99012E-005 9.99012E-005 0.0255796 9.99012E-005 9.99012E-005 9.99012E-005 9.99012E-005 0.929399 0.0439226 9.99012E-005 9.99012E-005
9.99103E-005 0.00224886 0.00301596 9.99103E-005 9.99103E-005 9.99103E-005 9.99103E-005 0.993386 0.000350431 9.99103E-005 9.99103E-005 9.99103E-005 9.99103E-005 9.99103E-005
9.99102E-005 9.99102E-005 9.99102E-005 9.99102E-005 9.99102E-005 0.0604865 9.99102E-005 0.936287 0.000291709 9.99102E-005 9.99102E-005 9.99102E-005 0.00193586 9.99102E-005
0.00405337 9.99283E-005 9.99283E-005 0.0149492 0.0344908 9.99283E-005 9.99283E-005 0.891483 9.99283E-005 9.99283E-005 0.00913868 9.99283E-005 0.0450853 9.99283E-005
9.98833E-005 9.98833E-005 9.98833E-005 9.98833E-005 9.98833E-005 9.98833E-005 9.98833E-005 9.98833E-005 9.98833E-005 9.98833E-005 9.98833E-005 9.98833E-005 0.998702 9.98833E-005
9.99102E-005 9.99102E-005 0.0209693 9.99102E-005 9.99102E-005 9.99102E-005 9.99102E-005 9.99102E-005 0.0566787 9.99102E-005 9.99102E-005 9.99102E-005 0.775624 0.145729
9.99014E-005 9.99014E-005 9.99014E-005 9.99014E-005 9.99014E-005 9.99014E-005 9.99014E-005 9.99014E-005 0.967468 9.99014E-005 0.0245191 0.00691408 9.99014E-005 9.99014E-005
9.98832E-005 9.98832E-005 9.98832E-005 9.98832E-005 9.98832E-005 9.98832E-005 9.98832E-005 9.98832E-005 0.998702 9.98832E-005 9.98832E-005 9.98832E-005 9.98832E-005 9.98832E-005
9.99282E-005 0.011243 9.99282E-005 9.99282E-005 0.0288389 9.99282E-005 9.99282E-005 0.00944044 0.146807 9.99282E-005 9.99282E-005 0.00365964 0.799212 9.99282E-005
9.99102E-005 0.0157208 9.99102E-005 9.99102E-005 9.99102E-005 9.99102E-005 9.99102E-005 9.99102E-005 0.0281303 9.99102E-005 9.99102E-005 9.99102E-005 0.953344 0.00180626
9.99102E-005 9.99102E-005 9.99102E-005 0.0262765 9.99102E-005 0.0145457 9.99102E-005 0.0219156 0.936263 9.99102E-005 9.99102E-005 9.99102E-005 9.99102E-005 9.99102E-005
9.98833E-005 9.98833E-005 9.98833E-005 9.98833E-005 9.98833E-005 9.98833E-005 9.98833E-005 9.98833E-005 0.998702 9.98833E-005 9.98833E-005 9.98833E-005 9.98833E-005 9.98833E-005
0.00166722 9.98922E-005 9.98922E-005 9.98922E-005 9.98922E-005 9.98922E-005 9.98922E-005 9.98922E-005 9.98922E-005 9.98922E-005 9.98922E-005 9.98922E-005 0.997134 9.98922E-005
9.99013E-005 9.99013E-005 9.99013E-005 9.99013E-005 0.0032984 9.99013E-005 9.99013E-005 9.99013E-005 0.979429 9.99013E-005 0.0161734 9.99013E-005 9.99013E-005 9.99013E-005
0.0062828 9.99012E-005 9.99012E-005 9.99012E-005 9.99012E-005 9.99012E-005 9.99012E-005 9.99012E-005 0.940704 9.99012E-005 9.99012E-005 9.99012E-005 0.0519145 9.99012E-005
9.99013E-005 9.99013E-005 9.99013E-005 9.99013E-005 9.99013E-005 9.99013E-005 9.99013E-005 9.99013E-005 0.970322 0.0149943 9.99013E-005 0.0135845 9.99013E-005 9.99013E-005
9.99013E-005 0.00523142 9.99013E-005 9.99013E-005 9.99013E-005 9.99013E-005 9.99013E-005 9.99013E-005 0.840179 9.99013E-005 9.99013E-005 9.99013E-005 0.153491 9.99013E-005
9.99101E-005 0.0109272 0.0415296 9.99101E-005 9.99101E-005 9.99101E-005 9.99101E-005 9.99101E-005 0.930734 9.99101E-005 9.99101E-005 9.99101E-005 9.99101E-005 0.0158097
9.99014E-005 0.0128662 9.99014E-005 0.042633 9.99014E-005 0.943402 9.99014E-005 9.99014E-005 9.99014E-005 9.99014E-005 9.99014E-005 9.99014E-005 9.99014E-005 9.99014E-005
0.00375149 9.99192E-005 9.99192E-005 0.0811579 0.845902 9.99192E-005 0.0188114 9.99192E-005 9.99192E-005 9.99192E-005 9.99192E-005 9.99192E-005 0.0494776 9.99192E-005
9.99013E-005 9.99013E-005 0.0535993 9.99013E-005 0.944364 9.99013E-005 9.99013E-005 0.000937645 9.99013E-005 9.99013E-005 9.99013E-005 9.99013E-005 9.99013E-005 9.99013E-005
9.99012E-005 9.99012E-005 9.99012E-005 9.99012E-005 9.99012E-005 9.99012E-005 9.99012E-005 9.99012E-005 0.0267862 9.99012E-005 9.99012E-005 0.0826129 9.99012E-005 0.889502
9.99103E-005 9.99103E-005 9.99103E-005 9.99103E-005 9.99103E-005 9.99103E-005 9.99103E-005 9.99103E-005 0.0405659 0.0369409 9.99103E-005 0.00646797 9.99103E-005 0.915026
9.99103E-005 0.00838502 9.99103E-005 9.99103E-005 9.99103E-005 9.99103E-005 9.99103E-005 9.99103E-005 0.0107159 9.99103E-005 9.99103E-005 9.99103E-005 0.00738898 0.972511
9.98831E-005 9.98831E-005 9.98831E-005 9.98831E-005 9.98831E-005 9.98831E-005 9.98831E-005 9.98831E-005 9.98831E-005 9.98831E-005 9.98831E-005 0.998702 9.98831E-005 9.98831E-005
9.99014E-005 0.0678675 9.99014E-005 9.99014E-005 9.99014E-005 9.99014E-005 9.99014E-005 0.0576366 9.99014E-005 9.99014E-005 9.99014E-005 9.99014E-005 9.99014E-005 0.873397
9.99281E-005 0.042986 0.011777 9.99281E-005 9.99281E-005 9.99281E-005 9.99281E-005 9.99281E-005 9.99281E-005 0.00308232 9.99281E-005 0.0891328 0.0724038 0.779819
9.99283E-005 0.0741986 0.0405429 9.99283E-005 9.99283E-005 9.99283E-005 9.99283E-005 9.99283E-005 9.99283E-005 0.0289092 9.99283E-005 0.0352888 0.0177824 0.802479
9.99282E-005 0.144908 9.99282E-005 9.99282E-005 0.00074349 9.99282E-005 9.99282E-005 9.99282E-005 0.0174834 9.99282E-005 0.0561437 0.195585 9.99282E-005 0.584337
9.99192E-005 0.00989304 9.99192E-005 9.99192E-005 9.99192E-005 0.064234 9.99192E-005 9.99192E-005 9.99192E-005 9.99192E-005 0.0110658 0.0642197 9.99192E-005 0.849688
9.98832E-005 9.98832E-005 9.98832E-005 9.98832E-005 9.98832E-005 9.98832E-005 9.98832E-005 9.98832E-005 9.98832E-005 9.98832E-005 9.98832E-005 0.998702 9.98832E-005 9.98832E-005
9.98831E-005 9.98831E-005 9.98831E-005 9.98831E-005 9.98831E-005 9.98831E-005 9.98831E-005 9.98831E-005 9.98831E-005 9.98831E-005 9.98831E-005 0.998702 9.98831E-005 9.98831E-005
0.0120927 0.0356459 9.99282E-005 9.99282E-005 9.99282E-005 9.99282E-005 9.99282E-005 9.99282E-005 9.99282E-005 0.0279359 0.0729558 0.0725543 9.99282E-005 0.778016
9.99102E-005 9.99102E-005 9.99102E-005 9.99102E-005 9.99102E-005 9.99102E-005 9.99102E-005 9.99102E-005 9.99102E-005 9.99102E-005 0.0267061 0.10289 0.0246817 0.844723
9.99102E-005 0.0586002 9.99102E-005 9.99102E-005 9.99102E-005 9.99102E-005 9.99102E-005 9.99102E-005 0.0263192 9.99102E-005 9.99102E-005 0.259281 9.99102E-005 0.654801
9.99192E-005 0.0436214 9.99192E-005 9.99192E-005 9.99192E-005 9.99192E-005 9.99192E-005 0.0171154 9.99192E-005 0.00331082 9.99192E-005 0.590728 9.99192E-005 0.344325
9.99282E-005 0.0812927 0.0228716 0.0408774 9.99282E-005 9.99282E-005 9.99282E-005 9.99282E-005 9.99282E-005 0.0398028 9.99282E-005 0.320138 9.99282E-005 0.494219
9.99013E-005 9.99013E-005 9.99013E-005 9.99013E-005 9.99013E-005 9.99013E-005 9.99013E-005 9.99013E-005 0.0529516 0.0121272 9.99013E-005 9.99013E-005 9.99013E-005 0.933822
9.99193E-005 0.0346748 9.99193E-005 0.0267056 0.00365087 9.99193E-005 9.99193E-005 0.00204153 9.99193E-005 9.99193E-005 9.99193E-005 9.99193E-005 9.99193E-005 0.932028
0.00247097 0.0728632 9.99283E-005 9.99283E-005 9.99283E-005 9.99283E-005 9.99283E-005 0.00672846 0.000410449 9.99283E-005 9.99283E-005 0.114163 9.99283E-005 0.802565
0.00504754 0.124587 9.99372E-005 9.99372E-005 9.99372E-005 0.0558983 9.99372E-005 9.99372E-005 9.99372E-005 0.0180438 9.99372E-005 0.0362284 0.0742304 0.685265
9.99282E-005 0.0929101 9.99282E-005 9.99282E-005 9.99282E-005 0.0191488 9.99282E-005 9.99282E-005 0.0069809 0.00524121 9.99282E-005 9.99282E-005 0.0168794 0.85804
9.99013E-005 9.99013E-005 9.99013E-005 9.99013E-005 9.99013E-005 9.99013E-005 9.99013E-005 9.99013E-005 0.0262295 0.0196215 9.99013E-005 0.95305 9.99013E-005 9.99013E-005
9.99102E-005 0.110843 9.99102E-005 9.99102E-005 9.99102E-005 9.99102E-005 0.0172809 9.99102E-005 9.99102E-005 0.0250361 9.99102E-005 9.99102E-005 9.99102E-005 0.845841
9.99282E-005 0.037976 0.0141946 9.99282E-005 9.99282E-005 9.99282E-005 9.99282E-005 0.035126 9.99282E-005 9.99282E-005 0.0787015 0.00330206 9.99282E-005 0.8299
9.99102E-005 0.0357803 9.99102E-005 9.99102E-005 9.99102E-005 9.99102E-005 9.99102E-005 0.0365225 9.99102E-005 9.99102E-005 9.99102E-005 0.0288582 9.99102E-005 0.89784
9.99371E-005 0.0503769 0.0340168 9.99371E-005 9.99371E-005 9.99371E-005 0.00109005 0.00506716 9.99371E-005 0.0442239 9.99371E-005 0.33948 9.99371E-005 0.525045
9.98833E-005 9.98833E-005 9.98833E-005 9.98833E-005 9.98833E-005 9.98833E-005 9.98833E-005 9.98833E-005 9.98833E-005 9.98833E-005 9.98833E-005 9.98833E-005 0.998702 9.98833E-005
9.99011E-005 9.99011E-005 9.99011E-005 9.99011E-005 9.99011E-005 0.257744 9.99011E-005 9.99011E-005 9.99011E-005 0.0539329 9.99011E-005 9.99011E-005 0.687224 9.99011E-005
9.99104E-005 9.99104E-005 0.00223039 9.99104E-005 0.00442284 9.99104E-005 9.99104E-005 9.99104E-005 9.99104E-005 9.99104E-005 9.99104E-005 0.157888 0.834459 9.99104E-005
9.99282E-005 9.99282E-005 9.99282E-005 0.765295 0.0420286 0.118951 0.0245082 9.99282E-005 0.043033 0.00538473 9.99282E-005 9.99282E-005 9.99282E-005 9.99282E-005
9.98829E-005 9.98829E-005 9.98829E-005 0.998702 9.98829E-005 9.98829E-005 9.98829E-005 9.98829E-005 9.98829E-005 9.98829E-005 9.98829E-005 9.98829E-005 9.98829E-005 9.98829E-005
9.98924E-005 9.98924E-005 9.98924E-005 0.976755 9.98924E-005 9.98924E-005 9.98924E-005 0.0220458 9.98924E-005 9.98924E-005 9.98924E-005 9.98924E-005 9.98924E-005 9.98924E-005
9.99012E-005 9.99012E-005 0.00149073 0.995097 9.99012E-005 0.0023134 9.99012E-005 9.99012E-005 9.99012E-005 9.99012E-005 9.99012E-005 9.99012E-005 9.99012E-005 9.99012E-005
9.98923E-005 9.98923E-005 9.98923E-005 0.913328 0.0854731 9.98923E-005 9.98923E-005 9.98923E-005 9.98923E-005 9.98923E-005 9.98923E-005 9.98923E-005 9.98923E-005 9.98923E-005
9.98833E-005 9.98833E-005 9.98833E-005 0.998702 9.98833E-005 9.98833E-005 9.98833E-005 9.98833E-005 9.98833E-005 9.98833E-005 9.98833E-005 9.98833E-005 9.98833E-005 9.98833E-005
0.0196975 9.99731E-005 0.0512232 0.522813 0.168549 0.0702301 0.119033 0.00432235 0.0296045 0.00283003 0.00533376 0.00606356 9.99731E-005 9.99731E-005
0.00623713 9.99103E-005 0.000758818 9.99103E-005 0.972614 9.99103E-005 9.99103E-005 9.99103E-005 9.99103E-005 0.019391 9.99103E-005 9.99103E-005 9.99103E-005 9.99103E-005
9.98833E-005 9.98833E-005 9.98833E-005 9.98833E-005 0.998702 9.98833E-005 9.98833E-005 9.98833E-005 9.98833E-005 9.98833E-005 9.98833E-005 9.98833E-005 9.98833E-005 9.98833E-005
0.0138342 9.99372E-005 0.0690322 0.0225131 0.843898 9.99372E-005 0.0110499 9.99372E-005 0.00866017 9.99372E-005 9.99372E-005 9.99372E-005 0.0303131 9.99372E-005
9.99282E-005 0.0763194 0.0170743 0.173293 0.0216334 0.325629 9.99282E-005 9.99282E-005 9.99282E-005 9.99282E-005 9.99282E-005 9.99282E-005 9.99282E-005 0.385252
0.00239161 9.99551E-005 0.0481237 0.0537929 0.046432 0.151912 0.423524 9.99551E-005 9.99551E-005 0.0576493 0.16193 0.0537445 9.99551E-005 9.99551E-005
9.9901E-005 9.9901E-005 0.016803 9.9901E-005 9.9901E-005 9.9901E-005 0.108619 9.9901E-005 9.9901E-005 0.873479 9.9901E-005 9.9901E-005 9.9901E-005 9.9901E-005
0.00407982 9.99012E-005 9.99012E-005 9.99012E-005 9.99012E-005 9.99012E-005 9.99012E-005 0.929589 9.99012E-005 9.99012E-005 9.99012E-005 0.065232 9.99012E-005 9.99012E-005
9.99013E-005 9.99013E-005 9.99013E-005 9.99013E-005 9.99013E-005 9.99013E-005 0.0643898 0.886644 0.0478678 9.99013E-005 9.99013E-005 9.99013E-005 9.99013E-005 9.99013E-005
9.99008E-005 0.0113383 9.99008E-005 9.99008E-005 9.99008E-005 9.99008E-005 9.99008E-005 9.99008E-005 9.99008E-005 0.916085 9.99008E-005 9.99008E-005 9.99008E-005 0.0714774
9.99283E-005 0.0802583 9.99283E-005 0.00603451 9.99283E-005 9.99283E-005 9.99283E-005 9.99283E-005 9.99283E-005 9.99283E-005 0.032432 0.0669249 0.034436 0.779115
9.99013E-005 0.883373 9.99013E-005 0.00413057 9.99013E-005 9.99013E-005 9.99013E-005 9.99013E-005 9.99013E-005 9.99013E-005 9.99013E-005 9.99013E-005 9.99013E-005 0.111397
0.00604008 0.106422 9.99372E-005 9.99372E-005 9.99372E-005 0.0212404 9.99372E-005 9.99372E-005 9.99372E-005 0.0437447 9.99372E-005 0.256237 0.0528497 0.512766
9.98829E-005 0.998702 9.98829E-005 9.98829E-005 9.98829E-005 9.98829E-005 9.98829E-005 9.98829E-005 9.98829E-005 9.98829E-005 9.98829E-005 9.98829E-005 9.98829E-005 9.98829E-005
0.00720867 9.99102E-005 9.99102E-005 9.99102E-005 9.99102E-005 9.99102E-005 9.99102E-005 9.99102E-005 9.99102E-005 9.99102E-005 0.0149896 0.727284 9.99102E-005 0.249519
9.993E-005 0.00904933 9.993E-005 9.993E-005 9.993E-005 9.993E-005 9.993E-005 0.00456562 9.993E-005 0.0070996 0.00749023 0.156527 0.0280397 0.786529
9.99282E-005 9.99282E-005 9.99282E-005 0.0315725 9.99282E-005 9.99282E-005 9.99282E-005 9.99282E-005 0.014683 9.99282E-005 0.00273083 0.0673523 0.00361635 0.879246
9.98829E-005 0.998702 9.98829E-005 9.98829E-005 9.98829E-005 9.98829E-005 9.98829E-005 9.98829E-005 9.98829E-005 9.98829E-005 9.98829E-005 9.98829E-005 9.98829E-005 9.98829E-005
9.99282E-005 0.057899 9.99282E-005 9.99282E-005 0.0279954 9.99282E-005 9.99282E-005 9.99282E-005 9.99282E-005 0.0108014 9.99282E-005 0.0353501 0.0187235 0.848431
9.99193E-005 0.0196496 9.99193E-005 9.99193E-005 9.99193E-005 9.99193E-005 9.99193E-005 9.99193E-005 0.0237848 9.99193E-005 9.99193E-005 0.0696754 0.0242171 0.861774
9.99193E-005 0.0514263 9.99193E-005 0.0091732 9.99193E-005 9.99193E-005 9.99193E-005 0.0154659 9.99193E-005 9.99193E-005 9.99193E-005 0.0356051 9.99193E-005 0.88743
9.99103E-005 0.037439 9.99103E-005 9.99103E-005 9.99103E-005 0.0319798 9.99103E-005 9.99103E-005 0.0066089 9.99103E-005 9.99103E-005 9.99103E-005 9.99103E-005 0.922973
0.00409611 0.0613445 9.99282E-005 9.99282E-005 9.99282E-005 0.0652406 9.99282E-005 9.99282E-005 9.99282E-005 9.99282E-005 9.99282E-005 0.106583 0.0215973 0.740339
9.99282E-005 0.0302938 0.027495 0.0141786 9.99282E-005 9.99282E-005 9.99282E-005 9.99282E-005 9.99282E-005 0.00892343 9.99282E-005 0.015471 9.99282E-005 0.902839
9.99193E-005 0.156666 9.99193E-005 9.99193E-005 9.99193E-005 9.99193E-005 9.99193E-005 9.99193E-005 9.99193E-005 0.0216308 0.0747804 0.133744 9.99193E-005 0.612279
9.99372E-005 0.0363787 0.0580889 0.1461 0.017962 0.651377 0.036062 9.99372E-005 0.0533316 9.99372E-005 9.99372E-005 9.99372E-005 9.99372E-005 9.99372E-005
9.99461E-005 9.99461E-005 0.0150499 0.0215907 0.00495031 0.825211 0.10362 9.99461E-005 0.00804512 9.99461E-005 9.99461E-005 0.0103463 0.0105878 9.99461E-005
9.99192E-005 9.99192E-005 0.0799043 9.99192E-005 0.0958582 0.559489 0.181355 9.99192E-005 9.99192E-005 9.99192E-005 9.99192E-005 9.99192E-005 0.0824942 9.99192E-005
9.98924E-005 9.98924E-005 9.98924E-005 9.98924E-005 0.992258 9.98924E-005 9.98924E-005 9.98924E-005 9.98924E-005 9.98924E-005 9.98924E-005 9.98924E-005 9.98924E-005 0.00654293
9.99013E-005 9.99013E-005 0.0278458 9.99013E-005 0.956035 9.99013E-005 9.99013E-005 9.99013E-005 9.99013E-005 9.99013E-005 0.01502 9.99013E-005 9.99013E-005 9.99013E-005
9.99104E-005 9.99104E-005 9.99104E-005 0.00483897 0.910626 0.0363813 9.99104E-005 9.99104E-005 9.99104E-005 9.99104E-005 0.0471546 9.99104E-005 9.99104E-005 9.99104E-005
9.99192E-005 9.99192E-005 0.0439887 0.0517192 0.849005 9.99192E-005 0.0088013 0.0455869 9.99192E-005 9.99192E-005 9.99192E-005 9.99192E-005 9.99192E-005 9.99192E-005
9.99013E-005 9.99013E-005 9.99013E-005 9.99013E-005 9.99013E-005 9.99013E-005 9.99013E-005 0.994633 9.99013E-005 0.00192554 9.99013E-005 0.00234268 9.99013E-005 9.99013E-005
9.99012E-005 0.00219732 9.99012E-005 0.0111136 9.99012E-005 9.99012E-005 9.99012E-005 0.98559 9.99012E-005 9.99012E-005 9.99012E-005 9.99012E-005 9.99012E-005 9.99012E-005
9.99103E-005 9.99103E-005 9.99103E-005 0.0264103 0.0013938 9.99103E-005 9.99103E-005 0.970732 9.99103E-005 0.000464563 9.99103E-005 9.99103E-005 9.99103E-005 9.99103E-005
9.99372E-005 9.99372E-005 0.0202747 0.0210348 0.02458 0.818907 0.0457268 9.99372E-005 9.99372E-005 9.99372E-005 0.0261358 9.99372E-005 0.0426411 9.99372E-005
0.00670119 9.99103E-005 9.99103E-005 9.99103E-005 0.000736047 0.939991 9.99103E-005 9.99103E-005 9.99103E-005 9.99103E-005 9.99103E-005 9.99103E-005 0.0515724 9.99103E-005
9.99461E-005 9.99461E-005 9.99461E-005 0.0690757 9.99461E-005 0.661561 0.0940134 0.0737517 0.0172119 9.99461E-005 0.00683693 0.0147602 9.99461E-005 0.06219
0.000399785 9.99192E-005 9.99192E-005 9.99192E-005 9.99192E-005 0.882317 9.99192E-005 0.0289878 9.99192E-005 0.0295982 9.99192E-005 0.0577982 9.99192E-005 9.99192E-005
