0.022272 9.99641E-005 9.99641E-005 0.0278416 0.0235685 9.99641E-005 0.00139717 0.048087 0.876434 9.99641E-005
9.99281E-005 9.99281E-005 9.99281E-005 0.0232878 9.99281E-005 9.99281E-005 9.99281E-005 9.99281E-005 0.975913 9.99281E-005
9.99371E-005 9.99371E-005 9.99371E-005 0.038314 9.99371E-005 9.99371E-005 9.99371E-005 0.087363 0.873623 9.99371E-005
9.99551E-005 0.00351879 0.137025 9.99551E-005 0.0615192 9.99551E-005 9.99551E-005 9.99551E-005 0.693806 0.103631
9.99461E-005 9.99461E-005 9.99461E-005 0.0237658 0.0888651 9.99461E-005 9.99461E-005 0.0432266 0.843543 9.99461E-005
9.99201E-005 9.99201E-005 9.99201E-005 9.99201E-005 9.99201E-005 9.99201E-005 9.99201E-005 9.99201E-005 0.999101 9.99201E-005
9.99281E-005 9.99281E-005 9.99281E-005 0.00446099 9.99281E-005 9.99281E-005 9.99281E-005 9.99281E-005 0.99474 9.99281E-005
0.10781 9.99641E-005 0.00236223 9.99641E-005 0.0578765 9.99641E-005 0.0263268 9.99641E-005 0.728534 0.0766908
9.9955E-005 9.9955E-005 0.0262661 9.9955E-005 9.9955E-005 0.0857372 0.00858678 9.9955E-005 0.845471 0.0334395
9.993E-005 9.993E-005 9.993E-005 9.993E-005 9.993E-005 0.102587 9.993E-005 9.993E-005 0.829703 0.0670099
9.99371E-005 9.99371E-005 9.99371E-005 9.99371E-005 9.99371E-005 0.0569583 0.0576144 9.99371E-005 0.884728 9.99371E-005
0.0132849 9.99641E-005 9.99641E-005 0.0545399 0.160455 9.99641E-005 9.99641E-005 0.0459522 0.577491 0.147877
0.124705 9.99641E-005 9.99641E-005 0.0103838 0.0289382 9.99641E-005 9.99641E-005 0.160585 0.63836 0.0366288
9.996E-005 0.0164086 0.0692523 9.996E-005 0.155546 0.0363074 9.996E-005 0.0935651 0.62852 9.996E-005
0.141286 0.014798 0.120386 9.9991E-005 0.0842945 0.0153037 0.0937883 0.0645475 0.393585 0.071911
0.0706207 9.99641E-005 0.0505003 9.99641E-005 0.0365633 9.99641E-005 9.99641E-005 0.214366 0.486262 0.141288
9.99551E-005 9.99551E-005 0.0750271 9.99551E-005 0.14841 9.99551E-005 9.99551E-005 0.088105 0.542468 0.14549
9.99551E-005 9.99551E-005 9.99551E-005 9.99551E-005 0.0870161 9.99551E-005 0.0674149 0.267886 0.509171 0.0680127
9.99641E-005 9.99641E-005 0.0171981 0.563334 0.0233392 9.99641E-005 9.99641E-005 0.0955046 0.069905 0.230319
9.99462E-005 9.99462E-005 9.99462E-005 0.0350393 0.0153893 9.99462E-005 9.99462E-005 9.99462E-005 0.0457199 0.903252
9.99282E-005 9.99282E-005 9.99282E-005 0.103489 9.99282E-005 9.99282E-005 9.99282E-005 9.99282E-005 9.99282E-005 0.895711
0.0254203 9.99641E-005 9.99641E-005 0.257002 0.0430132 0.0285684 9.99641E-005 9.99641E-005 0.0419312 0.603665
9.99461E-005 9.99461E-005 9.99461E-005 0.0337871 9.99461E-005 0.0173889 0.037296 9.99461E-005 9.99461E-005 0.910928
9.99201E-005 9.99201E-005 9.99201E-005 0.999101 9.99201E-005 9.99201E-005 9.99201E-005 9.99201E-005 9.99201E-005 9.99201E-005
9.99201E-005 9.99201E-005 9.99201E-005 0.999101 9.99201E-005 9.99201E-005 9.99201E-005 9.99201E-005 9.99201E-005 9.99201E-005
9.99201E-005 9.99201E-005 9.99201E-005 0.999101 9.99201E-005 9.99201E-005 9.99201E-005 9.99201E-005 9.99201E-005 9.99201E-005
9.996E-005 0.00537607 0.0957612 0.0730723 0.073174 0.008928 9.996E-005 9.996E-005 9.996E-005 0.743289
9.99461E-005 0.0133487 9.99461E-005 0.765855 9.99461E-005 9.99461E-005 9.99461E-005 9.99461E-005 0.0109511 0.209245
9.99461E-005 9.99461E-005 0.0389928 0.0343983 9.99461E-005 9.99461E-005 9.99461E-005 0.0301616 9.99461E-005 0.895848
9.99201E-005 9.99201E-005 9.99201E-005 0.999101 9.99201E-005 9.99201E-005 9.99201E-005 9.99201E-005 9.99201E-005 9.99201E-005
0.0831056 9.99461E-005 9.99461E-005 0.167944 9.99461E-005 9.99461E-005 9.99461E-005 9.99461E-005 0.0805594 0.667791
9.99201E-005 9.99201E-005 9.99201E-005 0.999101 9.99201E-005 9.99201E-005 9.99201E-005 9.99201E-005 9.99201E-005 9.99201E-005
9.99372E-005 9.99372E-005 9.99372E-005 0.113146 9.99372E-005 9.99372E-005 9.99372E-005 0.114385 9.99372E-005 0.771769
9.99372E-005 9.99372E-005 9.99372E-005 0.268897 9.99372E-005 0.00988954 9.99372E-005 9.99372E-005 9.99372E-005 0.720514
0.0289159 0.00409893 9.99731E-005 0.164979 0.0263772 0.0295895 9.99731E-005 0.0258688 9.99731E-005 0.719871
9.99371E-005 9.99371E-005 9.99371E-005 0.131999 9.99371E-005 9.99371E-005 9.99371E-005 9.99371E-005 0.0219328 0.845369
9.99641E-005 0.00948042 0.0621592 0.108769 9.99641E-005 9.99641E-005 0.0185915 9.99641E-005 0.0299006 0.770699
0.0302062 0.0165397 9.99731E-005 9.99731E-005 0.714246 0.0392217 9.99731E-005 0.0930893 0.0757668 0.03063
9.99201E-005 9.99201E-005 9.99201E-005 9.99201E-005 0.999101 9.99201E-005 9.99201E-005 9.99201E-005 9.99201E-005 9.99201E-005
9.99731E-005 0.0418264 9.99731E-005 0.0198161 0.783151 0.0184303 9.99731E-005 0.119127 0.00444743 0.0129028
9.99372E-005 9.99372E-005 9.99372E-005 9.99372E-005 0.865323 9.99372E-005 0.00890499 0.125073 9.99372E-005 9.99372E-005
9.99461E-005 0.0328176 9.99461E-005 0.0245484 0.743643 9.99461E-005 9.99461E-005 0.198391 9.99461E-005 9.99461E-005
9.99461E-005 9.99461E-005 0.0132435 0.00548745 0.961094 9.99461E-005 9.99461E-005 0.0195752 9.99461E-005 9.99461E-005
9.99316E-005 9.99316E-005 9.99316E-005 9.99316E-005 0.739458 9.99316E-005 9.99316E-005 0.259742 9.99316E-005 9.99316E-005
9.99551E-005 9.99551E-005 0.0560288 0.0240228 0.79643 9.99551E-005 9.99551E-005 0.08732 0.0356991 9.99551E-005
9.99372E-005 9.99372E-005 9.99372E-005 0.0138479 0.907486 9.99372E-005 9.99372E-005 0.077967 9.99372E-005 9.99372E-005
0.143026 9.99731E-005 0.520657 0.0373028 0.0905549 0.0862076 9.99731E-005 0.00934295 0.112609 9.99731E-005
9.99201E-005 9.99201E-005 9.99201E-005 9.99201E-005 9.99201E-005 9.99201E-005 0.999101 9.99201E-005 9.99201E-005 9.99201E-005
9.99368E-005 9.99368E-005 9.99368E-005 9.99368E-005 0.0513075 0.038086 0.909907 9.99368E-005 9.99368E-005 9.99368E-005
9.99282E-005 9.99282E-005 0.908664 9.99282E-005 9.99282E-005 9.99282E-005 9.99282E-005 0.0905366 9.99282E-005 9.99282E-005
0.0340074 9.99458E-005 0.29685 9.99458E-005 9.99458E-005 0.121481 0.547062 9.99458E-005 9.99458E-005 9.99458E-005
9.99282E-005 9.99282E-005 0.973551 0.0256494 9.99282E-005 9.99282E-005 9.99282E-005 9.99282E-005 9.99282E-005 9.99282E-005
0.0927595 0.0083884 0.785854 0.00212534 0.00120442 0.00903385 9.99731E-005 9.99731E-005 9.99731E-005 0.100334
0.0662151 9.99641E-005 0.761562 0.0160622 0.124769 9.99641E-005 0.00949319 9.99641E-005 0.0214985 9.99641E-005
9.99372E-005 9.99372E-005 0.970858 9.99372E-005 9.99372E-005 0.0117795 9.99372E-005 9.99372E-005 0.0166626 9.99372E-005
9.99372E-005 9.99372E-005 0.98486 9.99372E-005 0.00506901 9.99372E-005 9.99372E-005 9.99372E-005 0.0093714 9.99372E-005
9.995E-005 0.0529469 0.808953 0.0436605 9.995E-005 0.0222432 9.995E-005 0.0716967 9.995E-005 9.995E-005
9.99282E-005 9.99282E-005 0.947368 9.99282E-005 9.99282E-005 9.99282E-005 9.99282E-005 9.99282E-005 0.0518327 9.99282E-005
9.99281E-005 9.99281E-005 0.984724 9.99281E-005 9.99281E-005 0.014477 9.99281E-005 9.99281E-005 9.99281E-005 9.99281E-005
9.99282E-005 9.99282E-005 0.94715 9.99282E-005 9.99282E-005 9.99282E-005 9.99282E-005 9.99282E-005 9.99282E-005 0.0520503
0.999101 9.99201E-005 9.99201E-005 9.99201E-005 9.99201E-005 9.99201E-005 9.99201E-005 9.99201E-005 9.99201E-005 9.99201E-005
0.915317 9.99372E-005 9.99372E-005 9.99372E-005 9.99372E-005 9.99372E-005 9.99372E-005 0.0215401 9.99372E-005 0.0624428
0.882356 9.99551E-005 0.0402984 0.0118684 0.0374159 9.99551E-005 9.99551E-005 9.99551E-005 0.0275611 9.99551E-005
0.410554 0.42525 9.99372E-005 9.99372E-005 9.99372E-005 0.163496 9.99372E-005 9.99372E-005 9.99372E-005 9.99372E-005
0.282793 0.381106 9.99461E-005 0.0392179 9.99461E-005 0.296283 9.99461E-005 9.99461E-005 9.99461E-005 9.99461E-005
9.99282E-005 0.993434 0.00576615 9.99282E-005 9.99282E-005 9.99282E-005 9.99282E-005 9.99282E-005 9.99282E-005 9.99282E-005
9.99201E-005 0.999101 9.99201E-005 9.99201E-005 9.99201E-005 9.99201E-005 9.99201E-005 9.99201E-005 9.99201E-005 9.99201E-005
0.406052 0.420463 9.99551E-005 9.99551E-005 0.00373611 0.140484 9.99551E-005 9.99551E-005 9.99551E-005 0.0287654
0.327099 0.413639 0.0215964 9.99461E-005 9.99461E-005 0.237066 9.99461E-005 9.99461E-005 9.99461E-005 9.99461E-005
9.99281E-005 0.963074 9.99281E-005 9.99281E-005 9.99281E-005 9.99281E-005 9.99281E-005 0.0361264 9.99281E-005 9.99281E-005
9.99201E-005 0.999101 9.99201E-005 9.99201E-005 9.99201E-005 9.99201E-005 9.99201E-005 9.99201E-005 9.99201E-005 9.99201E-005
0.383634 0.400911 9.99461E-005 9.99461E-005 9.99461E-005 0.139163 9.99461E-005 9.99461E-005 9.99461E-005 0.0756927
9.99372E-005 0.978145 0.0106011 9.99372E-005 0.0105546 9.99372E-005 9.99372E-005 9.99372E-005 9.99372E-005 9.99372E-005
9.99201E-005 0.999101 9.99201E-005 9.99201E-005 9.99201E-005 9.99201E-005 9.99201E-005 9.99201E-005 9.99201E-005 9.99201E-005
9.99201E-005 0.999101 9.99201E-005 9.99201E-005 9.99201E-005 9.99201E-005 9.99201E-005 9.99201E-005 9.99201E-005 9.99201E-005
0.0593816 0.939819 9.99282E-005 9.99282E-005 9.99282E-005 9.99282E-005 9.99282E-005 9.99282E-005 9.99282E-005 9.99282E-005
9.99281E-005 0.975983 9.99281E-005 0.0232173 9.99281E-005 9.99281E-005 9.99281E-005 9.99281E-005 9.99281E-005 9.99281E-005
9.99283E-005 9.99283E-005 9.99283E-005 9.99283E-005 9.99283E-005 9.99283E-005 9.99283E-005 0.0637939 9.99283E-005 0.935407
9.99461E-005 9.99461E-005 9.99461E-005 0.0321292 0.838415 9.99461E-005 0.0128968 0.11596 9.99461E-005 9.99461E-005
9.99371E-005 9.99371E-005 9.99371E-005 0.0469187 0.940221 9.99371E-005 9.99371E-005 0.0121612 9.99371E-005 9.99371E-005
9.99372E-005 0.0483846 9.99372E-005 0.00160471 9.99372E-005 0.949311 9.99372E-005 9.99372E-005 9.99372E-005 9.99372E-005
9.99372E-005 0.072945 9.99372E-005 9.99372E-005 9.99372E-005 0.912953 0.0134023 9.99372E-005 9.99372E-005 9.99372E-005
9.99282E-005 0.0493271 9.99282E-005 9.99282E-005 9.99282E-005 0.949873 9.99282E-005 9.99282E-005 9.99282E-005 9.99282E-005
9.99282E-005 9.99282E-005 9.99282E-005 9.99282E-005 9.99282E-005 0.946837 9.99282E-005 0.0523635 9.99282E-005 9.99282E-005
0.00442292 0.00991825 0.0500985 9.99552E-005 9.99552E-005 0.928855 9.99552E-005 9.99552E-005 0.00620592 9.99552E-005
0.0380473 9.99461E-005 0.00107536 0.024365 9.99461E-005 0.935913 9.99461E-005 9.99461E-005 9.99461E-005 9.99461E-005
9.99373E-005 0.0240063 9.99373E-005 0.0559256 9.99373E-005 0.919369 9.99373E-005 9.99373E-005 9.99373E-005 9.99373E-005
9.99462E-005 9.99462E-005 0.0486507 9.99462E-005 0.0194831 0.907955 9.99462E-005 9.99462E-005 0.0233113 9.99462E-005
9.99372E-005 9.99372E-005 0.0299203 9.99372E-005 9.99372E-005 0.908844 9.99372E-005 9.99372E-005 9.99372E-005 0.0605357
9.99551E-005 9.99551E-005 0.0363581 0.000440054 9.99551E-005 0.921977 9.99551E-005 0.00959879 0.0311268 9.99551E-005
9.99283E-005 9.99283E-005 9.99283E-005 9.99283E-005 9.99283E-005 0.969942 9.99283E-005 0.0292588 9.99283E-005 9.99283E-005
9.99462E-005 0.0255592 0.0628783 9.99462E-005 9.99462E-005 0.86881 0.0421526 9.99462E-005 9.99462E-005 9.99462E-005
9.99282E-005 9.99282E-005 0.0744357 9.99282E-005 9.99282E-005 0.924765 9.99282E-005 9.99282E-005 9.99282E-005 9.99282E-005
9.99282E-005 0.0519154 9.99282E-005 9.99282E-005 9.99282E-005 0.947285 9.99282E-005 9.99282E-005 9.99282E-005 9.99282E-005
0.0874784 9.99282E-005 9.99282E-005 9.99282E-005 9.99282E-005 0.911722 9.99282E-005 9.99282E-005 9.99282E-005 9.99282E-005
9.99461E-005 9.99461E-005 9.99461E-005 0.0353811 9.99461E-005 0.898274 0.0207683 0.0449773 9.99461E-005 9.99461E-005
9.99282E-005 0.0741911 9.99282E-005 9.99282E-005 9.99282E-005 0.925009 9.99282E-005 9.99282E-005 9.99282E-005 9.99282E-005
0.0275087 9.99462E-005 9.99462E-005 9.99462E-005 0.0167785 0.941091 9.99462E-005 0.0140223 9.99462E-005 9.99462E-005
0.0416471 9.99283E-005 9.99283E-005 9.99283E-005 9.99283E-005 0.957554 9.99283E-005 9.99283E-005 9.99283E-005 9.99283E-005
9.99461E-005 0.0194138 9.99461E-005 9.99461E-005 9.99461E-005 0.880268 0.00716881 9.99461E-005 9.99461E-005 0.0925496
9.99372E-005 0.00153744 9.99372E-005 9.99372E-005 9.99372E-005 0.954429 9.99372E-005 9.99372E-005 9.99372E-005 0.0433339
0.0217598 0.0328969 9.99462E-005 9.99462E-005 9.99462E-005 0.888414 9.99462E-005 0.0563301 9.99462E-005 9.99462E-005
9.99372E-005 0.0092562 9.99372E-005 9.99372E-005 9.99372E-005 0.96652 9.99372E-005 9.99372E-005 0.0235238 9.99372E-005
0.0315073 9.99551E-005 0.0881265 0.0113269 9.99551E-005 0.853721 0.0148187 9.99551E-005 9.99551E-005 9.99551E-005
0.0552535 9.99282E-005 9.99282E-005 9.99282E-005 9.99282E-005 0.943947 9.99282E-005 9.99282E-005 9.99282E-005 9.99282E-005
9.99551E-005 9.99551E-005 0.0241554 0.0151134 9.99551E-005 0.896109 0.0347544 9.99551E-005 0.029368 9.99551E-005
0.484269 0.356278 9.99371E-005 9.99371E-005 9.99371E-005 0.158754 9.99371E-005 9.99371E-005 9.99371E-005 9.99371E-005
0.426558 0.184521 9.9964E-005 0.00375343 9.9964E-005 0.107031 0.0202 9.9964E-005 9.9964E-005 0.257537
0.392607 0.26096 9.99641E-005 0.00952384 0.000166565 0.309323 9.99641E-005 9.99641E-005 9.99641E-005 0.0270193
9.99461E-005 0.0337043 9.99461E-005 9.99461E-005 9.99461E-005 9.99461E-005 9.99461E-005 0.800533 0.0345645 0.130599
9.99201E-005 9.99201E-005 9.99201E-005 9.99201E-005 9.99201E-005 9.99201E-005 9.99201E-005 0.999101 9.99201E-005 9.99201E-005
9.99372E-005 9.99372E-005 0.0225308 9.99372E-005 0.0200808 9.99372E-005 9.99372E-005 0.956689 9.99372E-005 9.99372E-005
9.99281E-005 9.99281E-005 9.99281E-005 0.00130772 9.99281E-005 9.99281E-005 9.99281E-005 0.997893 9.99281E-005 9.99281E-005
9.99282E-005 9.99282E-005 9.99282E-005 9.99282E-005 0.0565308 9.99282E-005 9.99282E-005 0.94267 9.99282E-005 9.99282E-005
9.99201E-005 9.99201E-005 9.99201E-005 9.99201E-005 9.99201E-005 9.99201E-005 9.99201E-005 0.999101 9.99201E-005 9.99201E-005
9.998E-005 0.0233241 0.00649022 0.0413183 0.167796 9.998E-005 0.0323713 0.547294 0.0816806 0.099525
9.99372E-005 9.99372E-005 9.99372E-005 0.00629142 0.98081 9.99372E-005 0.0121992 9.99372E-005 9.99372E-005 9.99372E-005
9.99201E-005 9.99201E-005 9.99201E-005 9.99201E-005 0.999101 9.99201E-005 9.99201E-005 9.99201E-005 9.99201E-005 9.99201E-005
0.0130072 0.0275919 9.99551E-005 0.0730888 0.882794 9.99551E-005 9.99551E-005 0.0030184 9.99551E-005 9.99551E-005
9.99551E-005 9.99551E-005 9.99551E-005 0.0160598 0.0165975 0.457558 9.99551E-005 0.155903 9.99551E-005 0.353383
9.998E-005 9.998E-005 0.125031 0.0465972 0.0430533 0.0744736 0.0679411 0.0893598 0.412527 0.140817
9.99639E-005 0.0570168 9.99639E-005 0.02787 0.0104371 0.0614572 0.732949 9.99639E-005 0.10987 9.99639E-005
0.919072 9.99371E-005 0.0218683 9.99371E-005 9.99371E-005 0.0583602 9.99371E-005 9.99371E-005 9.99371E-005 9.99371E-005
0.919263 0.0191149 0.00297307 9.99461E-005 9.99461E-005 9.99461E-005 9.99461E-005 9.99461E-005 0.0580492 9.99461E-005
9.99276E-005 9.99276E-005 9.99276E-005 9.99276E-005 9.99276E-005 0.345773 0.653427 9.99276E-005 9.99276E-005 9.99276E-005
9.99641E-005 0.0195788 0.0491961 0.00806583 9.99641E-005 0.918705 9.99641E-005 9.99641E-005 0.000911308 0.00314291
9.99462E-005 9.99462E-005 9.99462E-005 9.99462E-005 0.017495 0.97502 9.99462E-005 0.00254779 0.00433798 9.99462E-005
9.99731E-005 0.000858521 0.0160612 0.00040521 9.99731E-005 0.866217 0.0652576 9.99731E-005 0.00386708 0.0470337
9.99283E-005 9.99283E-005 9.99283E-005 9.99283E-005 0.00801431 0.991186 9.99283E-005 9.99283E-005 9.99283E-005 9.99283E-005
9.99551E-005 9.99551E-005 0.031636 0.00412109 9.99551E-005 0.935382 0.0093683 0.0189927 9.99551E-005 9.99551E-005
0.0288152 0.0107708 0.0325353 9.99462E-005 9.99462E-005 0.927279 9.99462E-005 9.99462E-005 9.99462E-005 9.99462E-005
9.99462E-005 0.0146896 9.99462E-005 0.00199815 9.99462E-005 0.934293 9.99462E-005 0.0484198 9.99462E-005 9.99462E-005
9.99283E-005 9.99283E-005 9.99283E-005 0.00108331 9.99283E-005 0.998117 9.99283E-005 9.99283E-005 9.99283E-005 9.99283E-005
9.99461E-005 0.0149273 9.99461E-005 9.99461E-005 0.0462752 0.928866 0.00933215 9.99461E-005 9.99461E-005 9.99461E-005
9.99552E-005 0.058824 0.00478191 0.00115903 0.00185923 0.932876 9.99552E-005 9.99552E-005 9.99552E-005 9.99552E-005
0.0172461 9.99373E-005 9.99373E-005 9.99373E-005 9.99373E-005 0.958864 9.99373E-005 0.0231906 9.99373E-005 9.99373E-005
9.99372E-005 0.0266695 9.99372E-005 9.99372E-005 9.99372E-005 0.930278 9.99372E-005 9.99372E-005 9.99372E-005 0.0423529
9.99372E-005 0.00643174 9.99372E-005 9.99372E-005 9.99372E-005 0.892551 9.99372E-005 9.99372E-005 9.99372E-005 0.100318
9.99462E-005 9.99462E-005 0.0307887 0.0253248 9.99462E-005 0.92286 9.99462E-005 9.99462E-005 9.99462E-005 0.0204271
9.99372E-005 9.99372E-005 0.075536 9.99372E-005 9.99372E-005 0.917655 0.00610919 9.99372E-005 9.99372E-005 9.99372E-005
9.99641E-005 0.0606223 9.99641E-005 0.0570088 0.0320347 9.99641E-005 9.99641E-005 0.125845 0.0514694 0.67262
9.99461E-005 9.99461E-005 9.99461E-005 0.00810292 0.0098079 9.99461E-005 9.99461E-005 9.99461E-005 0.121452 0.860037
9.99551E-005 0.0301256 9.99551E-005 0.0721343 0.0919017 9.99551E-005 9.99551E-005 9.99551E-005 0.176487 0.628852
9.99201E-005 9.99201E-005 9.99201E-005 9.99201E-005 0.999101 9.99201E-005 9.99201E-005 9.99201E-005 9.99201E-005 9.99201E-005
9.99282E-005 9.99282E-005 9.99282E-005 0.0237078 0.975493 9.99282E-005 9.99282E-005 9.99282E-005 9.99282E-005 9.99282E-005
9.994E-005 9.994E-005 0.023467 9.994E-005 0.915214 9.994E-005 9.994E-005 0.011122 9.994E-005 0.049597
0.0346914 9.99461E-005 9.99461E-005 0.0308821 0.876298 9.99461E-005 9.99461E-005 0.0575293 9.99461E-005 9.99461E-005
0.999101 9.99201E-005 9.99201E-005 9.99201E-005 9.99201E-005 9.99201E-005 9.99201E-005 9.99201E-005 9.99201E-005 9.99201E-005
0.998138 9.99282E-005 9.99282E-005 0.00106212 9.99282E-005 9.99282E-005 9.99282E-005 9.99282E-005 9.99282E-005 9.99282E-005
0.940755 9.99372E-005 9.99372E-005 9.99372E-005 0.0274648 9.99372E-005 9.99372E-005 0.0310811 9.99372E-005 9.99372E-005
0.0226977 9.996E-005 9.996E-005 0.0404524 0.0270813 9.996E-005 9.996E-005 0.0664437 0.0236741 0.819251
0.00253662 9.99551E-005 9.99551E-005 9.99551E-005 0.00419035 9.99551E-005 0.0206749 9.99551E-005 0.0244475 0.947651
0.0562541 9.99731E-005 0.00306375 0.017676 9.99731E-005 0.0634261 9.99731E-005 0.0389306 0.106231 0.714118
0.0965796 9.99461E-005 9.99461E-005 9.99461E-005 9.99461E-005 0.0131113 0.0150098 9.99461E-005 9.99461E-005 0.8747
