0.783457 0.186502 9.9973E-005 9.9973E-005 0.0297416 9.9973E-005
0.84002 0.127889 9.9973E-005 9.9973E-005 0.0317906 9.9973E-005
0.757016 0.198942 9.9973E-005 9.9973E-005 0.0437425 9.9973E-005
0.679347 0.171444 0.142788 9.9991E-005 0.00259067 0.00372977
0.719301 0.263088 9.9973E-005 9.9973E-005 0.0173108 9.9973E-005
0.914056 0.0855444 9.9964E-005 9.9964E-005 9.9964E-005 9.9964E-005
0.901728 0.059126 9.9973E-005 9.9973E-005 0.0388461 9.9973E-005
0.698823 0.142996 0.127137 9.9982E-005 9.9982E-005 0.0308443
0.75816 9.9973E-005 0.201975 0.0395653 9.9973E-005 9.9973E-005
0.640687 0.0881895 0.22341 0.0475133 9.9982E-005 9.9982E-005
0.842557 0.108063 9.9973E-005 0.0490798 9.9973E-005 9.9973E-005
0.476223 0.28739 0.157065 9.9982E-005 0.0791217 9.9982E-005
0.628983 0.207055 0.120263 9.9991E-005 0.0224322 0.021167
0.584521 0.335497 9.99821E-005 0.0290103 9.99821E-005 0.0507725
0.537771 0.141412 0.170838 0.0758317 9.9991E-005 0.0740475
0.528301 0.229662 0.214727 9.9982E-005 9.9982E-005 0.0271095
0.546792 0.293641 0.148682 9.9982E-005 0.0106851 9.9982E-005
0.495818 0.300045 0.203837 9.9973E-005 9.9973E-005 9.9973E-005
0.03637 0.121292 0.262259 9.9982E-005 0.579879 9.9982E-005
9.99731E-005 0.00605288 0.907943 9.99731E-005 0.085704 9.99731E-005
9.99641E-005 9.99641E-005 0.843483 9.99641E-005 0.156118 9.99641E-005
0.0417276 0.0145778 0.616149 0.027157 0.300289 9.9991E-005
9.99731E-005 9.99731E-005 0.856668 0.029979 0.113053 9.99731E-005
9.996E-005 9.996E-005 9.996E-005 9.996E-005 0.9995 9.996E-005
9.996E-005 9.996E-005 9.996E-005 9.996E-005 0.9995 9.996E-005
9.996E-005 9.996E-005 9.996E-005 9.996E-005 0.9995 9.996E-005
0.00589217 0.116034 0.690136 0.0442693 0.142784 0.000884494
9.9973E-005 9.9973E-005 0.217682 9.9973E-005 0.779596 0.00242254
9.99641E-005 9.99641E-005 0.917173 9.99641E-005 0.0824274 9.99641E-005
9.996E-005 9.996E-005 9.996E-005 9.996E-005 0.9995 9.996E-005
0.0287665 9.9982E-005 0.742876 9.9982E-005 0.225149 0.00300854
9.996E-005 9.996E-005 9.996E-005 9.996E-005 0.9995 9.996E-005
9.99731E-005 0.0489589 0.780791 9.99731E-005 0.16995 9.99731E-005
9.9982E-005 9.9982E-005 0.615335 0.0013041 0.354933 0.0282287
9.9991E-005 0.0302978 0.712793 0.0178237 0.224352 0.0146335
9.99641E-005 9.99641E-005 0.794774 9.99641E-005 0.204826 9.99641E-005
0.0839785 9.9991E-005 0.712018 0.0298494 0.172555 0.00149896
0.0360628 0.830745 0.0699513 0.0630409 9.99821E-005 9.99821E-005
9.996E-005 0.9995 9.996E-005 9.996E-005 9.996E-005 9.996E-005
9.99821E-005 0.900447 9.99821E-005 0.00679905 0.0341742 0.0583793
9.99641E-005 0.989906 9.99641E-005 0.0096944 9.99641E-005 9.99641E-005
0.00467772 0.910998 0.00189425 9.9991E-005 0.0425419 0.0397884
9.99641E-005 0.983024 9.99641E-005 9.99641E-005 0.0165762 9.99641E-005
9.99731E-005 0.971767 0.0190598 9.99731E-005 9.99731E-005 0.00887352
0.0782922 0.872443 9.9982E-005 0.0200424 0.0290225 9.9982E-005
9.99641E-005 0.984633 9.99641E-005 9.99641E-005 0.0149673 9.99641E-005
0.491098 0.11509 9.9991E-005 0.298463 0.0405153 0.0547336
0.9995 9.996E-005 9.996E-005 9.996E-005 9.996E-005 9.996E-005
0.458272 0.0160221 0.0680513 0.45486 0.00269442 9.99911E-005
0.508221 0.081767 9.9982E-005 0.282567 9.9982E-005 0.127245
0.485849 9.99641E-005 9.99641E-005 0.513751 9.99641E-005 9.99641E-005
0.565585 9.9982E-005 9.9982E-005 0.270913 0.0511295 0.112173
0.447988 0.0181177 0.111972 0.285183 9.9991E-005 0.136639
0.507411 0.109349 9.9991E-005 0.263831 0.0300741 0.0892342
0.581951 9.9973E-005 9.9973E-005 0.326822 9.9973E-005 0.0909272
0.656447 9.9973E-005 9.9973E-005 0.293812 9.9973E-005 0.0494417
0.459418 0.0379717 9.9991E-005 0.273237 0.0599182 0.169355
0.619467 9.9973E-005 9.9973E-005 0.237335 9.9973E-005 0.142898
0.54222 9.9973E-005 9.9973E-005 0.362388 9.9973E-005 0.0950921
0.518056 9.9982E-005 0.0675139 0.302302 9.9982E-005 0.111928
0.271774 9.9991E-005 0.190257 0.236401 0.00334035 0.298128
0.250305 9.9982E-005 0.247418 0.162413 9.9982E-005 0.339664
0.33485 0.0687641 0.0586869 0.1964 0.0139823 0.327317
0.0545068 9.9991E-005 0.0499709 0.260177 0.00757861 0.627667
9.9991E-005 0.00209836 0.0372546 0.385675 0.0610457 0.513827
9.996E-005 9.996E-005 9.996E-005 9.996E-005 9.996E-005 0.9995
9.996E-005 9.996E-005 9.996E-005 9.996E-005 9.996E-005 0.9995
0.00496592 9.99821E-005 0.140115 0.226583 9.99821E-005 0.628136
9.99879E-005 9.99879E-005 0.0474835 0.335726 0.00567742 0.610913
9.9973E-005 0.00434481 0.00273624 9.9973E-005 9.9973E-005 0.992619
9.996E-005 9.996E-005 9.996E-005 9.996E-005 9.996E-005 0.9995
0.0235943 9.9982E-005 0.17657 0.218288 9.9982E-005 0.581348
9.996E-005 9.996E-005 9.996E-005 9.996E-005 9.996E-005 0.9995
9.996E-005 9.996E-005 9.996E-005 9.996E-005 9.996E-005 0.9995
9.996E-005 9.996E-005 9.996E-005 9.996E-005 9.996E-005 0.9995
9.996E-005 9.996E-005 9.996E-005 9.996E-005 9.996E-005 0.9995
9.9964E-005 9.9964E-005 9.9964E-005 9.9964E-005 0.0230773 0.976523
9.99731E-005 0.0224178 0.94634 9.99731E-005 0.0309424 9.99731E-005
9.99731E-005 0.964903 9.99731E-005 9.99731E-005 0.0264428 0.00835426
9.99641E-005 0.955933 9.99641E-005 9.99641E-005 0.0436667 9.99641E-005
9.99641E-005 9.99641E-005 9.99641E-005 0.949649 9.99641E-005 0.0499512
9.99641E-005 9.99641E-005 9.99641E-005 0.952157 9.99641E-005 0.047443
9.99641E-005 9.99641E-005 9.99641E-005 0.972602 9.99641E-005 0.0269983
9.99641E-005 0.00820914 9.99641E-005 0.991391 9.99641E-005 9.99641E-005
0.0210332 9.99731E-005 9.99731E-005 0.959028 9.99731E-005 0.0196385
9.99731E-005 9.99731E-005 9.99731E-005 0.967941 0.0203829 0.0113762
9.99731E-005 9.99731E-005 0.0170483 0.947924 0.0347273 9.99731E-005
9.99731E-005 0.0313039 9.99731E-005 0.962062 9.99731E-005 0.00633456
9.99641E-005 9.99641E-005 0.054573 0.945027 9.99641E-005 9.99641E-005
0.035686 9.9973E-005 9.9973E-005 0.956225 0.00778948 9.9973E-005
9.99641E-005 0.00515484 9.99641E-005 0.994445 9.99641E-005 9.99641E-005
0.00281469 9.99821E-005 9.99821E-005 0.970017 0.0134757 0.0134926
0.00673343 9.99731E-005 9.99731E-005 0.988839 9.99731E-005 0.0041272
9.9964E-005 9.9964E-005 9.9964E-005 0.960039 9.9964E-005 0.0395608
0.00212827 9.99731E-005 0.00849001 0.989082 9.99731E-005 9.99731E-005
9.99731E-005 9.99731E-005 0.0706959 0.927834 0.00117018 9.99731E-005
9.99641E-005 9.99641E-005 9.99641E-005 0.933372 9.99641E-005 0.0662283
9.99731E-005 0.0437991 9.99731E-005 0.945269 9.99731E-005 0.0106316
9.99641E-005 9.99641E-005 9.99641E-005 0.986428 9.99641E-005 0.0131723
9.99731E-005 9.99731E-005 0.0758933 0.901786 9.99731E-005 0.022021
9.99731E-005 9.99731E-005 0.0180603 0.966953 9.99731E-005 0.0146865
9.99731E-005 9.99731E-005 0.0613825 0.917293 9.99731E-005 0.0210243
0.0114843 9.99731E-005 9.99731E-005 0.985285 0.00293116 9.99731E-005
0.0569967 9.9973E-005 9.9973E-005 0.919703 0.0230005 9.9973E-005
9.99641E-005 9.99641E-005 9.99641E-005 0.983125 9.99641E-005 0.0164756
0.0401505 9.9973E-005 9.9973E-005 0.944264 0.0152851 9.9973E-005
9.9982E-005 9.9982E-005 0.0907834 0.272748 0.01589 0.620379
9.9982E-005 9.9982E-005 0.39367 0.211787 0.0389957 0.355348
9.9991E-005 0.0083586 0.12928 0.399398 0.0306453 0.432218
0.0957653 0.53857 0.32307 9.9982E-005 9.9982E-005 0.0423954
0.0259081 0.698393 0.275399 9.99731E-005 9.99731E-005 9.99731E-005
0.135744 0.66647 0.184239 9.9991E-005 0.000799069 0.0126481
0.0933704 0.569613 0.336717 9.9973E-005 9.9973E-005 9.9973E-005
0.0506541 0.74212 0.198446 9.99821E-005 9.99821E-005 0.00857985
0.121772 0.654914 0.223015 9.99731E-005 9.99731E-005 9.99731E-005
0.164963 0.515457 0.253455 9.9991E-005 0.0395015 0.0265233
9.99641E-005 0.980668 9.99641E-005 9.99641E-005 0.0189323 9.99641E-005
9.996E-005 0.9995 9.996E-005 9.996E-005 9.996E-005 9.996E-005
9.99821E-005 0.89729 9.99821E-005 0.0134128 0.0811545 0.00794301
9.99821E-005 0.110236 0.424044 0.442595 0.0229256 9.99821E-005
0.512166 0.118684 0.21375 0.0985976 0.0567017 9.9991E-005
0.443027 9.9991E-005 0.0982214 0.384117 0.0453193 0.0292151
0.356073 9.9991E-005 0.018037 0.336375 0.0168875 0.272527
0.408008 9.9991E-005 0.0546103 0.177763 0.000450788 0.359069
0.0654085 9.99643E-005 9.99643E-005 0.934192 9.99643E-005 9.99643E-005
9.99821E-005 0.000854186 9.99821E-005 0.970539 0.0129825 0.0154238
9.99641E-005 0.0284573 9.99641E-005 0.971143 9.99641E-005 9.99641E-005
0.00473052 9.9991E-005 0.0469109 0.923048 0.00836024 0.0168502
9.996E-005 9.996E-005 9.996E-005 0.9995 9.996E-005 9.996E-005
9.99731E-005 9.99731E-005 0.00684681 0.981714 0.0111393 9.99731E-005
0.0100392 9.99731E-005 9.99731E-005 0.970434 9.99731E-005 0.0192272
9.9982E-005 0.0197146 9.9982E-005 0.945138 0.00425356 0.030694
9.996E-005 9.996E-005 9.996E-005 0.9995 9.996E-005 9.996E-005
9.9982E-005 0.0387201 0.00431998 0.942501 9.9982E-005 0.0142588
9.99731E-005 9.99731E-005 9.99731E-005 0.964012 0.00138253 0.0343053
9.99731E-005 0.000609869 0.0233136 0.975777 9.99731E-005 9.99731E-005
9.99731E-005 9.99731E-005 0.0352857 0.953349 9.99731E-005 0.0110657
9.99641E-005 9.99641E-005 0.108893 0.890707 9.99641E-005 9.99641E-005
9.99731E-005 9.99731E-005 0.0167063 0.950425 0.0325691 9.99731E-005
0.00136437 9.99821E-005 0.0173374 0.978284 0.00281439 9.99821E-005
9.99821E-005 0.110019 0.723224 9.99821E-005 0.109559 0.0569984
0.0390372 0.056478 0.8082 9.9982E-005 0.0960848 9.9982E-005
0.116706 0.143138 0.584749 9.9991E-005 0.135885 0.0194225
9.99641E-005 0.998818 0.000782526 9.99641E-005 9.99641E-005 9.99641E-005
9.99641E-005 0.970095 9.99641E-005 9.99641E-005 0.0295048 9.99641E-005
9.99731E-005 0.960619 0.0249641 0.0141172 9.99731E-005 9.99731E-005
0.0179707 0.921602 0.00340945 9.9991E-005 0.0486284 0.0082898
0.401326 9.9991E-005 0.0629639 0.231054 0.0108901 0.293666
0.390466 0.0104062 0.0369904 0.225556 0.0248552 0.311726
0.268435 0.0289263 0.199459 0.169414 9.9991E-005 0.333666
0.0124037 0.0718876 0.805142 9.99821E-005 0.110367 9.99821E-005
9.99641E-005 9.99641E-005 0.948932 9.99641E-005 0.0506683 9.99641E-005
0.0958172 0.02608 0.72301 0.0532361 0.0598672 0.0419892
9.9982E-005 9.9982E-005 0.880185 0.0444048 0.0575449 0.0176649
