9.99013E-005 9.99013E-005 0.00247011 0.041251 9.99013E-005 9.99013E-005 9.99013E-005 9.99013E-005 9.99013E-005 9.99013E-005 9.99013E-005 0.851743 0.103437 9.99013E-005 9.99013E-005
9.98832E-005 9.98832E-005 9.98832E-005 9.98832E-005 9.98832E-005 9.98832E-005 9.98832E-005 9.98832E-005 9.98832E-005 0.0310144 9.98832E-005 0.967687 9.98832E-005 9.98832E-005 9.98832E-005
9.98922E-005 9.98922E-005 9.98922E-005 0.0781579 9.98922E-005 9.98922E-005 9.98922E-005 9.98922E-005 9.98922E-005 0.0489019 9.98922E-005 0.871742 9.98922E-005 9.98922E-005 9.98922E-005
9.99103E-005 9.99103E-005 9.99103E-005 9.99103E-005 0.0410529 9.99103E-005 9.99103E-005 9.99103E-005 9.99103E-005 9.99103E-005 0.0869507 0.638909 9.99103E-005 0.112155 0.119933
9.99013E-005 9.99013E-005 9.99013E-005 0.0566542 0.0814742 9.99013E-005 9.99013E-005 9.99013E-005 9.99013E-005 0.0315365 9.99013E-005 0.829236 9.99013E-005 9.99013E-005 9.99013E-005
9.98742E-005 9.98742E-005 9.98742E-005 9.98742E-005 9.98742E-005 9.98742E-005 9.98742E-005 9.98742E-005 9.98742E-005 9.98742E-005 9.98742E-005 0.998602 9.98742E-005 9.98742E-005 9.98742E-005
9.98832E-005 9.98832E-005 9.98832E-005 9.98832E-005 9.98832E-005 9.98832E-005 9.98832E-005 9.98832E-005 9.98832E-005 9.98832E-005 9.98832E-005 0.947821 0.0508806 9.98832E-005 9.98832E-005
9.99102E-005 9.99102E-005 0.0104184 9.99102E-005 0.0141689 9.99102E-005 0.10761 9.99102E-005 9.99102E-005 9.99102E-005 0.174978 0.691825 9.99102E-005 9.99102E-005 9.99102E-005
0.0247674 9.99281E-005 9.99281E-005 9.99281E-005 9.99281E-005 0.0483237 9.99281E-005 9.99281E-005 0.0409812 9.99281E-005 0.110627 0.746487 9.99281E-005 0.000188074 0.0278261
0.00429505 9.99102E-005 9.99102E-005 9.99102E-005 9.99102E-005 0.0957511 9.99102E-005 9.99102E-005 0.0147578 9.99102E-005 0.12787 0.756327 9.99102E-005 9.99102E-005 9.99102E-005
0.0644456 9.98923E-005 9.98923E-005 9.98923E-005 9.98923E-005 9.98923E-005 9.98923E-005 9.98923E-005 0.0750193 9.98923E-005 9.98923E-005 0.859336 9.98923E-005 9.98923E-005 9.98923E-005
9.99103E-005 9.99103E-005 9.99103E-005 0.0117167 0.120984 9.99103E-005 9.99103E-005 9.99103E-005 9.99103E-005 0.0381135 9.99103E-005 0.529608 9.99103E-005 9.99103E-005 0.298579
9.99282E-005 9.99282E-005 9.99282E-005 0.107127 0.0399633 9.99282E-005 0.055056 9.99282E-005 0.0145142 9.99282E-005 9.99282E-005 0.607092 9.99282E-005 0.00986573 0.165582
0.0537123 0.00361743 9.99373E-005 0.0994332 0.076404 0.000741264 9.99373E-005 9.99373E-005 9.99373E-005 9.99373E-005 0.199596 0.548956 9.99373E-005 0.0168406 9.99373E-005
9.99632E-005 0.0183774 0.0137387 0.0397153 0.0831111 0.068383 0.091858 9.99632E-005 0.0634748 9.99632E-005 0.167766 0.377445 9.99632E-005 0.075631 9.99632E-005
9.9945E-005 0.0024627 9.9945E-005 0.200684 0.0197849 9.9945E-005 9.9945E-005 9.9945E-005 0.0120709 9.9945E-005 0.110283 0.445345 9.9945E-005 0.0678313 0.14084
9.99102E-005 9.99102E-005 9.99102E-005 0.0631506 0.0623205 9.99102E-005 9.99102E-005 9.99102E-005 9.99102E-005 9.99102E-005 0.376566 0.431698 9.99102E-005 0.0652664 9.99102E-005
9.99281E-005 9.99281E-005 0.0339089 0.242438 0.0849731 9.99281E-005 9.99281E-005 9.99281E-005 0.012427 9.99281E-005 9.99281E-005 0.485317 0.126153 0.0139834 9.99281E-005
0.00525533 9.99102E-005 9.99102E-005 0.0573136 9.99102E-005 9.99102E-005 9.99102E-005 9.99102E-005 9.99102E-005 0.442945 9.99102E-005 0.00150198 0.491985 9.99102E-005 9.99102E-005
9.98923E-005 9.98923E-005 9.98923E-005 9.98923E-005 9.98923E-005 9.98923E-005 9.98923E-005 9.98923E-005 9.98923E-005 9.98923E-005 0.291397 9.98923E-005 0.0489231 9.98923E-005 0.658481
9.98742E-005 9.98742E-005 9.98742E-005 9.98742E-005 9.98742E-005 9.98742E-005 9.98742E-005 9.98742E-005 9.98742E-005 9.98742E-005 9.98742E-005 9.98742E-005 0.998602 9.98742E-005 9.98742E-005
0.0493653 9.99192E-005 0.012862 9.99192E-005 0.0171594 9.99192E-005 9.99192E-005 9.99192E-005 9.99192E-005 0.162343 9.99192E-005 0.0152089 0.742162 9.99192E-005 9.99192E-005
0.0359152 9.99191E-005 9.99191E-005 9.99191E-005 9.99191E-005 9.99191E-005 9.99191E-005 9.99191E-005 0.0365947 0.00150617 0.00597966 9.99191E-005 0.285419 9.99191E-005 0.633686
9.98739E-005 9.98739E-005 9.98739E-005 9.98739E-005 9.98739E-005 9.98739E-005 9.98739E-005 9.98739E-005 9.98739E-005 0.998602 9.98739E-005 9.98739E-005 9.98739E-005 9.98739E-005 9.98739E-005
9.98832E-005 9.98832E-005 9.98832E-005 9.98832E-005 9.98832E-005 9.98832E-005 9.98832E-005 9.98832E-005 9.98832E-005 0.977175 9.98832E-005 9.98832E-005 0.0215268 9.98832E-005 9.98832E-005
9.98742E-005 9.98742E-005 9.98742E-005 9.98742E-005 9.98742E-005 9.98742E-005 9.98742E-005 9.98742E-005 9.98742E-005 0.998602 9.98742E-005 9.98742E-005 9.98742E-005 9.98742E-005 9.98742E-005
9.99282E-005 0.0149441 9.99282E-005 9.99282E-005 0.0393136 9.99282E-005 9.99282E-005 0.0166313 9.99282E-005 0.0424373 0.179527 9.99282E-005 9.99282E-005 0.0184437 0.687904
9.99012E-005 9.99012E-005 9.99012E-005 9.99012E-005 9.99012E-005 0.0134968 9.99012E-005 9.99012E-005 9.99012E-005 0.724412 0.0448413 9.99012E-005 0.216151 9.99012E-005 9.99012E-005
9.98922E-005 9.98922E-005 9.98922E-005 9.98922E-005 9.98922E-005 9.98922E-005 9.98922E-005 9.98922E-005 9.98922E-005 9.98922E-005 9.98922E-005 9.98922E-005 0.360656 0.0327246 0.605421
9.98742E-005 9.98742E-005 9.98742E-005 9.98742E-005 9.98742E-005 9.98742E-005 9.98742E-005 9.98742E-005 9.98742E-005 0.998602 9.98742E-005 9.98742E-005 9.98742E-005 9.98742E-005 9.98742E-005
9.99192E-005 9.99192E-005 9.99192E-005 9.99192E-005 9.99192E-005 9.99192E-005 0.0420714 9.99192E-005 9.99192E-005 0.12344 0.0196047 0.0466918 0.170706 9.99192E-005 0.596587
9.99012E-005 0.000108994 9.99012E-005 9.99012E-005 9.99012E-005 9.99012E-005 9.99012E-005 9.99012E-005 0.00699844 0.979696 9.99012E-005 9.99012E-005 0.0120976 9.99012E-005 9.99012E-005
9.99102E-005 9.99102E-005 9.99102E-005 0.069192 9.99102E-005 9.99102E-005 9.99102E-005 9.99102E-005 9.99102E-005 0.0828057 0.503037 9.99102E-005 0.0306823 9.99102E-005 0.313284
0.00909557 9.98922E-005 9.98922E-005 9.98922E-005 9.98922E-005 9.98922E-005 9.98922E-005 9.98922E-005 9.98922E-005 0.219918 9.98922E-005 9.98922E-005 9.98922E-005 9.98922E-005 0.769787
9.98923E-005 9.98923E-005 9.98923E-005 9.98923E-005 9.98923E-005 0.00851533 9.98923E-005 9.98923E-005 9.98923E-005 0.107168 9.98923E-005 9.98923E-005 9.98923E-005 9.98923E-005 0.883118
9.98741E-005 9.98741E-005 9.98741E-005 9.98741E-005 9.98741E-005 9.98741E-005 9.98741E-005 9.98741E-005 9.98741E-005 9.98741E-005 9.98741E-005 9.98741E-005 0.998602 9.98741E-005 9.98741E-005
9.98923E-005 9.98923E-005 0.0150948 9.98923E-005 9.98923E-005 9.98923E-005 9.98923E-005 9.98923E-005 9.98923E-005 0.0546072 9.98923E-005 9.98923E-005 9.98923E-005 9.98923E-005 0.929099
0.0155513 0.0246757 9.99372E-005 0.0733434 0.685767 0.0188355 9.99372E-005 9.99372E-005 9.99372E-005 9.99372E-005 9.99372E-005 0.0788564 0.0125768 9.99372E-005 0.0896941
0.00753974 9.98833E-005 9.98833E-005 9.98833E-005 0.991162 9.98833E-005 9.98833E-005 9.98833E-005 9.98833E-005 9.98833E-005 9.98833E-005 9.98833E-005 9.98833E-005 9.98833E-005 9.98833E-005
9.99103E-005 0.0141544 9.99103E-005 0.0732622 0.753391 0.0467177 9.99103E-005 9.99103E-005 9.99103E-005 9.99103E-005 9.99103E-005 9.99103E-005 0.111476 9.99103E-005 9.99103E-005
9.99103E-005 9.99103E-005 0.00847585 0.109222 0.803594 0.00516214 9.99103E-005 9.99103E-005 9.99103E-005 9.99103E-005 0.0725475 9.99103E-005 9.99103E-005 9.99103E-005 9.99103E-005
9.99282E-005 0.0255163 0.0103923 0.181191 0.702561 9.99282E-005 9.99282E-005 9.99282E-005 9.99282E-005 0.0193798 0.0454248 9.99282E-005 9.99282E-005 9.99282E-005 0.0147359
9.98922E-005 9.98922E-005 9.98922E-005 0.0210934 0.888173 9.98922E-005 9.98922E-005 9.98922E-005 9.98922E-005 9.98922E-005 0.089535 9.98922E-005 9.98922E-005 9.98922E-005 9.98922E-005
9.98923E-005 9.98923E-005 9.98923E-005 0.218944 0.734965 9.98923E-005 9.98923E-005 9.98923E-005 9.98923E-005 9.98923E-005 9.98923E-005 9.98923E-005 9.98923E-005 9.98923E-005 0.0448923
0.003262 9.99192E-005 9.99192E-005 0.0902834 0.76095 9.99192E-005 9.99192E-005 9.99192E-005 9.99192E-005 0.0182764 0.0853962 9.99192E-005 9.99192E-005 0.0409323 9.99192E-005
9.99013E-005 9.99013E-005 9.99013E-005 0.0490988 0.898487 9.99013E-005 9.99013E-005 9.99013E-005 9.99013E-005 0.019834 0.031481 9.99013E-005 9.99013E-005 9.99013E-005 9.99013E-005
9.99372E-005 9.99372E-005 9.99372E-005 0.010037 0.0219606 0.10612 0.123807 9.99372E-005 9.99372E-005 0.0102295 0.198271 0.0683587 9.99372E-005 0.460517 9.99372E-005
9.98702E-005 9.98702E-005 0.998602 9.98702E-005 9.98702E-005 9.98702E-005 9.98702E-005 9.98702E-005 9.98702E-005 9.98702E-005 9.98702E-005 9.98702E-005 9.98702E-005 9.98702E-005 9.98702E-005
9.98922E-005 9.98922E-005 0.0116931 9.98922E-005 0.0124576 9.98922E-005 9.98922E-005 9.98922E-005 0.974651 9.98922E-005 9.98922E-005 9.98922E-005 9.98922E-005 9.98922E-005 9.98922E-005
9.98924E-005 0.00851991 9.98924E-005 0.0909694 9.98924E-005 9.98924E-005 9.98924E-005 9.98924E-005 9.98924E-005 9.98924E-005 9.98924E-005 9.98924E-005 9.98924E-005 0.899312 9.98924E-005
9.9883E-005 9.9883E-005 9.9883E-005 9.9883E-005 9.9883E-005 9.9883E-005 9.9883E-005 9.9883E-005 0.73816 9.9883E-005 9.9883E-005 9.9883E-005 9.9883E-005 0.260542 9.9883E-005
9.98833E-005 9.98833E-005 9.98833E-005 9.98833E-005 9.98833E-005 9.98833E-005 9.98833E-005 9.98833E-005 9.98833E-005 0.019399 9.98833E-005 9.98833E-005 9.98833E-005 0.979303 9.98833E-005
9.99102E-005 0.0166235 9.99102E-005 9.99102E-005 9.99102E-005 0.0540583 0.0278976 9.99102E-005 9.99102E-005 9.99102E-005 9.99102E-005 9.99102E-005 0.150584 0.749838 9.99102E-005
0.039594 9.99461E-005 0.00554069 9.99461E-005 0.103433 9.99461E-005 0.0725451 9.99461E-005 9.99461E-005 0.00588731 0.0155901 0.0359276 0.0432275 0.677655 9.99461E-005
9.98924E-005 9.98924E-005 9.98924E-005 9.98924E-005 9.98924E-005 9.98924E-005 9.98924E-005 0.0224946 9.98924E-005 9.98924E-005 9.98924E-005 0.0124433 9.98924E-005 0.963863 9.98924E-005
9.98924E-005 9.98924E-005 0.00693871 9.98924E-005 9.98924E-005 9.98924E-005 9.98924E-005 9.98924E-005 9.98924E-005 9.98924E-005 9.98924E-005 0.0163412 9.98924E-005 0.975521 9.98924E-005
0.0117886 0.0566018 9.99191E-005 0.0661455 9.99191E-005 9.99191E-005 9.99191E-005 0.0167611 9.99191E-005 0.0512373 9.99191E-005 9.99191E-005 9.99191E-005 0.796566 9.99191E-005
9.99004E-005 0.0190738 9.99004E-005 9.99004E-005 9.99004E-005 9.99004E-005 9.99004E-005 9.99004E-005 9.99004E-005 9.99004E-005 9.99004E-005 0.0577711 9.99004E-005 0.921956 9.99004E-005
0.0297282 9.98922E-005 9.98922E-005 9.98922E-005 9.98922E-005 0.0109326 9.98922E-005 9.98922E-005 9.98922E-005 9.98922E-005 9.98922E-005 9.98922E-005 9.98922E-005 0.95814 9.98922E-005
9.98922E-005 9.98922E-005 9.98922E-005 9.98922E-005 9.98922E-005 0.0614971 9.98922E-005 9.98922E-005 9.98922E-005 9.98922E-005 9.98922E-005 9.98922E-005 0.0813934 0.855911 9.98922E-005
9.98833E-005 9.98833E-005 9.98833E-005 9.98833E-005 9.98833E-005 9.98833E-005 0.915655 9.98833E-005 9.98833E-005 9.98833E-005 9.98833E-005 9.98833E-005 9.98833E-005 9.98833E-005 0.083046
9.99013E-005 0.00999299 9.99013E-005 9.99013E-005 9.99013E-005 9.99013E-005 0.894107 9.99013E-005 9.99013E-005 9.99013E-005 0.0753624 9.99013E-005 0.0194384 9.99013E-005 9.99013E-005
9.99193E-005 9.99193E-005 0.0045202 0.00556592 0.0561467 9.99193E-005 0.908217 9.99193E-005 9.99193E-005 0.0170439 9.99193E-005 0.00760734 9.99193E-005 9.99193E-005 9.99193E-005
0.0413241 0.419507 9.99282E-005 9.99282E-005 9.99282E-005 0.0304675 0.406335 0.0709199 0.0203151 9.99282E-005 0.0103324 9.99282E-005 9.99282E-005 9.99282E-005 9.99282E-005
0.00374217 0.365973 9.99192E-005 9.99192E-005 9.99192E-005 9.99192E-005 0.229481 0.314814 9.99192E-005 0.0220395 0.0630507 9.99192E-005 9.99192E-005 9.99192E-005 9.99192E-005
9.99014E-005 0.982526 9.99014E-005 9.99014E-005 0.00347959 0.00655954 9.99014E-005 9.99014E-005 9.99014E-005 9.99014E-005 9.99014E-005 9.99014E-005 9.99014E-005 0.0063364 9.99014E-005
9.98742E-005 0.998602 9.98742E-005 9.98742E-005 9.98742E-005 9.98742E-005 9.98742E-005 9.98742E-005 9.98742E-005 9.98742E-005 9.98742E-005 9.98742E-005 9.98742E-005 9.98742E-005 9.98742E-005
0.0739355 0.413698 9.99102E-005 9.99102E-005 9.99102E-005 9.99102E-005 0.395755 0.0638433 9.99102E-005 9.99102E-005 0.05177 9.99102E-005 9.99102E-005 9.99102E-005 9.99102E-005
0.0998685 0.407107 9.99192E-005 9.99192E-005 9.99192E-005 0.0286777 0.342927 0.105473 9.99192E-005 9.99192E-005 9.99192E-005 9.99192E-005 9.99192E-005 0.0150468 9.99192E-005
9.98922E-005 0.938918 9.98922E-005 0.00477169 9.98922E-005 9.98922E-005 9.98922E-005 9.98922E-005 9.98922E-005 9.98922E-005 9.98922E-005 9.98922E-005 9.98922E-005 9.98922E-005 0.0551115
9.98743E-005 0.998602 9.98743E-005 9.98743E-005 9.98743E-005 9.98743E-005 9.98743E-005 9.98743E-005 9.98743E-005 9.98743E-005 9.98743E-005 9.98743E-005 9.98743E-005 9.98743E-005 9.98743E-005
0.0429286 0.36902 9.99102E-005 9.99102E-005 9.99102E-005 9.99102E-005 0.388827 0.082669 9.99102E-005 9.99102E-005 9.99102E-005 9.99102E-005 9.99102E-005 9.99102E-005 0.115556
9.99013E-005 0.975834 9.99013E-005 9.99013E-005 0.0108787 0.00241471 9.99013E-005 9.99013E-005 9.99013E-005 9.99013E-005 9.99013E-005 9.99013E-005 9.99013E-005 0.00977351 9.99013E-005
9.98832E-005 0.982461 0.0162408 9.98832E-005 9.98832E-005 9.98832E-005 9.98832E-005 9.98832E-005 9.98832E-005 9.98832E-005 9.98832E-005 9.98832E-005 9.98832E-005 9.98832E-005 9.98832E-005
9.98744E-005 0.998602 9.98744E-005 9.98744E-005 9.98744E-005 9.98744E-005 9.98744E-005 9.98744E-005 9.98744E-005 9.98744E-005 9.98744E-005 9.98744E-005 9.98744E-005 9.98744E-005 9.98744E-005
0.0066743 0.944443 9.99102E-005 9.99102E-005 9.99102E-005 9.99102E-005 0.0253514 0.0111748 9.99102E-005 9.99102E-005 9.99102E-005 9.99102E-005 0.0113572 9.99102E-005 9.99102E-005
9.98834E-005 0.964316 9.98834E-005 9.98834E-005 9.98834E-005 9.98834E-005 9.98834E-005 9.98834E-005 9.98834E-005 0.0343851 9.98834E-005 9.98834E-005 9.98834E-005 9.98834E-005 9.98834E-005
9.98924E-005 9.98924E-005 9.98924E-005 0.0384993 9.98924E-005 9.98924E-005 9.98924E-005 9.98924E-005 9.98924E-005 9.98924E-005 0.114501 9.98924E-005 9.98924E-005 9.98924E-005 0.845801
0.0135228 9.99102E-005 9.99102E-005 0.0927648 0.797783 9.99102E-005 9.99102E-005 9.99102E-005 9.99102E-005 0.00439058 0.0905394 9.99102E-005 9.99102E-005 9.99102E-005 9.99102E-005
0.00107608 9.99102E-005 9.99102E-005 9.99102E-005 0.898716 9.99102E-005 9.99102E-005 9.99102E-005 9.99102E-005 0.0363948 0.0430132 9.99102E-005 9.99102E-005 9.99102E-005 0.0198005
9.98923E-005 0.0127874 9.98923E-005 9.98923E-005 9.98923E-005 0.117933 9.98923E-005 0.868081 9.98923E-005 9.98923E-005 9.98923E-005 9.98923E-005 9.98923E-005 9.98923E-005 9.98923E-005
9.98923E-005 0.0438707 9.98923E-005 9.98923E-005 9.98923E-005 9.98923E-005 9.98923E-005 0.937928 0.0170022 9.98923E-005 9.98923E-005 9.98923E-005 9.98923E-005 9.98923E-005 9.98923E-005
0.00981574 0.0148261 9.99014E-005 9.99014E-005 9.99014E-005 9.99014E-005 9.99014E-005 0.971639 0.0026204 9.99014E-005 9.99014E-005 9.99014E-005 9.99014E-005 9.99014E-005 9.99014E-005
9.98742E-005 9.98742E-005 9.98742E-005 9.98742E-005 9.98742E-005 0.998602 9.98742E-005 9.98742E-005 9.98742E-005 9.98742E-005 9.98742E-005 9.98742E-005 9.98742E-005 9.98742E-005 9.98742E-005
0.0821943 9.99193E-005 9.99193E-005 9.99193E-005 9.99193E-005 0.00510644 0.015665 0.839932 9.99193E-005 9.99193E-005 9.99193E-005 9.99193E-005 9.99193E-005 0.0362067 0.0199961
0.0351858 9.99102E-005 9.99102E-005 9.99102E-005 9.99102E-005 0.103982 0.0093478 0.820447 9.99102E-005 9.99102E-005 9.99102E-005 9.99102E-005 0.0300388 9.99102E-005 9.99102E-005
0.0974495 9.99283E-005 9.99283E-005 9.99283E-005 9.99283E-005 0.00702888 9.99283E-005 0.817938 0.00706688 0.0348471 9.99283E-005 9.99283E-005 0.0191335 9.99283E-005 0.0157362
0.161059 9.99282E-005 9.99282E-005 9.99282E-005 0.0216285 0.125417 0.0146517 0.631691 0.00500021 9.99282E-005 9.99282E-005 9.99282E-005 9.99282E-005 0.0397531 9.99282E-005
0.00503525 9.99192E-005 9.99192E-005 9.99192E-005 9.99192E-005 0.0499353 9.99192E-005 0.86937 9.99192E-005 9.99192E-005 9.99192E-005 9.99192E-005 0.0063506 0.00171233 0.066697
9.98742E-005 9.98742E-005 9.98742E-005 9.98742E-005 9.98742E-005 0.998602 9.98742E-005 9.98742E-005 9.98742E-005 9.98742E-005 9.98742E-005 9.98742E-005 9.98742E-005 9.98742E-005 9.98742E-005
9.98741E-005 9.98741E-005 9.98741E-005 9.98741E-005 9.98741E-005 0.998602 9.98741E-005 9.98741E-005 9.98741E-005 9.98741E-005 9.98741E-005 9.98741E-005 9.98741E-005 9.98741E-005 9.98741E-005
0.0405152 9.99372E-005 0.000204005 9.99372E-005 9.99372E-005 0.0704076 9.99372E-005 0.793556 0.0205739 9.99372E-005 0.0221943 9.99372E-005 0.0160082 0.0358415 9.99372E-005
0.0067481 9.99013E-005 9.99013E-005 9.99013E-005 9.99013E-005 0.10011 9.99013E-005 0.848258 9.99013E-005 9.99013E-005 9.99013E-005 9.99013E-005 9.99013E-005 0.0437856 9.99013E-005
0.069729 0.0409224 9.99012E-005 9.99012E-005 9.99012E-005 0.200777 9.99012E-005 0.687473 9.99012E-005 9.99012E-005 9.99012E-005 9.99012E-005 9.99012E-005 9.99012E-005 9.99012E-005
0.0912419 9.99102E-005 9.99102E-005 9.99102E-005 9.99102E-005 0.496873 0.0546017 0.337689 0.0185956 9.99102E-005 9.99102E-005 9.99102E-005 9.99102E-005 9.99102E-005 9.99102E-005
0.0774985 9.99282E-005 9.99282E-005 0.0391547 9.99282E-005 0.221847 9.99282E-005 0.601915 0.0428584 0.0157048 9.99282E-005 9.99282E-005 0.000222273 9.99282E-005 9.99282E-005
9.99013E-005 0.0468987 9.99013E-005 9.99013E-005 9.99013E-005 0.00437418 9.99013E-005 0.944006 0.00362222 9.99013E-005 9.99013E-005 9.99013E-005 9.99013E-005 9.99013E-005 9.99013E-005
0.0743859 9.99192E-005 9.99192E-005 0.0266208 0.00120219 0.0179089 9.99192E-005 0.864989 9.99192E-005 9.99192E-005 9.99192E-005 9.99192E-005 9.99192E-005 9.99192E-005 0.0139938
0.0650544 9.99103E-005 0.00371317 9.99103E-005 9.99103E-005 0.158118 0.00950467 0.762611 9.99103E-005 9.99103E-005 9.99103E-005 9.99103E-005 9.99103E-005 9.99103E-005 9.99103E-005
0.119178 9.98922E-005 9.98922E-005 9.98922E-005 9.98922E-005 9.98922E-005 9.98922E-005 0.728635 9.98922E-005 9.98922E-005 0.150988 9.98922E-005 9.98922E-005 9.98922E-005 9.98922E-005
0.124193 9.99013E-005 9.99013E-005 9.99013E-005 9.99013E-005 0.000973504 9.99013E-005 0.812957 9.99013E-005 9.99013E-005 0.060778 9.99013E-005 9.99013E-005 9.99013E-005 9.99013E-005
9.99013E-005 0.0457817 9.99013E-005 9.99013E-005 9.99013E-005 0.931951 9.99013E-005 0.00382616 0.017342 9.99013E-005 9.99013E-005 9.99013E-005 9.99013E-005 9.99013E-005 9.99013E-005
0.109292 9.99102E-005 9.99102E-005 9.99102E-005 9.99102E-005 9.99102E-005 9.99102E-005 0.844359 0.0173329 9.99102E-005 0.0136171 0.0143998 9.99102E-005 9.99102E-005 9.99102E-005
0.0387843 9.99192E-005 0.00680604 9.99192E-005 9.99192E-005 9.99192E-005 0.0403434 0.840044 9.99192E-005 0.0166719 9.99192E-005 9.99192E-005 9.99192E-005 0.056451 9.99192E-005
0.0823743 9.99012E-005 9.99012E-005 9.99012E-005 9.99012E-005 0.0771733 0.04072 0.798633 9.99012E-005 9.99012E-005 9.99012E-005 9.99012E-005 9.99012E-005 9.99012E-005 9.99012E-005
0.0357939 9.99371E-005 0.0106943 9.99371E-005 9.99371E-005 0.220851 9.99371E-005 0.644589 0.0312342 0.00408415 9.99371E-005 9.99371E-005 0.0309115 0.0211422 9.99371E-005
0.0124062 0.340791 9.99012E-005 9.99012E-005 9.99012E-005 9.99012E-005 0.493549 0.152156 9.99012E-005 9.99012E-005 9.99012E-005 9.99012E-005 9.99012E-005 9.99012E-005 9.99012E-005
9.99191E-005 0.191237 9.99191E-005 9.99191E-005 9.99191E-005 9.99191E-005 0.38614 0.0886577 0.0612617 9.99191E-005 9.99191E-005 9.99191E-005 0.14083 9.99191E-005 0.130975
9.99193E-005 0.281593 9.99193E-005 9.99193E-005 9.99193E-005 0.128769 0.352241 0.185124 9.99193E-005 0.00618157 9.99193E-005 9.99193E-005 9.99193E-005 9.99193E-005 0.0451918
9.99192E-005 0.0234045 9.99192E-005 0.732663 0.024381 9.99192E-005 9.99192E-005 9.99192E-005 9.99192E-005 9.99192E-005 9.99192E-005 0.0184633 0.117452 9.99192E-005 0.0827361
9.98739E-005 9.98739E-005 9.98739E-005 0.998602 9.98739E-005 9.98739E-005 9.98739E-005 9.98739E-005 9.98739E-005 9.98739E-005 9.98739E-005 9.98739E-005 9.98739E-005 9.98739E-005 9.98739E-005
9.98923E-005 9.98923E-005 9.98923E-005 0.930945 9.98923E-005 0.00306272 9.98923E-005 9.98923E-005 9.98923E-005 9.98923E-005 0.0647934 9.98923E-005 9.98923E-005 9.98923E-005 9.98923E-005
9.98832E-005 9.98832E-005 9.98832E-005 0.974415 9.98832E-005 9.98832E-005 9.98832E-005 9.98832E-005 9.98832E-005 9.98832E-005 9.98832E-005 9.98832E-005 0.0242863 9.98832E-005 9.98832E-005
9.98834E-005 9.98834E-005 9.98834E-005 0.92521 0.0734915 9.98834E-005 9.98834E-005 9.98834E-005 9.98834E-005 9.98834E-005 9.98834E-005 9.98834E-005 9.98834E-005 9.98834E-005 9.98834E-005
9.98743E-005 9.98743E-005 9.98743E-005 0.998602 9.98743E-005 9.98743E-005 9.98743E-005 9.98743E-005 9.98743E-005 9.98743E-005 9.98743E-005 9.98743E-005 9.98743E-005 9.98743E-005 9.98743E-005
9.99192E-005 0.0192683 0.0198255 0.454171 0.166565 9.99192E-005 9.99192E-005 9.99192E-005 9.99192E-005 9.99192E-005 9.99192E-005 0.0537291 9.99192E-005 9.99192E-005 0.285541
9.99013E-005 9.99013E-005 0.00182377 9.99013E-005 0.9507 9.99013E-005 9.99013E-005 9.99013E-005 0.0111647 9.99013E-005 9.99013E-005 9.99013E-005 0.0352126 9.99013E-005 9.99013E-005
9.98744E-005 9.98744E-005 9.98744E-005 9.98744E-005 0.998602 9.98744E-005 9.98744E-005 9.98744E-005 9.98744E-005 9.98744E-005 9.98744E-005 9.98744E-005 9.98744E-005 9.98744E-005 9.98744E-005
9.99192E-005 0.0155434 0.00424566 9.99192E-005 0.826599 9.99192E-005 9.99192E-005 9.99192E-005 9.99192E-005 0.0454335 0.00893615 9.99192E-005 0.0983432 9.99192E-005 9.99192E-005
0.0913233 9.99013E-005 9.99013E-005 0.144943 9.99013E-005 9.99013E-005 9.99013E-005 0.3461 9.99013E-005 9.99013E-005 9.99013E-005 9.99013E-005 9.99013E-005 9.99013E-005 0.416534
0.0131751 9.99641E-005 0.00442815 0.0278984 0.0375247 0.0216614 9.99641E-005 0.0161628 0.053109 0.0207247 9.99641E-005 0.387141 9.99641E-005 0.122181 0.295594
9.9892E-005 9.9892E-005 9.9892E-005 9.9892E-005 9.9892E-005 9.9892E-005 9.9892E-005 9.9892E-005 0.889595 0.0134954 9.9892E-005 0.0957109 9.9892E-005 9.9892E-005 9.9892E-005
9.98922E-005 9.98922E-005 0.00671665 9.98922E-005 9.98922E-005 0.0994241 0.892661 9.98922E-005 9.98922E-005 9.98922E-005 9.98922E-005 9.98922E-005 9.98922E-005 9.98922E-005 9.98922E-005
9.99013E-005 0.0343844 9.99013E-005 9.99013E-005 9.99013E-005 9.99013E-005 0.868106 9.99013E-005 9.99013E-005 9.99013E-005 9.99013E-005 0.0680194 9.99013E-005 0.0283915 9.99013E-005
0.00726736 9.98919E-005 9.98919E-005 9.98919E-005 9.98919E-005 9.98919E-005 9.98919E-005 0.0918691 0.899665 9.98919E-005 9.98919E-005 9.98919E-005 9.98919E-005 9.98919E-005 9.98919E-005
0.106563 9.99103E-005 9.99103E-005 9.99103E-005 9.99103E-005 0.0817064 9.99103E-005 0.736234 9.99103E-005 9.99103E-005 9.99103E-005 9.99103E-005 0.0563554 0.0181426 9.99103E-005
0.877352 9.98834E-005 9.98834E-005 9.98834E-005 9.98834E-005 9.98834E-005 9.98834E-005 0.12135 9.98834E-005 9.98834E-005 9.98834E-005 9.98834E-005 9.98834E-005 9.98834E-005 9.98834E-005
0.143817 9.99641E-005 0.0136912 9.99641E-005 9.99641E-005 0.158692 0.00584593 0.577523 0.0425151 0.00608702 0.0134564 9.99641E-005 0.00619604 0.00795779 0.0238193
0.998602 9.98739E-005 9.98739E-005 9.98739E-005 9.98739E-005 9.98739E-005 9.98739E-005 9.98739E-005 9.98739E-005 9.98739E-005 9.98739E-005 9.98739E-005 9.98739E-005 9.98739E-005 9.98739E-005
9.98922E-005 9.98922E-005 0.0110249 9.98922E-005 9.98922E-005 0.706259 9.98922E-005 0.281517 9.98922E-005 9.98922E-005 9.98922E-005 9.98922E-005 9.98922E-005 9.98922E-005 9.98922E-005
0.0412998 9.99282E-005 9.99282E-005 9.99282E-005 9.99282E-005 0.0665631 0.0124616 0.848838 0.00931119 9.99282E-005 9.99282E-005 0.00194136 9.99282E-005 0.0187852 9.99282E-005
0.00905811 0.000964821 9.99103E-005 0.0425546 9.99103E-005 0.0441702 9.99103E-005 0.902253 9.99103E-005 9.99103E-005 9.99103E-005 9.99103E-005 9.99103E-005 9.99103E-005 9.99103E-005
0.998602 9.98739E-005 9.98739E-005 9.98739E-005 9.98739E-005 9.98739E-005 9.98739E-005 9.98739E-005 9.98739E-005 9.98739E-005 9.98739E-005 9.98739E-005 9.98739E-005 9.98739E-005 9.98739E-005
0.0460744 9.99103E-005 9.99103E-005 9.99103E-005 0.0434587 0.0713139 9.99103E-005 0.818467 0.0196868 9.99103E-005 9.99103E-005 9.99103E-005 9.99103E-005 9.99103E-005 9.99103E-005
0.0255407 0.0371998 9.99103E-005 9.99103E-005 0.00204237 0.0903693 9.99103E-005 0.843849 9.99103E-005 9.99103E-005 9.99103E-005 9.99103E-005 9.99103E-005 9.99103E-005 9.99103E-005
0.0344952 9.98924E-005 9.98924E-005 9.98924E-005 9.98924E-005 9.98924E-005 9.98924E-005 0.928421 9.98924E-005 9.98924E-005 9.98924E-005 9.98924E-005 9.98924E-005 9.98924E-005 0.0358854
0.0478328 9.99013E-005 9.99013E-005 9.99013E-005 9.99013E-005 9.99013E-005 9.99013E-005 0.903502 9.99013E-005 9.99013E-005 9.99013E-005 9.99013E-005 0.0397861 9.99013E-005 0.00778038
0.0624472 9.99102E-005 9.99102E-005 9.99102E-005 9.99102E-005 0.0796212 9.99102E-005 0.758498 9.99102E-005 9.99102E-005 0.0884331 9.99102E-005 9.99102E-005 9.99102E-005 0.010001
0.0345611 9.99013E-005 9.99013E-005 9.99013E-005 9.99013E-005 9.99013E-005 9.99013E-005 0.897177 9.99013E-005 0.0142205 9.99013E-005 9.99013E-005 9.99013E-005 9.99013E-005 0.0529427
0.178371 9.99103E-005 9.99103E-005 9.99103E-005 9.99103E-005 0.130184 9.99103E-005 0.598952 0.0246097 9.99103E-005 9.99103E-005 9.99103E-005 9.99103E-005 0.0668837 9.99103E-005
0.0362256 0.032963 9.99372E-005 0.130379 9.99372E-005 9.99372E-005 9.99372E-005 9.99372E-005 9.99372E-005 0.00217166 0.0389241 0.0166337 0.712838 9.99372E-005 0.0291656
9.98741E-005 9.98741E-005 9.98741E-005 9.98741E-005 9.98741E-005 9.98741E-005 9.98741E-005 9.98741E-005 9.98741E-005 9.98741E-005 0.998602 9.98741E-005 9.98741E-005 9.98741E-005 9.98741E-005
9.98741E-005 9.98741E-005 9.98741E-005 9.98741E-005 9.98741E-005 9.98741E-005 9.98741E-005 9.98741E-005 9.98741E-005 9.98741E-005 0.998602 9.98741E-005 9.98741E-005 9.98741E-005 9.98741E-005
9.98924E-005 9.98924E-005 9.98924E-005 9.98924E-005 0.979519 9.98924E-005 9.98924E-005 0.00522775 9.98924E-005 9.98924E-005 9.98924E-005 9.98924E-005 0.0140542 9.98924E-005 9.98924E-005
0.00371776 9.99013E-005 9.99013E-005 9.99013E-005 0.970351 0.00303129 9.99013E-005 9.99013E-005 9.99013E-005 0.0218008 9.99013E-005 9.99013E-005 9.99013E-005 9.99013E-005 9.99013E-005
9.98924E-005 9.98924E-005 9.98924E-005 9.98924E-005 0.861825 9.98924E-005 9.98924E-005 9.98924E-005 9.98924E-005 9.98924E-005 9.98924E-005 9.98924E-005 0.116588 0.0203883 9.98924E-005
9.99371E-005 9.99371E-005 9.99371E-005 0.0405895 0.85048 9.99371E-005 0.0167223 9.99371E-005 9.99371E-005 0.0349123 9.99371E-005 0.00250994 0.0379321 0.00476563 0.0113884
9.98923E-005 9.98923E-005 9.98923E-005 9.98923E-005 9.98923E-005 0.000857523 0.952706 9.98923E-005 9.98923E-005 9.98923E-005 9.98923E-005 9.98923E-005 0.0452378 9.98923E-005 9.98923E-005
9.99012E-005 9.99012E-005 9.99012E-005 9.99012E-005 9.99012E-005 9.99012E-005 0.957391 9.99012E-005 9.99012E-005 0.0117659 0.00134196 9.99012E-005 9.99012E-005 0.0284025 9.99012E-005
9.99013E-005 9.99013E-005 9.99013E-005 0.0372471 0.00591588 9.99013E-005 0.920541 9.99013E-005 9.99013E-005 9.99013E-005 0.0351971 9.99013E-005 9.99013E-005 9.99013E-005 9.99013E-005
9.99013E-005 9.99013E-005 9.99013E-005 0.00465305 0.00173657 9.99013E-005 9.99013E-005 9.99013E-005 9.99013E-005 9.99013E-005 9.99013E-005 0.00383365 9.99013E-005 9.99013E-005 0.988678
9.98742E-005 9.98742E-005 9.98742E-005 9.98742E-005 9.98742E-005 9.98742E-005 9.98742E-005 9.98742E-005 9.98742E-005 9.98742E-005 0.998602 9.98742E-005 9.98742E-005 9.98742E-005 9.98742E-005
9.99102E-005 9.99102E-005 9.99102E-005 9.99102E-005 9.99102E-005 0.00970879 9.99102E-005 0.0266319 9.99102E-005 9.99102E-005 9.99102E-005 0.088724 0.017547 9.99102E-005 0.856389
9.98832E-005 9.98832E-005 9.98832E-005 9.98832E-005 9.98832E-005 0.050508 9.98832E-005 9.98832E-005 9.98832E-005 9.98832E-005 9.98832E-005 9.98832E-005 0.948193 9.98832E-005 9.98832E-005
