9.98833E-005 9.98833E-005 9.98833E-005 9.98833E-005 9.98833E-005 0.989434 9.98833E-005 9.98833E-005 9.98833E-005 9.98833E-005 9.98833E-005 0.00926782 9.98833E-005 9.98833E-005 9.98833E-005
9.98832E-005 0.0343606 9.98832E-005 9.98832E-005 9.98832E-005 0.964341 9.98832E-005 9.98832E-005 9.98832E-005 9.98832E-005 9.98832E-005 9.98832E-005 9.98832E-005 9.98832E-005 9.98832E-005
0.0695646 9.98922E-005 9.98922E-005 9.98922E-005 9.98922E-005 0.920091 0.00914523 9.98922E-005 9.98922E-005 9.98922E-005 9.98922E-005 9.98922E-005 9.98922E-005 9.98922E-005 9.98922E-005
9.99282E-005 0.0390209 9.99282E-005 0.080487 9.99282E-005 0.608944 9.99282E-005 9.99282E-005 0.14137 9.99282E-005 0.0489489 9.99282E-005 0.0632574 0.0171724 9.99282E-005
0.00390717 9.98923E-005 9.98923E-005 9.98923E-005 9.98923E-005 0.926351 9.98923E-005 9.98923E-005 9.98923E-005 9.98923E-005 0.0685435 9.98923E-005 9.98923E-005 9.98923E-005 9.98923E-005
9.98832E-005 0.248832 9.98832E-005 9.98832E-005 9.98832E-005 0.749869 9.98832E-005 9.98832E-005 9.98832E-005 9.98832E-005 9.98832E-005 9.98832E-005 9.98832E-005 9.98832E-005 9.98832E-005
9.98742E-005 9.98742E-005 9.98742E-005 9.98742E-005 9.98742E-005 0.998602 9.98742E-005 9.98742E-005 9.98742E-005 9.98742E-005 9.98742E-005 9.98742E-005 9.98742E-005 9.98742E-005 9.98742E-005
9.99282E-005 0.235904 9.99282E-005 0.0610641 0.026365 0.492172 9.99282E-005 9.99282E-005 0.000555898 9.99282E-005 0.0718043 9.99282E-005 9.99282E-005 9.99282E-005 0.111336
9.98738E-005 0.998602 9.98738E-005 9.98738E-005 9.98738E-005 9.98738E-005 9.98738E-005 9.98738E-005 9.98738E-005 9.98738E-005 9.98738E-005 9.98738E-005 9.98738E-005 9.98738E-005 9.98738E-005
9.98739E-005 0.998602 9.98739E-005 9.98739E-005 9.98739E-005 9.98739E-005 9.98739E-005 9.98739E-005 9.98739E-005 9.98739E-005 9.98739E-005 9.98739E-005 9.98739E-005 9.98739E-005 9.98739E-005
9.99012E-005 0.186408 9.99012E-005 9.99012E-005 9.99012E-005 0.691739 9.99012E-005 0.0296613 9.99012E-005 9.99012E-005 9.99012E-005 0.091093 9.99012E-005 9.99012E-005 9.99012E-005
9.98833E-005 9.98833E-005 9.98833E-005 9.98833E-005 9.98833E-005 9.98833E-005 0.0457681 9.98833E-005 9.98833E-005 9.98833E-005 9.98833E-005 9.98833E-005 0.952933 9.98833E-005 9.98833E-005
9.99012E-005 0.0711468 9.99012E-005 9.99012E-005 9.99012E-005 0.0936469 9.99012E-005 9.99012E-005 9.99012E-005 9.99012E-005 9.99012E-005 9.99012E-005 0.823835 9.99012E-005 0.0102724
9.98834E-005 9.98834E-005 9.98834E-005 9.98834E-005 9.98834E-005 9.98834E-005 9.98834E-005 0.0388481 9.98834E-005 9.98834E-005 9.98834E-005 9.98834E-005 0.959853 9.98834E-005 9.98834E-005
9.99013E-005 9.99013E-005 0.0331898 9.99013E-005 9.99013E-005 9.99013E-005 9.99013E-005 9.99013E-005 9.99013E-005 9.99013E-005 9.99013E-005 0.0384898 0.907879 0.0193426 9.99013E-005
0.0522432 9.98833E-005 9.98833E-005 9.98833E-005 9.98833E-005 9.98833E-005 9.98833E-005 9.98833E-005 9.98833E-005 9.98833E-005 9.98833E-005 9.98833E-005 0.946458 9.98833E-005 9.98833E-005
9.98833E-005 9.98833E-005 9.98833E-005 9.98833E-005 0.00696829 9.98833E-005 9.98833E-005 9.98833E-005 9.98833E-005 9.98833E-005 9.98833E-005 9.98833E-005 0.991733 9.98833E-005 9.98833E-005
0.151092 9.99281E-005 9.99281E-005 0.00545181 0.00413934 0.131474 9.99281E-005 9.99281E-005 9.99281E-005 9.99281E-005 0.0234682 0.0164843 0.667091 9.99281E-005 9.99281E-005
0.0851126 9.99372E-005 9.99372E-005 0.247835 9.99372E-005 0.0524491 0.543016 0.0303752 0.00331112 9.99372E-005 0.0140619 9.99372E-005 0.0231396 9.99372E-005 9.99372E-005
9.99013E-005 0.0400173 9.99013E-005 0.895947 9.99013E-005 9.99013E-005 0.0233572 9.99013E-005 9.99013E-005 9.99013E-005 9.99013E-005 9.99013E-005 0.0395798 9.99013E-005 9.99013E-005
9.98834E-005 9.98834E-005 9.98834E-005 0.925313 9.98834E-005 9.98834E-005 0.0733885 9.98834E-005 9.98834E-005 9.98834E-005 9.98834E-005 9.98834E-005 9.98834E-005 9.98834E-005 9.98834E-005
9.99282E-005 9.99282E-005 9.99282E-005 0.617653 0.00427885 0.0978664 0.228511 0.0290457 9.99282E-005 9.99282E-005 0.00792583 9.99282E-005 9.99282E-005 0.0139197 9.99282E-005
9.99012E-005 9.99012E-005 9.99012E-005 0.868456 9.99012E-005 9.99012E-005 0.0273178 0.0423208 9.99012E-005 9.99012E-005 9.99012E-005 0.0608061 9.99012E-005 9.99012E-005 9.99012E-005
9.98739E-005 9.98739E-005 9.98739E-005 9.98739E-005 9.98739E-005 9.98739E-005 0.998602 9.98739E-005 9.98739E-005 9.98739E-005 9.98739E-005 9.98739E-005 9.98739E-005 9.98739E-005 9.98739E-005
9.98832E-005 9.98832E-005 9.98832E-005 0.00532074 9.98832E-005 9.98832E-005 0.993381 9.98832E-005 9.98832E-005 9.98832E-005 9.98832E-005 9.98832E-005 9.98832E-005 9.98832E-005 9.98832E-005
9.98742E-005 9.98742E-005 9.98742E-005 9.98742E-005 9.98742E-005 9.98742E-005 0.998602 9.98742E-005 9.98742E-005 9.98742E-005 9.98742E-005 9.98742E-005 9.98742E-005 9.98742E-005 9.98742E-005
0.0127335 0.0144524 0.0520432 0.700462 9.99282E-005 9.99282E-005 0.0722521 9.99282E-005 0.0768933 9.99282E-005 0.0703635 9.99282E-005 9.99282E-005 9.99282E-005 9.99282E-005
9.98922E-005 9.98922E-005 9.98922E-005 0.220171 9.98922E-005 0.0306744 0.747956 9.98922E-005 9.98922E-005 9.98922E-005 9.98922E-005 9.98922E-005 9.98922E-005 9.98922E-005 9.98922E-005
0.000140817 9.99013E-005 9.99013E-005 0.911124 9.99013E-005 9.99013E-005 0.0205528 9.99013E-005 0.0670833 9.99013E-005 9.99013E-005 9.99013E-005 9.99013E-005 9.99013E-005 9.99013E-005
9.98742E-005 9.98742E-005 9.98742E-005 9.98742E-005 9.98742E-005 9.98742E-005 0.998602 9.98742E-005 9.98742E-005 9.98742E-005 9.98742E-005 9.98742E-005 9.98742E-005 9.98742E-005 9.98742E-005
9.99371E-005 0.0220912 9.99371E-005 0.668901 9.99371E-005 0.0379141 0.162596 9.99371E-005 0.0142787 9.99371E-005 9.99371E-005 9.99371E-005 0.00510731 0.00231777 0.0860947
9.98832E-005 9.98832E-005 9.98832E-005 9.98832E-005 9.98832E-005 9.98832E-005 0.993819 9.98832E-005 9.98832E-005 9.98832E-005 9.98832E-005 0.00488285 9.98832E-005 9.98832E-005 9.98832E-005
0.0966106 9.99013E-005 9.99013E-005 0.815637 9.99013E-005 0.0139558 0.0726974 9.99013E-005 9.99013E-005 9.99013E-005 9.99013E-005 9.99013E-005 9.99013E-005 9.99013E-005 9.99013E-005
9.99103E-005 0.0499545 9.99103E-005 0.628381 9.99103E-005 9.99103E-005 0.275499 0.0442816 9.99103E-005 9.99103E-005 9.99103E-005 9.99103E-005 9.99103E-005 0.000885086 9.99103E-005
0.058122 0.0822125 9.99282E-005 0.611474 9.99282E-005 9.99282E-005 0.169373 9.99282E-005 9.99282E-005 9.99282E-005 0.0023782 9.99282E-005 9.99282E-005 0.0737056 0.00193513
9.99012E-005 0.00934398 9.99012E-005 0.834127 9.99012E-005 0.0303394 0.125091 9.99012E-005 9.99012E-005 9.99012E-005 9.99012E-005 9.99012E-005 9.99012E-005 9.99012E-005 9.99012E-005
9.99282E-005 9.99282E-005 9.99282E-005 0.734188 0.0271217 0.0459638 0.093298 0.0194214 0.0563681 0.0228397 9.99282E-005 9.99282E-005 9.99282E-005 9.99282E-005 9.99282E-005
0.0934529 0.0099291 0.0169004 0.00780011 9.99462E-005 9.99462E-005 9.99462E-005 0.0130319 9.99462E-005 0.00633774 0.677572 9.99462E-005 0.160365 0.0140109 9.99462E-005
9.98923E-005 9.98923E-005 9.98923E-005 9.98923E-005 9.98923E-005 9.98923E-005 9.98923E-005 0.00116976 9.98923E-005 9.98923E-005 0.993839 0.00379226 9.98923E-005 9.98923E-005 9.98923E-005
0.117941 9.99193E-005 9.99193E-005 9.99193E-005 9.99193E-005 0.024879 0.0279626 9.99193E-005 9.99193E-005 0.0280771 0.756459 9.99193E-005 9.99193E-005 0.043782 9.99193E-005
0.131255 0.000441661 9.99193E-005 9.99193E-005 0.0105283 9.99193E-005 9.99193E-005 9.99193E-005 9.99193E-005 9.99193E-005 0.843038 0.00571679 9.99193E-005 0.00812151 9.99193E-005
0.172166 9.99102E-005 9.99102E-005 9.99102E-005 0.0135854 9.99102E-005 0.0316706 9.99102E-005 9.99102E-005 0.0261932 0.755386 9.99102E-005 9.99102E-005 9.99102E-005 9.99102E-005
0.0357084 9.99102E-005 9.99102E-005 9.99102E-005 9.99102E-005 9.99102E-005 0.00196708 0.00577284 0.0256398 9.99102E-005 0.929913 9.99102E-005 9.99102E-005 9.99102E-005 9.99102E-005
0.193756 0.0271079 9.98923E-005 9.98923E-005 9.98923E-005 9.98923E-005 9.98923E-005 9.98923E-005 9.98923E-005 9.98923E-005 0.777938 9.98923E-005 9.98923E-005 9.98923E-005 9.98923E-005
0.0705098 0.0235688 0.000906971 0.0134405 0.0074619 9.99461E-005 0.021805 9.99461E-005 0.0353023 9.99461E-005 0.759976 9.99461E-005 0.0664287 9.99461E-005 9.99461E-005
0.0546413 9.98923E-005 9.98923E-005 9.98923E-005 9.98923E-005 9.98923E-005 0.0128717 9.98923E-005 9.98923E-005 9.98923E-005 0.931288 9.98923E-005 9.98923E-005 9.98923E-005 9.98923E-005
0.00483493 9.99282E-005 0.106254 9.99282E-005 9.99282E-005 9.99282E-005 0.0380808 9.99282E-005 0.471403 9.99282E-005 0.0406207 9.99282E-005 0.210408 9.99282E-005 0.127599
9.98741E-005 9.98741E-005 9.98741E-005 9.98741E-005 0.998602 9.98741E-005 9.98741E-005 9.98741E-005 9.98741E-005 9.98741E-005 9.98741E-005 9.98741E-005 9.98741E-005 9.98741E-005 9.98741E-005
9.98922E-005 9.98922E-005 9.98922E-005 9.98922E-005 0.0068302 9.98922E-005 9.98922E-005 9.98922E-005 9.98922E-005 9.98922E-005 0.0182935 0.973678 9.98922E-005 9.98922E-005 9.98922E-005
0.0710572 9.98924E-005 9.98924E-005 9.98924E-005 9.98924E-005 9.98924E-005 9.98924E-005 9.98924E-005 0.921038 0.00670579 9.98924E-005 9.98924E-005 9.98924E-005 9.98924E-005 9.98924E-005
9.9883E-005 9.9883E-005 9.9883E-005 9.9883E-005 9.9883E-005 9.9883E-005 9.9883E-005 9.9883E-005 0.250336 9.9883E-005 9.9883E-005 0.748365 9.9883E-005 9.9883E-005 9.9883E-005
9.98833E-005 9.98833E-005 9.98833E-005 9.98833E-005 9.98833E-005 9.98833E-005 0.0210217 9.98833E-005 0.97768 9.98833E-005 9.98833E-005 9.98833E-005 9.98833E-005 9.98833E-005 9.98833E-005
9.99013E-005 9.99013E-005 9.99013E-005 0.125415 9.99013E-005 9.99013E-005 9.99013E-005 9.99013E-005 0.789386 0.0304837 9.99013E-005 9.99013E-005 9.99013E-005 0.0536165 9.99013E-005
9.99201E-005 9.99201E-005 9.99201E-005 9.99201E-005 9.99201E-005 0.0740902 0.0254873 0.00867043 0.663577 9.99201E-005 0.0821698 9.99201E-005 0.0123289 9.99201E-005 0.132877
9.98924E-005 9.98924E-005 0.0157211 9.98924E-005 9.98924E-005 0.0207473 9.98924E-005 9.98924E-005 0.962333 9.98924E-005 9.98924E-005 9.98924E-005 9.98924E-005 9.98924E-005 9.98924E-005
9.98924E-005 9.98924E-005 9.98924E-005 9.98924E-005 9.98924E-005 0.0593071 9.98924E-005 0.00822047 0.931274 9.98924E-005 9.98924E-005 9.98924E-005 9.98924E-005 9.98924E-005 9.98924E-005
0.0581057 9.99101E-005 0.0225093 9.99101E-005 9.99101E-005 9.99101E-005 0.0579678 9.99101E-005 0.801996 0.0584221 9.99101E-005 9.99101E-005 9.99101E-005 9.99101E-005 9.99101E-005
9.99013E-005 9.99013E-005 9.99013E-005 9.99013E-005 9.99013E-005 0.00860467 9.99013E-005 9.99013E-005 0.987433 0.000322334 9.99013E-005 0.00254126 9.99013E-005 9.99013E-005 9.99013E-005
9.98922E-005 9.98922E-005 9.98922E-005 9.98922E-005 9.98922E-005 9.98922E-005 9.98922E-005 0.028888 0.953077 9.98922E-005 9.98922E-005 9.98922E-005 9.98922E-005 0.0168358 9.98922E-005
9.98923E-005 9.98923E-005 9.98923E-005 0.0509849 9.98923E-005 9.98923E-005 9.98923E-005 9.98923E-005 0.893925 9.98923E-005 9.98923E-005 9.98923E-005 9.98923E-005 0.0538917 9.98923E-005
9.99103E-005 9.99103E-005 9.99103E-005 0.0174588 9.99103E-005 9.99103E-005 0.00825055 9.99103E-005 9.99103E-005 9.99103E-005 9.99103E-005 9.99103E-005 0.013367 0.0248038 0.935121
9.99013E-005 0.0269625 9.99013E-005 0.0780081 9.99013E-005 9.99013E-005 9.99013E-005 9.99013E-005 9.99013E-005 0.00394864 9.99013E-005 9.99013E-005 9.99013E-005 9.99013E-005 0.889982
9.99013E-005 0.0839231 9.99013E-005 9.99013E-005 0.00632589 9.99013E-005 9.99013E-005 9.99013E-005 9.99013E-005 9.99013E-005 0.027609 9.99013E-005 9.99013E-005 9.99013E-005 0.881043
9.99192E-005 9.99192E-005 0.0384654 9.99192E-005 9.99192E-005 9.99192E-005 9.99192E-005 0.0329397 9.99192E-005 0.369708 9.99192E-005 0.0174715 9.99192E-005 0.0643267 0.476189
9.99192E-005 9.99192E-005 0.261683 9.99192E-005 9.99192E-005 9.99192E-005 0.0252089 0.0226118 9.99192E-005 0.35055 9.99192E-005 9.99192E-005 9.99192E-005 0.0326442 0.306403
9.99014E-005 9.99014E-005 9.99014E-005 9.99014E-005 9.99014E-005 9.99014E-005 9.99014E-005 9.99014E-005 0.0097796 0.98055 0.00393979 9.99014E-005 9.99014E-005 0.00463158 9.99014E-005
9.98742E-005 9.98742E-005 9.98742E-005 9.98742E-005 9.98742E-005 9.98742E-005 9.98742E-005 9.98742E-005 9.98742E-005 0.998602 9.98742E-005 9.98742E-005 9.98742E-005 9.98742E-005 9.98742E-005
9.99282E-005 9.99282E-005 0.0722907 0.0308091 9.99282E-005 9.99282E-005 9.99282E-005 0.0578924 9.99282E-005 0.399923 0.00180273 9.99282E-005 9.99282E-005 0.0447151 0.391768
9.99102E-005 9.99102E-005 9.99102E-005 9.99102E-005 9.99102E-005 9.99102E-005 9.99102E-005 0.0560208 0.0206867 0.410577 9.99102E-005 9.99102E-005 9.99102E-005 0.19886 0.312857
0.0152505 9.98922E-005 9.98922E-005 9.98922E-005 9.98922E-005 9.98922E-005 9.98922E-005 9.98922E-005 9.98922E-005 0.938037 9.98922E-005 9.98922E-005 0.0455134 9.98922E-005 9.98922E-005
9.98743E-005 9.98743E-005 9.98743E-005 9.98743E-005 9.98743E-005 9.98743E-005 9.98743E-005 9.98743E-005 9.98743E-005 0.998602 9.98743E-005 9.98743E-005 9.98743E-005 9.98743E-005 9.98743E-005
9.99192E-005 9.99192E-005 0.0467957 0.0469767 9.99192E-005 9.99192E-005 9.99192E-005 0.0345768 9.99192E-005 0.367393 9.99192E-005 9.99192E-005 9.99192E-005 0.0404782 0.46288
9.99013E-005 9.99013E-005 9.99013E-005 9.99013E-005 9.99013E-005 9.99013E-005 0.000897417 9.99013E-005 0.00515737 0.980991 0.011855 9.99013E-005 9.99013E-005 9.99013E-005 9.99013E-005
9.98921E-005 0.0282614 9.98921E-005 9.98921E-005 0.00875077 9.98921E-005 9.98921E-005 9.98921E-005 9.98921E-005 0.961789 9.98921E-005 9.98921E-005 9.98921E-005 9.98921E-005 9.98921E-005
9.98744E-005 9.98744E-005 9.98744E-005 9.98744E-005 9.98744E-005 9.98744E-005 9.98744E-005 9.98744E-005 9.98744E-005 0.998602 9.98744E-005 9.98744E-005 9.98744E-005 9.98744E-005 9.98744E-005
9.99012E-005 0.0121143 9.99012E-005 9.99012E-005 9.99012E-005 9.99012E-005 9.99012E-005 0.0149901 9.99012E-005 0.930496 9.99012E-005 9.99012E-005 9.99012E-005 9.99012E-005 0.0413008
9.98922E-005 9.98922E-005 0.00352185 9.98922E-005 9.98922E-005 9.98922E-005 0.0339634 9.98922E-005 9.98922E-005 0.961316 9.98922E-005 9.98922E-005 9.98922E-005 9.98922E-005 9.98922E-005
0.080742 0.0101964 9.99104E-005 0.880359 9.99104E-005 9.99104E-005 9.99104E-005 0.0137086 9.99104E-005 9.99104E-005 0.0139953 9.99104E-005 9.99104E-005 9.99104E-005 9.99104E-005
0.0899887 0.0467825 9.99282E-005 9.99282E-005 0.0106997 9.99282E-005 0.0255203 0.00151896 9.99282E-005 9.99282E-005 0.822311 0.00237903 9.99282E-005 9.99282E-005 9.99282E-005
9.99012E-005 0.0156558 9.99012E-005 9.99012E-005 9.99012E-005 9.99012E-005 0.0580456 9.99012E-005 9.99012E-005 9.99012E-005 0.910309 9.99012E-005 0.0148907 9.99012E-005 9.99012E-005
9.98923E-005 9.98923E-005 0.97647 9.98923E-005 9.98923E-005 9.98923E-005 9.98923E-005 9.98923E-005 9.98923E-005 0.0186604 9.98923E-005 9.98923E-005 9.98923E-005 0.00367128 9.98923E-005
9.99013E-005 9.99013E-005 0.915009 9.99013E-005 9.99013E-005 9.99013E-005 9.99013E-005 9.99013E-005 9.99013E-005 0.0298912 9.99013E-005 0.00440066 9.99013E-005 0.0496005 9.99013E-005
9.99014E-005 9.99014E-005 0.920135 9.99014E-005 9.99014E-005 9.99014E-005 9.99014E-005 0.00203329 9.99014E-005 0.0116179 9.99014E-005 9.99014E-005 9.99014E-005 0.0651145 9.99014E-005
9.98832E-005 9.98832E-005 9.98832E-005 9.98832E-005 9.98832E-005 9.98832E-005 9.98832E-005 0.0105919 9.98832E-005 9.98832E-005 9.98832E-005 9.98832E-005 9.98832E-005 0.98811 9.98832E-005
9.99014E-005 9.99014E-005 0.852399 9.99014E-005 9.99014E-005 9.99014E-005 9.99014E-005 0.094416 0.00777222 9.99014E-005 9.99014E-005 9.99014E-005 9.99014E-005 9.99014E-005 0.0443136
9.99102E-005 9.99102E-005 0.703412 9.99102E-005 9.99102E-005 9.99102E-005 0.0125599 0.0430976 9.99102E-005 9.99102E-005 9.99102E-005 9.99102E-005 0.0185359 0.221396 9.99102E-005
9.99104E-005 9.99104E-005 0.720407 0.0258822 9.99104E-005 9.99104E-005 0.0314291 0.0811846 9.99104E-005 9.99104E-005 9.99104E-005 9.99104E-005 9.99104E-005 0.140098 9.99104E-005
9.99193E-005 0.000478134 0.497974 9.99193E-005 9.99193E-005 9.99193E-005 9.99193E-005 0.115567 0.0623461 9.99193E-005 9.99193E-005 9.99193E-005 9.99193E-005 0.318605 0.0041302
9.99192E-005 0.011089 0.898117 0.054795 0.00309989 9.99192E-005 9.99192E-005 0.00811054 9.99192E-005 9.99192E-005 9.99192E-005 9.99192E-005 9.99192E-005 0.0238895 9.99192E-005
9.98742E-005 9.98742E-005 9.98742E-005 9.98742E-005 9.98742E-005 9.98742E-005 9.98742E-005 9.98742E-005 9.98742E-005 9.98742E-005 9.98742E-005 9.98742E-005 9.98742E-005 0.998602 9.98742E-005
9.98742E-005 9.98742E-005 9.98742E-005 9.98742E-005 9.98742E-005 9.98742E-005 9.98742E-005 9.98742E-005 9.98742E-005 9.98742E-005 9.98742E-005 9.98742E-005 9.98742E-005 0.998602 9.98742E-005
9.99283E-005 9.99283E-005 0.765729 9.99283E-005 0.00838407 9.99283E-005 9.99283E-005 0.0710336 0.0617417 0.00832818 9.99283E-005 0.0246985 9.99283E-005 0.0592857 9.99283E-005
9.98923E-005 9.98923E-005 0.882628 9.98923E-005 9.98923E-005 9.98923E-005 9.98923E-005 9.98923E-005 0.0536041 9.98923E-005 9.98923E-005 9.98923E-005 9.98923E-005 0.0625695 9.98923E-005
9.99102E-005 0.00376412 0.711863 9.99102E-005 9.99102E-005 9.99102E-005 9.99102E-005 0.0699739 9.99102E-005 0.019757 9.99102E-005 9.99102E-005 9.99102E-005 0.193643 9.99102E-005
9.99012E-005 0.0679289 0.488352 9.99012E-005 9.99012E-005 9.99012E-005 9.99012E-005 0.0806642 9.99012E-005 9.99012E-005 9.99012E-005 9.99012E-005 9.99012E-005 0.361956 9.99012E-005
0.0350751 9.99282E-005 0.344513 9.99282E-005 9.99282E-005 9.99282E-005 0.00795397 0.0821985 9.99282E-005 9.99282E-005 9.99282E-005 0.0452054 9.99282E-005 0.477418 0.00683637
9.98834E-005 9.98834E-005 0.94211 9.98834E-005 9.98834E-005 9.98834E-005 9.98834E-005 9.98834E-005 9.98834E-005 0.0565915 9.98834E-005 9.98834E-005 9.98834E-005 9.98834E-005 9.98834E-005
0.0238563 9.99193E-005 0.890892 9.99193E-005 9.99193E-005 0.00682487 9.99193E-005 0.0565887 9.99193E-005 9.99193E-005 0.0105864 9.99193E-005 9.99193E-005 0.0103524 9.99193E-005
9.98925E-005 9.98925E-005 0.946114 9.98925E-005 9.98925E-005 9.98925E-005 9.98925E-005 0.0322234 9.98925E-005 9.98925E-005 9.98925E-005 9.98925E-005 9.98925E-005 0.0204642 9.98925E-005
9.99192E-005 9.99192E-005 0.515898 0.0812491 0.0066216 9.99192E-005 9.99192E-005 0.123355 9.99192E-005 0.00227703 9.99192E-005 9.99192E-005 9.99192E-005 0.2697 9.99192E-005
9.99103E-005 9.99103E-005 0.810741 0.00773536 9.99103E-005 9.99103E-005 9.99103E-005 0.0712254 9.99103E-005 9.99103E-005 9.99103E-005 9.99103E-005 0.0330344 0.076265 9.99103E-005
0.016989 9.99192E-005 0.148593 9.99192E-005 9.99192E-005 9.99192E-005 9.99192E-005 9.99192E-005 9.99192E-005 0.0376884 9.99192E-005 0.0109841 0.00239849 0.782448 9.99192E-005
9.99012E-005 0.0364737 0.83964 9.99012E-005 9.99012E-005 9.99012E-005 9.99012E-005 0.120517 9.99012E-005 9.99012E-005 9.99012E-005 9.99012E-005 0.00227036 9.99012E-005 9.99012E-005
9.99012E-005 0.0469742 0.895255 9.99012E-005 0.00279023 9.99012E-005 9.99012E-005 9.99012E-005 0.0538814 9.99012E-005 9.99012E-005 9.99012E-005 9.99012E-005 9.99012E-005 9.99012E-005
9.99012E-005 9.99012E-005 0.844064 9.99012E-005 9.99012E-005 9.99012E-005 9.99012E-005 0.0774196 9.99012E-005 9.99012E-005 9.99012E-005 9.99012E-005 9.99012E-005 0.0470057 0.0304122
9.99281E-005 0.0644413 0.588006 9.99281E-005 0.00868966 9.99281E-005 0.00344239 0.0122557 9.99281E-005 9.99281E-005 9.99281E-005 0.0247414 9.99281E-005 0.297624 9.99281E-005
9.99102E-005 9.99102E-005 0.0940442 9.99102E-005 9.99102E-005 9.99102E-005 9.99102E-005 0.00758285 9.99102E-005 0.343689 9.99102E-005 9.99102E-005 9.99102E-005 0.0677635 0.485921
9.99281E-005 9.99281E-005 0.0940586 0.278672 9.99281E-005 9.99281E-005 9.99281E-005 0.0086343 9.99281E-005 0.2014 9.99281E-005 0.0473406 9.99281E-005 0.00709424 0.362001
9.99283E-005 9.99283E-005 0.071295 0.00987037 9.99283E-005 9.99283E-005 0.0200694 9.99283E-005 0.00179481 0.255605 9.99283E-005 9.99283E-005 9.99283E-005 0.259123 0.381443
0.721468 9.99103E-005 9.99103E-005 0.0973022 9.99103E-005 9.99103E-005 9.99103E-005 9.99103E-005 9.99103E-005 0.0328915 0.019898 9.99103E-005 0.127441 9.99103E-005 9.99103E-005
0.998602 9.98739E-005 9.98739E-005 9.98739E-005 9.98739E-005 9.98739E-005 9.98739E-005 9.98739E-005 9.98739E-005 9.98739E-005 9.98739E-005 9.98739E-005 9.98739E-005 9.98739E-005 9.98739E-005
0.946604 0.0277557 9.98924E-005 9.98924E-005 9.98924E-005 9.98924E-005 9.98924E-005 9.98924E-005 0.0244411 9.98924E-005 9.98924E-005 9.98924E-005 9.98924E-005 9.98924E-005 9.98924E-005
0.973628 9.98922E-005 9.98922E-005 9.98922E-005 0.000249611 0.0249241 9.98922E-005 9.98922E-005 9.98922E-005 9.98922E-005 9.98922E-005 9.98922E-005 9.98922E-005 9.98922E-005 9.98922E-005
0.935123 9.98834E-005 9.98834E-005 9.98834E-005 9.98834E-005 9.98834E-005 9.98834E-005 9.98834E-005 9.98834E-005 9.98834E-005 0.063579 9.98834E-005 9.98834E-005 9.98834E-005 9.98834E-005
0.998602 9.98743E-005 9.98743E-005 9.98743E-005 9.98743E-005 9.98743E-005 9.98743E-005 9.98743E-005 9.98743E-005 9.98743E-005 9.98743E-005 9.98743E-005 9.98743E-005 9.98743E-005 9.98743E-005
0.512584 9.99282E-005 9.99282E-005 0.144149 0.018122 0.0934966 0.0383516 9.99282E-005 9.99282E-005 0.0329666 0.159531 9.99282E-005 9.99282E-005 9.99282E-005 9.99282E-005
9.98923E-005 9.98923E-005 9.98923E-005 9.98923E-005 0.00253188 9.98923E-005 9.98923E-005 9.98923E-005 9.98923E-005 9.98923E-005 0.985081 0.0111881 9.98923E-005 9.98923E-005 9.98923E-005
9.98744E-005 9.98744E-005 9.98744E-005 9.98744E-005 9.98744E-005 9.98744E-005 9.98744E-005 9.98744E-005 9.98744E-005 9.98744E-005 0.998602 9.98744E-005 9.98744E-005 9.98744E-005 9.98744E-005
9.99282E-005 9.99282E-005 0.0063213 9.99282E-005 0.0119241 0.043071 0.0714563 0.00679745 9.99282E-005 0.0190077 0.840623 9.99282E-005 9.99282E-005 9.99282E-005 9.99282E-005
0.152863 9.99193E-005 0.207006 0.357508 9.99193E-005 9.99193E-005 9.99193E-005 0.0667348 9.99193E-005 9.99193E-005 0.0234355 9.99193E-005 9.99193E-005 0.191553 9.99193E-005
9.99371E-005 0.10319 9.99371E-005 0.0302604 0.00372282 9.99371E-005 0.0555747 9.99371E-005 0.0730977 9.99371E-005 9.99371E-005 0.0447854 0.63718 0.0514888 9.99371E-005
9.9901E-005 9.9901E-005 9.9901E-005 9.9901E-005 9.9901E-005 0.0425975 0.0156099 9.9901E-005 9.9901E-005 9.9901E-005 9.9901E-005 0.865733 0.0749604 9.9901E-005 9.9901E-005
9.99102E-005 9.99102E-005 9.99102E-005 9.99102E-005 0.0071605 9.99102E-005 9.99102E-005 0.010714 0.0185106 9.99102E-005 9.99102E-005 9.99102E-005 9.99102E-005 0.0755002 0.887116
9.99013E-005 9.99013E-005 9.99013E-005 9.99013E-005 9.99013E-005 0.0563804 9.99013E-005 9.99013E-005 0.00880842 0.0256168 9.99013E-005 9.99013E-005 9.99013E-005 9.99013E-005 0.908095
9.98919E-005 9.98919E-005 0.0603502 9.98919E-005 9.98919E-005 9.98919E-005 9.98919E-005 0.0100703 9.98919E-005 9.98919E-005 9.98919E-005 0.928381 9.98919E-005 9.98919E-005 9.98919E-005
0.0177278 9.99014E-005 0.841407 9.99014E-005 9.99014E-005 9.99014E-005 9.99014E-005 0.112413 9.99014E-005 9.99014E-005 9.99014E-005 9.99014E-005 0.0273526 9.99014E-005 9.99014E-005
0.00582411 9.98923E-005 0.116328 9.98923E-005 9.98923E-005 9.98923E-005 9.98923E-005 0.876649 9.98923E-005 9.98923E-005 9.98923E-005 9.98923E-005 9.98923E-005 9.98923E-005 9.98923E-005
9.99192E-005 0.00716464 0.482112 9.99192E-005 9.99192E-005 9.99192E-005 9.99192E-005 0.160571 9.99192E-005 9.99192E-005 9.99192E-005 0.0368662 0.0556664 0.25672 9.99192E-005
9.98739E-005 9.98739E-005 9.98739E-005 9.98739E-005 9.98739E-005 9.98739E-005 9.98739E-005 0.998602 9.98739E-005 9.98739E-005 9.98739E-005 9.98739E-005 9.98739E-005 9.98739E-005 9.98739E-005
9.99012E-005 9.99012E-005 0.338773 9.99012E-005 0.0114367 9.99012E-005 9.99012E-005 9.99012E-005 0.014274 9.99012E-005 9.99012E-005 9.99012E-005 9.99012E-005 0.634418 9.99012E-005
9.99372E-005 0.00262213 0.804047 9.99372E-005 9.99372E-005 9.99372E-005 9.99372E-005 0.0563705 0.00695229 0.00768239 9.99372E-005 0.00910014 9.99372E-005 0.0860443 0.0264813
0.0326181 9.98923E-005 0.950618 9.98923E-005 9.98923E-005 0.0155656 9.98923E-005 9.98923E-005 9.98923E-005 9.98923E-005 9.98923E-005 9.98923E-005 9.98923E-005 9.98923E-005 9.98923E-005
9.98739E-005 9.98739E-005 9.98739E-005 9.98739E-005 9.98739E-005 9.98739E-005 9.98739E-005 0.998602 9.98739E-005 9.98739E-005 9.98739E-005 9.98739E-005 9.98739E-005 9.98739E-005 9.98739E-005
0.00143435 9.99192E-005 0.897974 0.00369432 9.99192E-005 9.99192E-005 9.99192E-005 0.0450668 9.99192E-005 9.99192E-005 0.0492882 0.00164306 9.99192E-005 9.99192E-005 9.99192E-005
9.99013E-005 9.99013E-005 0.910027 9.99013E-005 9.99013E-005 9.99013E-005 9.99013E-005 0.0557467 9.99013E-005 0.0186748 0.0144524 9.99013E-005 9.99013E-005 9.99013E-005 9.99013E-005
9.99014E-005 9.99014E-005 0.0141646 9.99014E-005 9.99014E-005 9.99014E-005 9.99014E-005 0.0195213 9.99014E-005 9.99014E-005 9.99014E-005 0.00817773 9.99014E-005 0.957037 9.99014E-005
9.98923E-005 9.98923E-005 9.98923E-005 9.98923E-005 9.98923E-005 9.98923E-005 9.98923E-005 0.00189242 9.98923E-005 0.0251528 9.98923E-005 9.98923E-005 9.98923E-005 0.971756 9.98923E-005
9.99102E-005 9.99102E-005 9.99102E-005 0.00299831 0.00261073 9.99102E-005 9.99102E-005 0.0376682 9.99102E-005 9.99102E-005 9.99102E-005 9.99102E-005 0.0268401 0.928883 9.99102E-005
9.99013E-005 0.00211427 0.931155 9.99013E-005 9.99013E-005 9.99013E-005 0.0400838 0.0255484 9.99013E-005 9.99013E-005 9.99013E-005 9.99013E-005 9.99013E-005 9.99013E-005 9.99013E-005
9.99103E-005 9.99103E-005 0.420863 9.99103E-005 9.99103E-005 9.99103E-005 9.99103E-005 0.18917 0.0434075 9.99103E-005 9.99103E-005 0.0580371 9.99103E-005 0.287523 9.99103E-005
0.149722 0.0532194 9.99372E-005 0.609272 9.99372E-005 0.0448818 0.0608902 0.015124 9.99372E-005 0.0625863 0.00360465 9.99372E-005 9.99372E-005 9.99372E-005 9.99372E-005
0.0307016 0.138861 9.99102E-005 0.800383 0.00561191 9.99102E-005 0.0234434 9.99102E-005 9.99102E-005 9.99102E-005 9.99102E-005 9.99102E-005 9.99102E-005 9.99102E-005 9.99102E-005
9.99282E-005 0.127954 0.0163819 0.64075 9.99282E-005 0.0170512 0.0843388 9.99282E-005 9.99282E-005 0.00914495 0.10358 9.99282E-005 9.99282E-005 9.99282E-005 9.99282E-005
9.98834E-005 0.00981001 9.98834E-005 9.98834E-005 9.98834E-005 9.98834E-005 9.98834E-005 9.98834E-005 9.98834E-005 9.98834E-005 0.988892 9.98834E-005 9.98834E-005 9.98834E-005 9.98834E-005
9.99013E-005 9.99013E-005 9.99013E-005 9.99013E-005 9.99013E-005 9.99013E-005 0.0198387 0.0090485 0.00691013 9.99013E-005 0.963104 9.99013E-005 9.99013E-005 9.99013E-005 9.99013E-005
9.99014E-005 9.99014E-005 9.99014E-005 0.0290667 9.99014E-005 9.99014E-005 9.99014E-005 9.99014E-005 0.0484778 9.99014E-005 0.911274 9.99014E-005 0.0100825 9.99014E-005 9.99014E-005
0.0467655 9.99102E-005 9.99102E-005 9.99102E-005 9.99102E-005 9.99102E-005 0.0393785 9.99102E-005 0.00774094 9.99102E-005 0.815716 9.99102E-005 0.0894004 9.99102E-005 9.99102E-005
9.98834E-005 9.98834E-005 9.98834E-005 9.98834E-005 9.98834E-005 9.98834E-005 9.98834E-005 9.98834E-005 9.98834E-005 9.98834E-005 9.98834E-005 9.98834E-005 0.00506797 9.98834E-005 0.993634
9.98833E-005 9.98833E-005 9.98833E-005 9.98833E-005 9.98833E-005 0.00100308 9.98833E-005 9.98833E-005 9.98833E-005 9.98833E-005 9.98833E-005 9.98833E-005 9.98833E-005 9.98833E-005 0.997698
0.0396187 9.98924E-005 9.98924E-005 9.98924E-005 9.98924E-005 9.98924E-005 9.98924E-005 9.98924E-005 9.98924E-005 9.98924E-005 0.0272269 9.98924E-005 9.98924E-005 9.98924E-005 0.931956
0.065708 9.99462E-005 9.99462E-005 0.794997 0.00101276 0.0165497 0.0360737 0.0308127 9.99462E-005 0.00821489 0.00380626 9.99462E-005 0.0422252 9.99462E-005 9.99462E-005
9.99192E-005 0.0287266 9.99192E-005 0.918054 0.00484629 9.99192E-005 9.99192E-005 9.99192E-005 9.99192E-005 9.99192E-005 9.99192E-005 0.0173457 0.0143824 9.99192E-005 0.0157457
0.0510865 0.0298601 9.99461E-005 0.671947 9.99461E-005 0.089215 0.00212331 9.99461E-005 0.00923875 9.99461E-005 9.99461E-005 9.99461E-005 0.018736 0.0753384 0.051855
9.99013E-005 9.99013E-005 9.99013E-005 0.871647 9.99013E-005 9.99013E-005 9.99013E-005 9.99013E-005 9.99013E-005 9.99013E-005 9.99013E-005 0.00760445 9.99013E-005 0.0549412 0.0647089
