0.908387 0.0199647 0.0180262 9.99282E-005 0.000954529 9.99282E-005 0.0518678 9.99282E-005 9.99282E-005 9.99282E-005 9.99282E-005 9.99282E-005 9.99282E-005
0.9922 0.00670084 9.99012E-005 9.99012E-005 9.99012E-005 9.99012E-005 9.99012E-005 9.99012E-005 9.99012E-005 9.99012E-005 9.99012E-005 9.99012E-005 9.99012E-005
0.887382 0.0309943 0.0806247 9.99102E-005 9.99102E-005 9.99102E-005 9.99102E-005 9.99102E-005 9.99102E-005 9.99102E-005 9.99102E-005 9.99102E-005 9.99102E-005
0.688953 9.99283E-005 9.99283E-005 9.99283E-005 0.0802911 9.99283E-005 0.0233502 9.99283E-005 9.99283E-005 0.118756 9.99283E-005 0.0878502 9.99283E-005
0.871002 0.00687808 0.0400822 9.99192E-005 0.0811385 9.99192E-005 9.99192E-005 9.99192E-005 9.99192E-005 9.99192E-005 9.99192E-005 9.99192E-005 9.99192E-005
0.998801 9.98921E-005 9.98921E-005 9.98921E-005 9.98921E-005 9.98921E-005 9.98921E-005 9.98921E-005 9.98921E-005 9.98921E-005 9.98921E-005 9.98921E-005 9.98921E-005
0.998801 9.98922E-005 9.98922E-005 9.98922E-005 9.98922E-005 9.98922E-005 9.98922E-005 9.98922E-005 9.98922E-005 9.98922E-005 9.98922E-005 9.98922E-005 9.98922E-005
0.723592 9.99461E-005 9.99461E-005 9.99461E-005 0.0587585 9.99461E-005 9.99461E-005 9.99461E-005 0.00441192 0.00295908 0.0161673 0.05751 0.136001
0.782614 9.99281E-005 9.99281E-005 0.047804 9.99281E-005 0.0593475 9.99281E-005 9.99281E-005 9.99281E-005 0.0395229 9.99281E-005 0.0699125 9.99281E-005
0.786842 9.99192E-005 9.99192E-005 0.0769287 9.99192E-005 0.0311891 9.99192E-005 9.99192E-005 9.99192E-005 9.99192E-005 9.99192E-005 0.10414 9.99192E-005
0.864139 9.99102E-005 9.99102E-005 9.99102E-005 9.99102E-005 0.0805279 9.99102E-005 0.0543337 9.99102E-005 9.99102E-005 9.99102E-005 9.99102E-005 9.99102E-005
0.565975 0.0614933 0.0448986 9.99552E-005 0.149682 9.99552E-005 9.99552E-005 9.99552E-005 0.0174678 0.00648399 9.99552E-005 0.147768 0.00573157
0.666495 0.0165021 0.134993 9.99372E-005 0.0295463 0.00817335 9.99372E-005 9.99372E-005 9.99372E-005 9.99372E-005 9.99372E-005 9.99372E-005 0.143591
0.6402 9.99462E-005 0.0830409 9.99462E-005 0.128982 9.99462E-005 0.00616343 0.0504446 0.0112237 0.0793452 9.99462E-005 9.99462E-005 9.99462E-005
0.401399 9.99762E-005 0.0590718 0.0442688 0.06715 0.0502745 9.99762E-005 9.99762E-005 0.0286498 0.155881 0.00444614 0.112881 0.0756787
0.474124 9.99461E-005 0.230508 9.99461E-005 0.0311936 0.0199892 9.99461E-005 9.99461E-005 0.0159907 0.0887076 9.99461E-005 0.138887 9.99461E-005
0.553835 9.99372E-005 0.0954897 9.99372E-005 0.105397 9.99372E-005 9.99372E-005 9.99372E-005 9.99372E-005 0.084919 0.00953631 0.150123 9.99372E-005
0.497243 9.99461E-005 0.242669 9.99461E-005 0.0729667 0.0106596 9.99461E-005 9.99461E-005 9.99461E-005 9.99461E-005 0.0314987 0.102546 0.0418168
0.0843367 0.535353 0.095038 9.99461E-005 0.0201672 9.99461E-005 9.99461E-005 0.0346117 9.99461E-005 0.00959188 9.99461E-005 0.220301 9.99461E-005
0.031584 0.0311155 9.99282E-005 9.99282E-005 0.0200948 9.99282E-005 9.99282E-005 9.99282E-005 9.99282E-005 0.00564682 9.99282E-005 0.910759 9.99282E-005
9.99013E-005 0.10104 9.99013E-005 9.99013E-005 9.99013E-005 9.99013E-005 9.99013E-005 9.99013E-005 9.99013E-005 9.99013E-005 9.99013E-005 0.897861 9.99013E-005
0.0728481 0.261242 9.99372E-005 9.99372E-005 9.99372E-005 9.99372E-005 9.99372E-005 0.024469 9.99372E-005 9.99372E-005 0.00676147 0.616348 0.0176321
9.99192E-005 0.0412468 9.99192E-005 9.99192E-005 9.99192E-005 0.0392334 9.99192E-005 0.0510156 9.99192E-005 9.99192E-005 9.99192E-005 0.867605 9.99192E-005
9.98919E-005 0.998801 9.98919E-005 9.98919E-005 9.98919E-005 9.98919E-005 9.98919E-005 9.98919E-005 9.98919E-005 9.98919E-005 9.98919E-005 9.98919E-005 9.98919E-005
9.98922E-005 0.998801 9.98922E-005 9.98922E-005 9.98922E-005 9.98922E-005 9.98922E-005 9.98922E-005 9.98922E-005 9.98922E-005 9.98922E-005 9.98922E-005 9.98922E-005
9.98922E-005 0.998801 9.98922E-005 9.98922E-005 9.98922E-005 9.98922E-005 9.98922E-005 9.98922E-005 9.98922E-005 9.98922E-005 9.98922E-005 9.98922E-005 9.98922E-005
9.994E-005 0.0598099 0.00777997 0.0154498 0.039059 9.994E-005 9.994E-005 9.994E-005 0.0253855 0.091094 9.994E-005 0.760822 9.994E-005
0.00959121 0.747727 9.99191E-005 9.99191E-005 9.99191E-005 9.99191E-005 0.0333306 9.99191E-005 9.99191E-005 9.99191E-005 9.99191E-005 0.208452 9.99191E-005
9.99192E-005 0.0401958 0.0330821 9.99192E-005 9.99192E-005 9.99192E-005 9.99192E-005 9.99192E-005 9.99192E-005 0.0326523 9.99192E-005 0.893171 9.99192E-005
9.98921E-005 0.998801 9.98921E-005 9.98921E-005 9.98921E-005 9.98921E-005 9.98921E-005 9.98921E-005 9.98921E-005 9.98921E-005 9.98921E-005 9.98921E-005 9.98921E-005
0.0749874 0.173589 9.99192E-005 9.99192E-005 9.99192E-005 9.99192E-005 9.99192E-005 9.99192E-005 9.99192E-005 9.99192E-005 9.99192E-005 0.672487 0.0780374
9.99012E-005 0.996904 9.99012E-005 9.99012E-005 9.99012E-005 0.00199738 9.99012E-005 9.99012E-005 9.99012E-005 9.99012E-005 9.99012E-005 9.99012E-005 9.99012E-005
9.99192E-005 0.114927 0.101529 9.99192E-005 9.99192E-005 9.99192E-005 9.99192E-005 9.99192E-005 9.99192E-005 9.99192E-005 0.0014004 0.781245 9.99192E-005
9.99193E-005 0.26449 9.99193E-005 9.99193E-005 9.99193E-005 9.99193E-005 9.99193E-005 0.0381341 0.00241392 9.99193E-005 9.99193E-005 0.694062 9.99193E-005
9.99372E-005 0.166557 0.0364844 0.030802 0.0124645 9.99372E-005 9.99372E-005 9.99372E-005 9.99372E-005 9.99372E-005 9.99372E-005 0.66942 0.083572
0.031245 0.126918 9.99102E-005 9.99102E-005 9.99102E-005 9.99102E-005 9.99102E-005 9.99102E-005 9.99102E-005 9.99102E-005 9.99102E-005 0.840838 9.99102E-005
0.00900354 0.103847 9.99462E-005 9.99462E-005 9.99462E-005 9.99462E-005 9.99462E-005 0.011353 0.00412775 0.0991068 0.0103045 0.761658 9.99462E-005
0.0732828 9.99551E-005 0.13483 0.0289615 0.670765 9.99551E-005 9.99551E-005 0.00637388 9.99551E-005 9.99551E-005 0.000179029 0.0427768 0.0423319
9.99012E-005 9.99012E-005 9.99012E-005 9.99012E-005 0.981756 0.017145 9.99012E-005 9.99012E-005 9.99012E-005 9.99012E-005 9.99012E-005 9.99012E-005 9.99012E-005
0.0137498 0.0201091 0.149786 0.0169736 0.735507 9.99372E-005 0.0631748 9.99372E-005 9.99372E-005 9.99372E-005 9.99372E-005 9.99372E-005 9.99372E-005
9.99282E-005 9.99282E-005 0.180119 9.99282E-005 0.795708 0.00573162 9.99282E-005 0.00129195 9.99282E-005 9.99282E-005 0.0163505 9.99282E-005 9.99282E-005
9.99282E-005 0.0208897 0.243707 9.99282E-005 0.702052 9.99282E-005 9.99282E-005 9.99282E-005 0.0185138 9.99282E-005 0.0140385 9.99282E-005 9.99282E-005
9.99102E-005 9.99102E-005 0.0536082 9.99102E-005 0.907524 9.99102E-005 9.99102E-005 9.99102E-005 9.99102E-005 0.0378687 9.99102E-005 9.99102E-005 9.99102E-005
9.99103E-005 9.99103E-005 0.218518 9.99103E-005 0.767382 9.99103E-005 9.99103E-005 9.99103E-005 0.0131013 9.99103E-005 9.99103E-005 9.99103E-005 9.99103E-005
0.0310865 0.028693 0.114381 9.99372E-005 0.760454 9.99372E-005 9.99372E-005 9.99372E-005 9.99372E-005 0.05791 9.99372E-005 9.99372E-005 0.00677509
9.99102E-005 0.0186924 0.0836772 9.99102E-005 0.896631 9.99102E-005 9.99102E-005 9.99102E-005 9.99102E-005 9.99102E-005 9.99102E-005 9.99102E-005 9.99102E-005
0.0957451 0.0266598 9.99372E-005 0.0840757 0.0900418 9.99372E-005 9.99372E-005 9.99372E-005 9.99372E-005 0.487325 9.99372E-005 9.99372E-005 0.215453
9.98901E-005 9.98901E-005 9.98901E-005 9.98901E-005 9.98901E-005 9.98901E-005 9.98901E-005 9.98901E-005 9.98901E-005 9.98901E-005 0.998801 9.98901E-005 9.98901E-005
9.99012E-005 9.99012E-005 9.99012E-005 9.99012E-005 0.00988352 0.989018 9.99012E-005 9.99012E-005 9.99012E-005 9.99012E-005 9.99012E-005 9.99012E-005 9.99012E-005
9.99014E-005 9.99014E-005 0.0874301 9.99014E-005 9.99014E-005 9.99014E-005 9.99014E-005 9.99014E-005 9.99014E-005 0.911471 9.99014E-005 9.99014E-005 9.99014E-005
9.9901E-005 9.9901E-005 9.9901E-005 9.9901E-005 9.9901E-005 0.737445 9.9901E-005 9.9901E-005 9.9901E-005 0.261456 9.9901E-005 9.9901E-005 9.9901E-005
9.99013E-005 0.0201879 9.99013E-005 9.99013E-005 9.99013E-005 9.99013E-005 9.99013E-005 9.99013E-005 9.99013E-005 0.978713 9.99013E-005 9.99013E-005 9.99013E-005
9.993E-005 9.993E-005 9.993E-005 0.0301275 0.00758006 9.993E-005 9.993E-005 9.993E-005 0.0136966 0.743785 9.993E-005 0.101391 0.10272
0.0505136 0.0491352 9.99551E-005 9.99551E-005 0.0938593 9.99551E-005 0.0447716 0.0147186 9.99551E-005 0.695667 0.0119619 9.99551E-005 0.0388734
0.0277762 9.99103E-005 9.99103E-005 0.0204871 9.99103E-005 9.99103E-005 9.99103E-005 9.99103E-005 9.99103E-005 0.950738 9.99103E-005 9.99103E-005 9.99103E-005
0.0208305 9.99282E-005 9.99282E-005 9.99282E-005 0.0131281 9.99282E-005 9.99282E-005 0.00140018 9.99282E-005 0.962236 0.00160628 9.99282E-005 9.99282E-005
9.99461E-005 0.0461891 0.0782197 0.0172156 9.99461E-005 9.99461E-005 0.0329513 0.00375352 0.0373824 0.783689 9.99461E-005 9.99461E-005 9.99461E-005
0.0389651 9.99103E-005 9.99103E-005 9.99103E-005 9.99103E-005 9.99103E-005 9.99103E-005 9.99103E-005 0.00130406 0.958732 9.99103E-005 9.99103E-005 9.99103E-005
9.99012E-005 9.99012E-005 9.99012E-005 9.99012E-005 9.99012E-005 9.99012E-005 9.99012E-005 0.0485501 9.99012E-005 0.950351 9.99012E-005 9.99012E-005 9.99012E-005
9.99013E-005 9.99013E-005 9.99013E-005 9.99013E-005 9.99013E-005 9.99013E-005 9.99013E-005 9.99013E-005 9.99013E-005 0.95223 9.99013E-005 0.0466715 9.99013E-005
9.99192E-005 9.99192E-005 9.99192E-005 9.99192E-005 9.99192E-005 9.99192E-005 9.99192E-005 0.0207551 0.0109988 9.99192E-005 9.99192E-005 0.0208708 0.946476
9.99102E-005 9.99102E-005 9.99102E-005 9.99102E-005 9.99102E-005 9.99102E-005 9.99102E-005 9.99102E-005 0.0244721 9.99102E-005 9.99102E-005 0.0517342 0.922795
0.000176079 9.99462E-005 9.99462E-005 9.99462E-005 0.0432637 9.99462E-005 0.0727362 9.99462E-005 0.00214821 0.0296585 0.0140456 9.99462E-005 0.837372
9.98922E-005 9.98922E-005 9.98922E-005 9.98922E-005 9.98922E-005 9.98922E-005 0.998801 9.98922E-005 9.98922E-005 9.98922E-005 9.98922E-005 9.98922E-005 9.98922E-005
9.99282E-005 0.0166819 9.99282E-005 0.091688 9.99282E-005 9.99282E-005 0.844239 0.0263813 0.0202108 9.99282E-005 9.99282E-005 9.99282E-005 9.99282E-005
9.99193E-005 9.99193E-005 9.99193E-005 9.99193E-005 0.0118613 9.99193E-005 9.99193E-005 9.99193E-005 0.979469 0.0060932 0.00167686 9.99193E-005 9.99193E-005
9.98922E-005 9.98922E-005 9.98922E-005 9.98922E-005 9.98922E-005 9.98922E-005 9.98922E-005 9.98922E-005 0.998801 9.98922E-005 9.98922E-005 9.98922E-005 9.98922E-005
9.99372E-005 9.99372E-005 9.99372E-005 9.99372E-005 0.0156208 9.99372E-005 0.796544 0.0221364 0.117822 9.99372E-005 9.99372E-005 0.0254708 0.0217071
9.99201E-005 9.99201E-005 9.99201E-005 0.00483546 9.99201E-005 9.99201E-005 0.867933 0.0401679 0.0726115 0.0136532 9.99201E-005 9.99201E-005 9.99201E-005
9.99192E-005 9.99192E-005 0.0466823 9.99192E-005 9.99192E-005 9.99192E-005 0.0304525 9.99192E-005 0.912637 9.99192E-005 9.99192E-005 9.99192E-005 0.00932867
9.99012E-005 9.99012E-005 9.99012E-005 9.99012E-005 9.99012E-005 9.99012E-005 9.99012E-005 0.00856947 0.990332 9.99012E-005 9.99012E-005 9.99012E-005 9.99012E-005
9.99012E-005 9.99012E-005 9.99012E-005 9.99012E-005 9.99012E-005 9.99012E-005 0.991078 9.99012E-005 9.99012E-005 9.99012E-005 0.00782261 9.99012E-005 9.99012E-005
9.99013E-005 9.99013E-005 9.99013E-005 9.99013E-005 9.99013E-005 9.99013E-005 9.99013E-005 9.99013E-005 0.97259 0.026311 9.99013E-005 9.99013E-005 9.99013E-005
9.99101E-005 9.99101E-005 9.99101E-005 9.99101E-005 9.99101E-005 9.99101E-005 0.0443438 9.99101E-005 0.93723 9.99101E-005 0.017427 9.99101E-005 9.99101E-005
9.99013E-005 9.99013E-005 9.99013E-005 9.99013E-005 9.99013E-005 0.0036497 9.99013E-005 9.99013E-005 0.995251 9.99013E-005 9.99013E-005 9.99013E-005 9.99013E-005
9.99013E-005 9.99013E-005 9.99013E-005 9.99013E-005 9.99013E-005 9.99013E-005 0.164185 9.99013E-005 0.834716 9.99013E-005 9.99013E-005 9.99013E-005 9.99013E-005
9.99102E-005 0.0387822 9.99102E-005 9.99102E-005 9.99102E-005 9.99102E-005 9.99102E-005 0.00158008 0.958639 9.99102E-005 9.99102E-005 9.99102E-005 9.99102E-005
9.99103E-005 9.99103E-005 0.0753955 9.99103E-005 9.99103E-005 9.99103E-005 9.99103E-005 0.0162687 9.99103E-005 9.99103E-005 9.99103E-005 0.907337 9.99103E-005
9.99281E-005 0.0286076 0.142098 9.99281E-005 0.79857 9.99281E-005 0.0289027 9.99281E-005 9.99281E-005 9.99281E-005 0.00102253 9.99281E-005 9.99281E-005
0.00240967 0.0452061 0.0404036 9.99282E-005 0.910348 9.99282E-005 9.99282E-005 0.000833428 9.99282E-005 9.99282E-005 9.99282E-005 9.99282E-005 9.99282E-005
9.99102E-005 0.00244618 9.99102E-005 0.963482 9.99102E-005 9.99102E-005 9.99102E-005 9.99102E-005 0.0330725 9.99102E-005 9.99102E-005 9.99102E-005 9.99102E-005
9.99193E-005 9.99193E-005 9.99193E-005 0.928744 9.99193E-005 0.0171291 0.0238341 9.99193E-005 0.0293931 9.99193E-005 9.99193E-005 9.99193E-005 9.99193E-005
9.99282E-005 9.99282E-005 9.99282E-005 0.907669 9.99282E-005 0.00958109 0.00496561 0.0457752 0.0312093 9.99282E-005 9.99282E-005 9.99282E-005 9.99282E-005
9.99192E-005 9.99192E-005 0.0284772 0.836747 9.99192E-005 9.99192E-005 9.99192E-005 0.104082 9.99192E-005 0.0297946 9.99192E-005 9.99192E-005 9.99192E-005
9.99283E-005 9.99283E-005 9.99283E-005 0.785932 9.99283E-005 0.00119737 9.99283E-005 0.115267 9.99283E-005 0.00542471 9.99283E-005 9.99283E-005 0.0913794
9.99281E-005 0.0188249 9.99281E-005 0.865182 9.99281E-005 0.00670331 0.0625725 0.0459182 9.99281E-005 9.99281E-005 9.99281E-005 9.99281E-005 9.99281E-005
9.99283E-005 0.0450968 9.99283E-005 0.787369 9.99283E-005 0.026944 0.0347378 0.105053 9.99283E-005 9.99283E-005 9.99283E-005 9.99283E-005 9.99283E-005
9.99462E-005 9.99462E-005 9.99462E-005 0.743775 0.0103841 0.00699813 9.99462E-005 0.174375 0.000990559 0.0224968 9.99462E-005 9.99462E-005 0.0403808
9.99192E-005 9.99192E-005 9.99192E-005 0.899746 9.99192E-005 9.99192E-005 9.99192E-005 0.0176293 9.99192E-005 9.99192E-005 0.00801255 0.0737124 9.99192E-005
0.0292147 9.99281E-005 9.99281E-005 0.869911 9.99281E-005 9.99281E-005 9.99281E-005 0.066788 9.99281E-005 0.0306377 0.00264931 9.99281E-005 9.99281E-005
9.99103E-005 9.99103E-005 0.0135432 0.930033 9.99103E-005 9.99103E-005 9.99103E-005 0.055425 9.99103E-005 9.99103E-005 9.99103E-005 9.99103E-005 9.99103E-005
9.99372E-005 9.99372E-005 9.99372E-005 0.828003 9.99372E-005 0.0562628 0.0453722 0.0393799 9.99372E-005 0.0277321 0.00255095 9.99372E-005 9.99372E-005
9.99192E-005 9.99192E-005 9.99192E-005 0.917791 9.99192E-005 9.99192E-005 0.0374496 0.0125094 9.99192E-005 0.0313507 9.99192E-005 9.99192E-005 9.99192E-005
9.99192E-005 9.99192E-005 9.99192E-005 0.888582 9.99192E-005 9.99192E-005 9.99192E-005 0.0753906 0.0333247 0.00180369 9.99192E-005 9.99192E-005 9.99192E-005
9.99192E-005 9.99192E-005 9.99192E-005 0.840221 9.99192E-005 0.00670628 9.99192E-005 0.0857363 9.99192E-005 9.99192E-005 9.99192E-005 9.99192E-005 0.0664371
9.99371E-005 0.00518539 0.0507535 0.77318 9.99371E-005 0.0474779 9.99371E-005 0.104939 9.99371E-005 9.99371E-005 9.99371E-005 9.99371E-005 0.0177649
9.99192E-005 9.99192E-005 9.99192E-005 0.918444 9.99192E-005 0.0212829 9.99192E-005 0.00536194 0.0540123 9.99192E-005 9.99192E-005 9.99192E-005 9.99192E-005
0.00392511 9.99372E-005 0.00384422 0.885216 0.0138222 0.00677717 9.99372E-005 0.0857158 9.99372E-005 9.99372E-005 9.99372E-005 9.99372E-005 9.99372E-005
9.99372E-005 9.99372E-005 9.99372E-005 0.914307 9.99372E-005 0.00774417 9.99372E-005 0.0588685 0.00274322 9.99372E-005 0.0017455 9.99372E-005 0.0138916
9.99371E-005 9.99371E-005 9.99371E-005 0.703193 9.99371E-005 0.0195386 0.0847348 0.130128 9.99371E-005 9.99371E-005 0.00380992 0.0578965 9.99371E-005
9.99193E-005 9.99193E-005 9.99193E-005 0.845008 9.99193E-005 0.0178934 0.0354743 0.100725 9.99193E-005 9.99193E-005 9.99193E-005 9.99193E-005 9.99193E-005
9.99282E-005 9.99282E-005 0.0543113 0.914618 9.99282E-005 9.99282E-005 9.99282E-005 9.99282E-005 0.0202371 9.99282E-005 9.99282E-005 0.00222494 0.0078094
0.0176175 9.99282E-005 9.99282E-005 0.792972 9.99282E-005 0.036157 0.0190688 0.133385 9.99282E-005 9.99282E-005 9.99282E-005 9.99282E-005 9.99282E-005
9.99461E-005 0.0136914 9.99461E-005 0.80148 9.99461E-005 0.00611946 9.99461E-005 0.0429362 9.99461E-005 0.116225 0.0044951 9.99461E-005 0.0144526
9.99102E-005 9.99102E-005 9.99102E-005 0.875932 9.99102E-005 9.99102E-005 9.99102E-005 0.0783387 9.99102E-005 9.99102E-005 9.99102E-005 9.99102E-005 0.0447298
0.0311256 0.0228153 9.99461E-005 0.836799 9.99461E-005 0.0289999 9.99461E-005 0.0700318 9.99461E-005 0.00384721 0.00578192 9.99461E-005 9.99461E-005
9.99012E-005 9.99012E-005 9.99012E-005 9.99012E-005 9.99012E-005 9.99012E-005 0.998002 9.99012E-005 9.99012E-005 9.99012E-005 9.99012E-005 9.99012E-005 0.000898885
9.99191E-005 9.99191E-005 9.99191E-005 9.99191E-005 9.99191E-005 0.0373433 0.680891 9.99191E-005 9.99191E-005 9.99191E-005 9.99191E-005 0.247702 0.0331638
9.99193E-005 0.00105564 9.99193E-005 0.105292 0.00582612 9.99193E-005 0.886927 9.99193E-005 9.99193E-005 9.99193E-005 9.99193E-005 9.99193E-005 9.99193E-005
0.0353853 9.99372E-005 0.82235 9.99372E-005 0.00888851 9.99372E-005 9.99372E-005 9.99372E-005 0.0444431 9.99372E-005 0.00857446 0.0796591 9.99372E-005
9.98919E-005 9.98919E-005 0.998801 9.98919E-005 9.98919E-005 9.98919E-005 9.98919E-005 9.98919E-005 9.98919E-005 9.98919E-005 9.98919E-005 9.98919E-005 9.98919E-005
9.99193E-005 9.99193E-005 0.966346 9.99193E-005 0.000127437 9.99193E-005 9.99193E-005 9.99193E-005 9.99193E-005 0.0145663 9.99193E-005 9.99193E-005 0.0180609
9.99101E-005 0.00656297 0.987856 9.99101E-005 9.99101E-005 9.99101E-005 9.99101E-005 9.99101E-005 9.99101E-005 9.99101E-005 9.99101E-005 0.00458182 9.99101E-005
9.99013E-005 9.99013E-005 0.924721 9.99013E-005 0.0741802 9.99013E-005 9.99013E-005 9.99013E-005 9.99013E-005 9.99013E-005 9.99013E-005 9.99013E-005 9.99013E-005
9.98922E-005 9.98922E-005 0.998801 9.98922E-005 9.98922E-005 9.98922E-005 9.98922E-005 9.98922E-005 9.98922E-005 9.98922E-005 9.98922E-005 9.98922E-005 9.98922E-005
0.0951939 0.038294 0.544228 9.99641E-005 0.167887 9.99641E-005 9.99641E-005 9.99641E-005 0.0228848 0.0294299 0.0264032 0.0734842 0.00179489
9.99102E-005 0.0119044 9.99102E-005 9.99102E-005 0.97107 0.0160261 9.99102E-005 9.99102E-005 9.99102E-005 9.99102E-005 9.99102E-005 9.99102E-005 9.99102E-005
9.98923E-005 9.98923E-005 9.98923E-005 9.98923E-005 0.998801 9.98923E-005 9.98923E-005 9.98923E-005 9.98923E-005 9.98923E-005 9.98923E-005 9.98923E-005 9.98923E-005
0.0258742 0.0726237 0.00752731 9.99372E-005 0.839785 9.99372E-005 0.0461006 9.99372E-005 9.99372E-005 9.99372E-005 0.00738947 9.99372E-005 9.99372E-005
9.99282E-005 9.99282E-005 0.134456 0.370773 0.0447526 9.99282E-005 9.99282E-005 0.072981 9.99282E-005 9.99282E-005 9.99282E-005 0.376238 9.99282E-005
0.400742 0.0350461 0.0656789 0.0138282 0.0413773 0.0603573 9.9973E-005 0.0188563 9.9973E-005 0.158663 0.00599068 0.19916 9.9973E-005
0.100543 0.0164268 9.991E-005 9.991E-005 9.991E-005 0.882032 9.991E-005 9.991E-005 9.991E-005 9.991E-005 9.991E-005 9.991E-005 9.991E-005
9.99102E-005 9.99102E-005 9.99102E-005 0.0345081 9.99102E-005 9.99102E-005 9.99102E-005 0.0273499 9.99102E-005 9.99102E-005 9.99102E-005 9.99102E-005 0.937143
0.0299641 9.99282E-005 9.99282E-005 9.99282E-005 9.99282E-005 9.99282E-005 9.99282E-005 0.00583654 0.0230207 0.0092207 9.99282E-005 9.99282E-005 0.931159
9.99099E-005 9.99099E-005 9.99099E-005 0.0674223 9.99099E-005 0.908165 9.99099E-005 0.0234138 9.99099E-005 9.99099E-005 9.99099E-005 9.99099E-005 9.99099E-005
9.99193E-005 9.99193E-005 9.99193E-005 0.769198 9.99193E-005 9.99193E-005 0.0673451 0.136134 9.99193E-005 0.0264236 9.99193E-005 9.99193E-005 9.99193E-005
9.99103E-005 9.99103E-005 0.000149184 0.0807332 9.99103E-005 9.99103E-005 9.99103E-005 0.918118 9.99103E-005 9.99103E-005 9.99103E-005 9.99103E-005 9.99103E-005
0.0173386 0.00342524 9.99461E-005 0.664471 9.99461E-005 0.0543562 0.0732357 0.17339 9.99461E-005 9.99461E-005 0.0131837 9.99461E-005 9.99461E-005
9.98919E-005 9.98919E-005 9.98919E-005 9.98919E-005 9.98919E-005 9.98919E-005 9.98919E-005 0.998801 9.98919E-005 9.98919E-005 9.98919E-005 9.98919E-005 9.98919E-005
9.99281E-005 9.99281E-005 0.0197401 0.893353 9.99281E-005 9.99281E-005 9.99281E-005 0.0377718 9.99281E-005 0.0313822 0.0169539 9.99281E-005 9.99281E-005
9.99372E-005 9.99372E-005 9.99372E-005 0.839023 9.99372E-005 9.99372E-005 0.0358512 0.0734697 0.00665927 0.011712 9.99372E-005 9.99372E-005 0.0325853
9.99193E-005 9.99193E-005 0.0306908 0.916834 9.99193E-005 9.99193E-005 9.99193E-005 0.0291337 0.0224427 9.99193E-005 9.99193E-005 9.99193E-005 9.99193E-005
9.98919E-005 9.98919E-005 9.98919E-005 9.98919E-005 9.98919E-005 9.98919E-005 9.98919E-005 0.998801 9.98919E-005 9.98919E-005 9.98919E-005 9.98919E-005 9.98919E-005
9.99282E-005 9.99282E-005 9.99282E-005 0.82585 0.031521 0.0127924 0.064835 0.0642017 9.99282E-005 9.99282E-005 9.99282E-005 9.99282E-005 9.99282E-005
9.99193E-005 9.99193E-005 9.99193E-005 0.88126 9.99193E-005 9.99193E-005 0.0460665 0.0567198 0.0150548 9.99193E-005 9.99193E-005 9.99193E-005 9.99193E-005
9.99193E-005 9.99193E-005 0.00876209 0.855614 9.99193E-005 9.99193E-005 9.99193E-005 0.0870949 9.99193E-005 9.99193E-005 9.99193E-005 9.99193E-005 0.0476297
9.99282E-005 9.99282E-005 9.99282E-005 0.844147 0.022098 9.99282E-005 9.99282E-005 0.0891278 0.0332582 9.99282E-005 9.99282E-005 0.0105696 9.99282E-005
9.993E-005 9.993E-005 9.993E-005 0.764189 0.00454005 9.993E-005 0.0339776 0.125379 9.993E-005 9.993E-005 0.00300399 0.068211 9.993E-005
9.99282E-005 0.0257045 0.0113885 0.876565 9.99282E-005 0.0161833 9.99282E-005 0.0693597 9.99282E-005 9.99282E-005 9.99282E-005 9.99282E-005 9.99282E-005
9.99282E-005 9.99282E-005 9.99282E-005 0.692889 9.99282E-005 0.0435371 0.0222454 0.197285 9.99282E-005 0.0432439 9.99282E-005 9.99282E-005 9.99282E-005
0.0340018 0.0670596 0.179516 9.99372E-005 9.99372E-005 9.99372E-005 9.99372E-005 0.0187703 0.0553755 9.99372E-005 9.99372E-005 0.644578 9.99372E-005
0.119984 0.0169506 0.00864474 0.00297692 0.00318443 9.99461E-005 9.99461E-005 9.99461E-005 0.00735831 9.99461E-005 9.99461E-005 0.840302 9.99461E-005
0.187518 0.0797834 9.99282E-005 9.99282E-005 0.0744363 9.99282E-005 0.0469271 9.99282E-005 9.99282E-005 9.99282E-005 9.99282E-005 0.610536 9.99282E-005
9.99103E-005 9.99103E-005 9.99103E-005 0.00508658 0.990948 9.99103E-005 0.00296655 9.99103E-005 9.99103E-005 9.99103E-005 9.99103E-005 9.99103E-005 9.99103E-005
9.99013E-005 0.0310973 9.99013E-005 9.99013E-005 0.967804 9.99013E-005 9.99013E-005 9.99013E-005 9.99013E-005 9.99013E-005 9.99013E-005 9.99013E-005 9.99013E-005
9.99104E-005 9.99104E-005 9.99104E-005 9.99104E-005 0.897899 9.99104E-005 9.99104E-005 9.99104E-005 9.99104E-005 0.0472462 9.99104E-005 0.0538561 9.99104E-005
9.99282E-005 0.0305605 0.0834421 9.99282E-005 0.833524 9.99282E-005 9.99282E-005 9.99282E-005 9.99282E-005 0.0274867 9.99282E-005 9.99282E-005 0.0241875
9.99098E-005 9.99098E-005 9.99098E-005 9.99098E-005 9.99098E-005 9.99098E-005 0.0219074 9.99098E-005 9.99098E-005 9.99098E-005 9.99098E-005 9.99098E-005 0.976994
9.99012E-005 9.99012E-005 9.99012E-005 9.99012E-005 9.99012E-005 9.99012E-005 9.99012E-005 0.00687427 9.99012E-005 9.99012E-005 9.99012E-005 9.99012E-005 0.992027
9.99103E-005 9.99103E-005 0.0401889 9.99103E-005 9.99103E-005 9.99103E-005 0.0326705 9.99103E-005 9.99103E-005 9.99103E-005 9.99103E-005 9.99103E-005 0.926141
0.0182332 0.0514564 0.0925846 9.99641E-005 0.00505732 9.99641E-005 0.0405793 0.00357367 9.99641E-005 0.00876366 0.00754161 0.77181 9.99641E-005
9.99193E-005 9.99193E-005 9.99193E-005 9.99193E-005 9.99193E-005 0.00886182 0.0250382 9.99193E-005 9.99193E-005 9.99193E-005 0.00266408 0.962537 9.99193E-005
0.120715 0.0118907 0.0683398 0.0501552 9.99461E-005 9.99461E-005 9.99461E-005 9.99461E-005 0.0207325 9.99461E-005 9.99461E-005 0.651053 0.0765147
9.99371E-005 9.99371E-005 9.99371E-005 0.00291713 9.99371E-005 0.0464102 0.00983104 9.99371E-005 9.99371E-005 9.99371E-005 0.0105099 0.864197 0.0654347
