0.01316 0.0161871 9.9982E-005 0.0136897 0.0321303 0.924633 9.9982E-005
0.0251049 9.99551E-005 9.99551E-005 9.99551E-005 9.99551E-005 0.974395 9.99551E-005
0.0471474 9.99551E-005 9.99551E-005 9.99551E-005 9.99551E-005 0.952353 9.99551E-005
0.0566883 0.0750351 9.99731E-005 9.99731E-005 0.140454 0.727523 9.99731E-005
0.0309004 0.108628 9.99641E-005 9.99641E-005 9.99641E-005 0.860072 9.99641E-005
9.995E-005 9.995E-005 9.995E-005 9.995E-005 9.995E-005 0.9994 9.995E-005
0.0186817 9.9955E-005 9.9955E-005 9.9955E-005 9.9955E-005 0.980819 9.9955E-005
9.9982E-005 0.053492 9.9982E-005 0.0160031 0.103166 0.79177 0.0353684
9.9964E-005 9.9964E-005 0.086317 9.9964E-005 0.0416281 0.871655 9.9964E-005
9.99551E-005 9.99551E-005 0.109142 9.99551E-005 9.99551E-005 0.890358 9.99551E-005
9.99641E-005 9.99641E-005 0.063418 0.0558639 9.99641E-005 0.880318 9.99641E-005
0.124311 0.189868 9.99821E-005 9.99821E-005 0.0128156 0.667158 0.00564714
0.0121737 0.130402 9.9991E-005 0.00815671 0.113774 0.733898 0.00149495
9.99821E-005 0.20457 0.0344924 9.99821E-005 0.037515 0.699963 0.0232603
0.0472066 0.133767 9.9991E-005 0.0845675 0.208114 0.445544 0.0807007
0.0447272 0.186078 9.9991E-005 0.0186251 0.112501 0.613556 0.0244126
0.0679475 0.217251 9.99731E-005 9.99731E-005 0.078959 0.635542 9.99731E-005
0.0485724 0.266261 9.9973E-005 0.0828765 9.9973E-005 0.60199 9.9973E-005
0.703738 0.125118 0.000360685 9.9991E-005 0.0158598 0.146184 0.00863983
0.426544 0.249526 0.0413918 0.0049936 9.99821E-005 0.277344 9.99821E-005
0.490729 0.254106 9.99821E-005 0.0276457 0.0478447 0.179474 9.99821E-005
0.551645 0.151396 0.0740492 0.0127025 9.9982E-005 0.210007 9.9982E-005
0.440809 0.171732 0.0913578 0.093176 9.9982E-005 0.202725 9.9982E-005
0.9994 9.995E-005 9.995E-005 9.995E-005 9.995E-005 9.995E-005 9.995E-005
0.9994 9.995E-005 9.995E-005 9.995E-005 9.995E-005 9.995E-005 9.995E-005
0.9994 9.995E-005 9.995E-005 9.995E-005 9.995E-005 9.995E-005 9.995E-005
0.36688 0.276415 0.0572273 9.9991E-005 0.0793883 0.179752 0.0402363
0.95984 9.9964E-005 9.9964E-005 9.9964E-005 9.9964E-005 0.0273528 0.0124075
0.428544 0.149425 9.9991E-005 0.0604876 0.040497 0.307629 0.0133178
0.9994 9.995E-005 9.995E-005 9.995E-005 9.995E-005 9.995E-005 9.995E-005
0.509717 0.112863 9.9982E-005 9.9982E-005 0.0765 0.275853 0.0248672
0.9994 9.995E-005 9.995E-005 9.995E-005 9.995E-005 9.995E-005 9.995E-005
0.456414 0.270741 0.0378134 9.9982E-005 9.9982E-005 0.229263 0.0055684
0.604183 0.132152 0.0453045 9.99821E-005 9.99821E-005 0.190003 0.0281579
0.481797 0.217779 0.0670997 0.0159087 9.9991E-005 0.174148 0.0431683
0.503252 0.15084 9.9982E-005 9.9982E-005 0.0693682 0.258577 0.017763
0.415782 0.140289 0.0397404 0.0534261 0.092014 0.253167 0.00558168
0.00829103 0.800842 0.0488665 9.99821E-005 9.99821E-005 0.126447 0.0153535
9.99551E-005 0.994155 9.99551E-005 0.00534537 9.99551E-005 9.99551E-005 9.99551E-005
0.033509 0.896431 0.0158137 9.99821E-005 9.99821E-005 0.014531 0.0395157
9.99551E-005 0.982626 9.99551E-005 0.0168738 9.99551E-005 9.99551E-005 9.99551E-005
0.0367838 0.925106 9.9982E-005 0.00539067 9.9982E-005 0.00652008 0.0259999
9.99551E-005 0.987994 9.99551E-005 9.99551E-005 0.0115066 9.99551E-005 9.99551E-005
9.99641E-005 0.96895 9.99641E-005 9.99641E-005 9.99641E-005 0.0267482 0.0039021
0.0232241 0.869377 9.99731E-005 9.99731E-005 0.079261 0.0278375 9.99731E-005
9.99551E-005 0.994998 9.99551E-005 9.99551E-005 9.99551E-005 9.99551E-005 0.00450227
0.0241683 0.11918 0.0746533 9.99821E-005 0.7208 0.0609986 9.99821E-005
9.995E-005 9.995E-005 9.995E-005 0.9994 9.995E-005 9.995E-005 9.995E-005
9.99639E-005 0.0411026 0.0420236 0.916474 9.99639E-005 9.99639E-005 9.99639E-005
9.99641E-005 0.0536642 9.99641E-005 9.99641E-005 0.929716 9.99641E-005 0.0162204
9.99639E-005 9.99639E-005 0.118084 0.535611 0.345905 9.99639E-005 9.99639E-005
0.00332854 9.99551E-005 9.99551E-005 9.99551E-005 0.996172 9.99551E-005 9.99551E-005
0.0251206 0.0267691 0.00204505 9.9982E-005 0.906831 9.9982E-005 0.0390344
0.0338982 0.107544 9.9991E-005 0.0115795 0.823849 0.0162326 0.00679647
9.99552E-005 9.99552E-005 0.0164617 9.99552E-005 0.983038 9.99552E-005 9.99552E-005
9.99551E-005 9.99551E-005 9.99551E-005 9.99551E-005 0.987143 0.0123571 9.99551E-005
0.0419453 0.0457694 0.0122156 9.9982E-005 0.848018 9.9982E-005 0.0518517
9.99641E-005 9.99641E-005 9.99641E-005 9.99641E-005 0.949892 0.0466238 0.00308443
9.99551E-005 9.99551E-005 0.0106871 9.99551E-005 0.988813 9.99551E-005 9.99551E-005
0.0154579 9.99551E-005 9.99551E-005 9.99551E-005 0.984042 9.99551E-005 9.99551E-005
0.0680709 0.00491105 0.0738765 0.00102128 0.588141 0.0316223 0.232357
0.0610098 0.0149083 0.0162513 0.00461531 0.592542 0.0436383 0.267035
0.0317725 0.0819562 9.99821E-005 9.99821E-005 0.605188 0.0125795 0.268304
0.018988 9.99821E-005 0.197314 0.0225947 0.19088 9.99821E-005 0.570023
0.0585285 9.99731E-005 0.348592 9.99731E-005 0.140869 9.99731E-005 0.451711
9.995E-005 9.995E-005 9.995E-005 9.995E-005 9.995E-005 9.995E-005 0.9994
9.995E-005 9.995E-005 9.995E-005 9.995E-005 9.995E-005 9.995E-005 0.9994
0.0308082 0.0124078 0.162734 9.9982E-005 0.208194 9.9982E-005 0.585656
9.99641E-005 9.99641E-005 0.266019 9.99641E-005 0.210393 9.99641E-005 0.523188
9.99641E-005 0.0141352 9.99641E-005 9.99641E-005 9.99641E-005 0.00533897 0.980126
9.995E-005 9.995E-005 9.995E-005 9.995E-005 9.995E-005 9.995E-005 0.9994
0.0388682 9.9982E-005 0.156747 9.9982E-005 0.21408 0.0470644 0.543041
9.995E-005 9.995E-005 9.995E-005 9.995E-005 9.995E-005 9.995E-005 0.9994
9.995E-005 9.995E-005 9.995E-005 9.995E-005 9.995E-005 9.995E-005 0.9994
9.995E-005 9.995E-005 9.995E-005 9.995E-005 9.995E-005 9.995E-005 0.9994
9.99551E-005 9.99551E-005 0.0106426 9.99551E-005 9.99551E-005 9.99551E-005 0.988858
0.00460024 9.99551E-005 9.99551E-005 9.99551E-005 9.99551E-005 9.99551E-005 0.9949
0.345632 0.286872 0.05227 0.0274297 9.9991E-005 0.274536 0.0131607
0.0329313 0.937257 9.9973E-005 0.0126913 9.9973E-005 0.0168207 9.9973E-005
0.0482359 0.951264 9.99551E-005 9.99551E-005 9.99551E-005 9.99551E-005 9.99551E-005
9.99551E-005 9.99551E-005 0.962966 9.99551E-005 9.99551E-005 9.99551E-005 0.0365342
9.99551E-005 9.99551E-005 0.925744 9.99551E-005 9.99551E-005 9.99551E-005 0.0737559
9.99551E-005 9.99551E-005 0.958733 9.99551E-005 9.99551E-005 9.99551E-005 0.0407673
9.99641E-005 0.0178959 0.974805 9.99641E-005 0.00689959 9.99641E-005 9.99641E-005
9.99641E-005 9.99641E-005 0.940327 9.99641E-005 0.0560481 9.99641E-005 0.00322523
0.0225716 9.99551E-005 0.976929 9.99551E-005 9.99551E-005 9.99551E-005 9.99551E-005
0.0613714 9.99552E-005 0.938129 9.99552E-005 9.99552E-005 9.99552E-005 9.99552E-005
9.99641E-005 9.99641E-005 0.919318 9.99641E-005 0.0723538 9.99641E-005 0.00792822
0.0370414 0.0101179 0.948432 9.99731E-005 0.0041083 9.99731E-005 9.99731E-005
9.99641E-005 9.99641E-005 0.919588 9.99641E-005 0.0699786 0.0100331 9.99641E-005
0.0148123 9.99552E-005 0.984688 9.99552E-005 9.99552E-005 9.99552E-005 9.99552E-005
0.0117795 9.99821E-005 0.919106 0.0514262 0.0125749 9.99821E-005 0.0049132
9.99551E-005 9.99551E-005 0.943495 9.99551E-005 0.0560052 9.99551E-005 9.99551E-005
9.99551E-005 9.99551E-005 0.972845 9.99551E-005 9.99551E-005 9.99551E-005 0.0266552
9.99551E-005 9.99551E-005 0.97966 9.99551E-005 9.99551E-005 0.0198399 9.99551E-005
0.0274212 0.00769315 0.927619 0.00227604 9.9982E-005 0.0347903 9.9982E-005
9.99551E-005 9.99551E-005 0.936579 9.99551E-005 9.99551E-005 9.99551E-005 0.0629212
9.99731E-005 0.028677 0.960869 9.99731E-005 9.99731E-005 0.00592188 0.00423219
9.99641E-005 9.99641E-005 0.980794 9.99641E-005 0.0163475 9.99641E-005 0.00245845
0.049946 9.99731E-005 0.895675 0.0122934 9.99731E-005 9.99731E-005 0.0417857
0.00139154 9.99731E-005 0.973546 9.99731E-005 9.99731E-005 0.000458567 0.0243042
9.99731E-005 0.0106221 0.918723 9.99731E-005 9.99731E-005 0.0421208 0.0282347
9.99551E-005 9.99551E-005 0.987598 9.99551E-005 9.99551E-005 0.0119018 9.99551E-005
0.0173872 9.99641E-005 0.872138 9.99641E-005 0.110075 9.99641E-005 9.99641E-005
9.99641E-005 9.99641E-005 0.972455 9.99641E-005 0.00774601 9.99641E-005 0.0193986
0.0324004 9.9982E-005 0.920347 0.0244514 0.0203727 0.00222895 9.9982E-005
0.0459667 9.99731E-005 0.237744 9.99731E-005 0.168376 9.99731E-005 0.547613
0.175534 0.0410814 0.148963 0.0481512 0.215805 0.0164324 0.354033
0.0385846 0.00659999 0.330173 9.99821E-005 0.226935 9.99821E-005 0.397508
0.03415 0.581438 9.9982E-005 0.0214281 9.9982E-005 0.284551 0.0782333
9.99731E-005 0.752312 0.0024433 9.99731E-005 0.0308649 0.21408 9.99731E-005
9.99731E-005 0.684244 9.99731E-005 9.99731E-005 0.113408 0.192966 0.00908163
0.063856 0.592881 9.99731E-005 9.99731E-005 9.99731E-005 0.3077 0.0352635
9.99641E-005 0.746295 9.99641E-005 9.99641E-005 9.99641E-005 0.240811 0.012494
0.0163487 0.668666 9.99731E-005 9.99731E-005 0.0233079 0.291377 9.99731E-005
0.0896051 0.567363 9.9991E-005 0.015469 0.0313888 0.257456 0.0386178
0.0146365 0.964388 9.99641E-005 0.0205751 9.99641E-005 9.99641E-005 9.99641E-005
9.995E-005 0.9994 9.995E-005 9.995E-005 9.995E-005 9.995E-005 9.995E-005
0.0892893 0.890169 9.99641E-005 9.99641E-005 9.99641E-005 9.99641E-005 0.0201414
0.181108 0.311061 0.507431 9.99641E-005 9.99641E-005 9.99641E-005 9.99641E-005
0.117934 0.106542 0.069267 0.0668352 0.140282 0.49904 9.9991E-005
0.0409934 0.0059346 0.0558039 0.725186 9.9991E-005 0.117797 0.0541854
0.0144485 9.99731E-005 0.110198 9.99731E-005 0.744142 9.99731E-005 0.130912
0.00382685 9.99731E-005 9.99731E-005 9.99731E-005 0.61884 0.10775 0.269284
9.99548E-005 9.99548E-005 0.340721 0.658779 9.99548E-005 9.99548E-005 9.99548E-005
9.99731E-005 9.99731E-005 0.943411 9.99731E-005 0.0446306 0.00147484 0.0101836
9.99641E-005 0.0161999 0.981335 9.99641E-005 9.99641E-005 0.00206478 9.99641E-005
0.0233508 9.99731E-005 0.920269 0.0298757 9.99731E-005 0.0262047 9.99731E-005
9.995E-005 9.995E-005 0.9994 9.995E-005 9.995E-005 9.995E-005 9.995E-005
9.99641E-005 9.99641E-005 0.918849 0.0111844 0.0695671 9.99641E-005 9.99641E-005
9.99731E-005 9.99731E-005 0.934134 0.00431369 0.0336109 9.99731E-005 0.0276412
9.99641E-005 0.0138562 0.953563 9.99641E-005 9.99641E-005 9.99641E-005 0.0321807
9.995E-005 9.995E-005 0.9994 9.995E-005 9.995E-005 9.995E-005 9.995E-005
0.000140666 0.0376478 0.948562 0.00416825 9.9982E-005 9.9982E-005 0.00928139
9.99552E-005 9.99552E-005 0.94589 9.99552E-005 9.99552E-005 9.99552E-005 0.0536106
0.00835331 0.0116338 0.979613 9.99641E-005 9.99641E-005 9.99641E-005 9.99641E-005
9.99641E-005 0.027654 0.945391 9.99641E-005 9.99641E-005 9.99641E-005 0.0265552
0.0210854 0.0414401 0.936524 9.99731E-005 9.99731E-005 9.99731E-005 0.00065093
0.0386506 9.99641E-005 0.944808 9.99641E-005 0.0161411 9.99641E-005 9.99641E-005
9.99641E-005 9.99641E-005 0.946215 0.0112808 0.0421047 9.99641E-005 9.99641E-005
0.322624 0.285071 0.0295526 9.99821E-005 9.99821E-005 0.278844 0.0837082
0.354949 0.241573 0.0447704 9.9982E-005 9.9982E-005 0.341989 0.0165188
0.348223 0.211891 0.0380078 9.9982E-005 9.9982E-005 0.361004 0.0406746
9.995E-005 0.9994 9.995E-005 9.995E-005 9.995E-005 9.995E-005 9.995E-005
0.00821852 0.991282 9.99551E-005 9.99551E-005 9.99551E-005 9.99551E-005 9.99551E-005
9.99552E-005 0.980794 9.99552E-005 9.99552E-005 0.0187066 9.99552E-005 9.99552E-005
0.042523 0.924989 9.99641E-005 9.99641E-005 0.0320885 9.99641E-005 9.99641E-005
0.0304037 9.99731E-005 9.99731E-005 9.99731E-005 0.728951 0.0249339 0.215412
0.0371215 0.00692661 0.000806429 0.00121489 0.736089 9.9991E-005 0.217741
0.0278883 0.0775847 0.0125149 0.0123242 0.560052 0.0573475 0.252288
0.3599 0.274043 0.0469951 0.0247672 9.9991E-005 0.266228 0.0279661
0.354639 0.223096 0.0291489 0.0627196 0.0553979 0.274898 9.9991E-005
0.27172 0.171671 0.117224 0.00464242 0.0239232 0.362789 0.0480305
0.343716 0.195407 0.0738536 0.0796405 9.9991E-005 0.256033 0.0512494
