0.0103184 0.017438 9.9982E-005 9.9982E-005 0.0241902 0.00258003 0.945273
0.0028393 9.99551E-005 9.99551E-005 9.99551E-005 9.99551E-005 9.99551E-005 0.996661
0.0378892 0.0133396 9.99641E-005 9.99641E-005 9.99641E-005 9.99641E-005 0.948371
0.0387766 0.0760022 9.99731E-005 0.143551 9.99731E-005 9.99731E-005 0.74137
9.99551E-005 0.0889976 9.99551E-005 9.99551E-005 9.99551E-005 9.99551E-005 0.910503
9.995E-005 9.995E-005 9.995E-005 9.995E-005 9.995E-005 9.995E-005 0.9994
0.00554397 9.99551E-005 9.99551E-005 9.99551E-005 9.99551E-005 9.99551E-005 0.993956
9.9982E-005 0.0499874 9.9982E-005 0.113944 0.00958084 0.0284615 0.797827
9.9973E-005 9.9973E-005 0.0654419 0.0537261 0.00516841 9.9973E-005 0.875364
9.99551E-005 9.99551E-005 0.0930078 9.99551E-005 9.99551E-005 9.99551E-005 0.906492
9.99641E-005 9.99641E-005 0.04569 9.99641E-005 0.0711789 9.99641E-005 0.882731
0.137495 0.206028 9.99821E-005 0.0045436 9.99821E-005 0.000665632 0.651067
0.0375176 0.132992 9.9991E-005 0.126929 0.0240201 0.00503121 0.67341
9.99821E-005 0.191669 0.0378253 0.0527568 9.99821E-005 0.0295332 0.688016
0.0526722 0.122792 0.00286313 0.201347 0.0895629 0.0637012 0.467062
0.0611736 0.179688 9.9991E-005 0.104061 0.00490252 0.0226271 0.627448
0.0601725 0.230522 9.99731E-005 0.0860321 9.99731E-005 9.99731E-005 0.622974
0.0341594 0.290571 9.9991E-005 0.0305583 0.0496547 0.000165292 0.594792
0.70907 0.14433 0.0124344 0.0140701 9.9982E-005 9.9982E-005 0.119896
0.421012 0.238751 0.0165424 0.0305199 9.9991E-005 0.00855018 0.284524
0.518745 0.277966 9.99821E-005 0.0519233 0.0233481 9.99821E-005 0.127817
0.559755 0.168046 0.0351201 0.0230921 0.037375 9.9991E-005 0.176512
0.455441 0.179862 0.0871267 9.9991E-005 0.0918648 0.00617286 0.179432
0.9994 9.995E-005 9.995E-005 9.995E-005 9.995E-005 9.995E-005 9.995E-005
0.9994 9.995E-005 9.995E-005 9.995E-005 9.995E-005 9.995E-005 9.995E-005
0.9994 9.995E-005 9.995E-005 9.995E-005 9.995E-005 9.995E-005 9.995E-005
0.36974 0.269305 0.0724208 0.0967186 9.9991E-005 0.0120904 0.179625
0.974456 9.9964E-005 9.9964E-005 9.9964E-005 9.9964E-005 0.00193295 0.0232111
0.422082 0.179831 9.9991E-005 0.0851908 0.0671632 0.0113956 0.234238
0.9994 9.995E-005 9.995E-005 9.995E-005 9.995E-005 9.995E-005 9.995E-005
0.50512 0.127051 0.00568125 0.0964701 9.9991E-005 0.0229276 0.24265
0.9994 9.995E-005 9.995E-005 9.995E-005 9.995E-005 9.995E-005 9.995E-005
0.445916 0.305717 0.0322652 9.99821E-005 9.99821E-005 0.00808255 0.207819
0.612116 0.13355 0.0553249 9.99821E-005 9.99821E-005 0.0205439 0.178266
0.472359 0.242015 0.0735632 9.9991E-005 0.0413374 0.0272845 0.143342
0.515717 0.161625 9.9982E-005 0.0535643 9.9982E-005 0.0329158 0.235978
0.424909 0.164184 0.0300402 0.108762 0.0369438 0.0125681 0.222593
9.99731E-005 0.812636 0.0428906 9.99731E-005 9.99731E-005 0.0116082 0.132566
9.995E-005 0.9994 9.995E-005 9.995E-005 9.995E-005 9.995E-005 9.995E-005
0.0396 0.896036 0.0218614 9.99821E-005 9.99821E-005 0.0352077 0.00709469
9.99731E-005 0.956036 0.00177223 9.99731E-005 0.0204817 9.99731E-005 0.02141
0.035631 0.927288 9.99731E-005 9.99731E-005 9.99731E-005 0.0337303 0.00305081
9.99551E-005 0.990036 9.99551E-005 0.00946389 9.99551E-005 9.99551E-005 9.99551E-005
9.99641E-005 0.989446 9.99641E-005 9.99641E-005 9.99641E-005 0.00157565 0.0085783
0.0204204 0.875326 9.99731E-005 0.0739563 9.99731E-005 9.99731E-005 0.0299979
9.995E-005 0.9994 9.995E-005 9.995E-005 9.995E-005 9.995E-005 9.995E-005
0.0573976 0.102506 0.0621624 0.718177 9.99821E-005 9.99821E-005 0.0595571
9.995E-005 9.995E-005 9.995E-005 9.995E-005 0.9994 9.995E-005 9.995E-005
9.99639E-005 0.0511136 0.0301604 9.99639E-005 0.918326 9.99639E-005 9.99639E-005
9.99731E-005 0.0373331 9.99731E-005 0.945286 9.99731E-005 0.0116646 0.00541635
9.99639E-005 9.99639E-005 0.12284 0.338318 0.538443 9.99639E-005 9.99639E-005
0.0089066 9.99551E-005 9.99551E-005 0.990594 9.99551E-005 9.99551E-005 9.99551E-005
0.0317319 0.0489207 0.0207498 0.857028 9.9982E-005 0.0413694 9.9982E-005
0.0364108 0.116895 9.99731E-005 0.829325 0.0170694 9.99731E-005 9.99731E-005
9.99641E-005 9.99641E-005 0.0192416 0.944772 9.99641E-005 9.99641E-005 0.0355866
9.99641E-005 0.00123634 9.99641E-005 0.986236 9.99641E-005 9.99641E-005 0.0121282
0.0628044 0.0390681 0.0111605 0.820653 9.9982E-005 0.0661141 9.9982E-005
9.99731E-005 9.99731E-005 9.99731E-005 0.937655 0.00410954 0.0104348 0.0475003
9.995E-005 9.995E-005 9.995E-005 0.9994 9.995E-005 9.995E-005 9.995E-005
9.995E-005 9.995E-005 9.995E-005 0.9994 9.995E-005 9.995E-005 9.995E-005
0.0935059 0.0106035 0.0645199 0.580739 0.0106274 0.231345 0.00865897
0.0818695 0.0384116 0.0118174 0.600174 0.000678111 0.257553 0.00949659
0.0376538 0.0848134 0.0265844 0.633187 9.99821E-005 0.217562 9.99821E-005
0.0201349 9.99821E-005 0.214394 0.162878 0.0240601 0.578333 9.99821E-005
0.0532403 9.99731E-005 0.343811 0.116865 9.99731E-005 0.485785 9.99731E-005
9.995E-005 9.995E-005 9.995E-005 9.995E-005 9.995E-005 0.9994 9.995E-005
9.995E-005 9.995E-005 9.995E-005 9.995E-005 9.995E-005 0.9994 9.995E-005
0.029552 0.0154283 0.172204 0.223481 9.99821E-005 0.559135 9.99821E-005
0.00314392 9.99731E-005 0.267043 0.203232 9.99731E-005 0.526281 9.99731E-005
9.99641E-005 0.0070452 9.99641E-005 9.99641E-005 9.99641E-005 0.986223 0.00633197
9.995E-005 9.995E-005 9.995E-005 9.995E-005 9.995E-005 0.9994 9.995E-005
0.0549358 9.99821E-005 0.172465 0.20629 9.99821E-005 0.540694 0.0254145
9.99551E-005 0.000991207 9.99551E-005 9.99551E-005 9.99551E-005 0.998509 9.99551E-005
9.995E-005 9.995E-005 9.995E-005 9.995E-005 9.995E-005 0.9994 9.995E-005
9.995E-005 9.995E-005 9.995E-005 9.995E-005 9.995E-005 0.9994 9.995E-005
9.995E-005 9.995E-005 9.995E-005 9.995E-005 9.995E-005 0.9994 9.995E-005
0.0160984 9.99551E-005 9.99551E-005 9.99551E-005 9.99551E-005 0.983402 9.99551E-005
0.337342 0.339578 0.0265377 9.9991E-005 0.0550838 0.0275538 0.213805
0.0374121 0.927803 9.99731E-005 9.99731E-005 0.0110872 9.99731E-005 0.0233974
0.0446942 0.954806 9.99551E-005 9.99551E-005 9.99551E-005 9.99551E-005 9.99551E-005
9.99551E-005 9.99551E-005 0.951813 9.99551E-005 9.99551E-005 0.0476872 9.99551E-005
9.99551E-005 9.99551E-005 0.928755 9.99551E-005 9.99551E-005 0.0707448 9.99551E-005
9.99551E-005 9.99551E-005 0.956299 9.99551E-005 9.99551E-005 0.0432013 9.99551E-005
9.99641E-005 0.00512923 0.979224 0.0152465 9.99641E-005 9.99641E-005 9.99641E-005
9.99641E-005 9.99641E-005 0.937769 0.0549143 9.99641E-005 0.00691664 9.99641E-005
0.037326 9.99641E-005 0.96124 9.99641E-005 9.99641E-005 0.00103382 9.99641E-005
0.0555661 9.99552E-005 0.943934 9.99552E-005 9.99552E-005 9.99552E-005 9.99552E-005
9.99731E-005 9.99731E-005 0.920704 0.0582292 9.99731E-005 0.00988567 0.0108815
0.0279452 0.0122803 0.949827 0.00964768 9.99731E-005 9.99731E-005 9.99731E-005
9.99641E-005 9.99641E-005 0.930949 0.0546818 9.99641E-005 9.99641E-005 0.0139693
0.000661848 0.00144364 0.997495 9.99641E-005 9.99641E-005 9.99641E-005 9.99641E-005
9.99731E-005 9.99731E-005 0.90647 0.0280326 0.0466923 0.0185056 9.99731E-005
9.99551E-005 9.99551E-005 0.953989 0.0455115 9.99551E-005 9.99551E-005 9.99551E-005
9.99551E-005 9.99551E-005 0.966284 9.99551E-005 9.99551E-005 0.0332164 9.99551E-005
9.99551E-005 9.99551E-005 0.979152 0.0203487 9.99551E-005 9.99551E-005 9.99551E-005
0.0121227 0.0100449 0.921519 9.9982E-005 0.0365512 9.9982E-005 0.0195619
9.99551E-005 9.99551E-005 0.935072 9.99551E-005 9.99551E-005 0.0644282 9.99551E-005
9.99641E-005 0.0352421 0.955043 9.99641E-005 9.99641E-005 0.00931494 9.99641E-005
9.99731E-005 9.99731E-005 0.975201 0.0111052 0.00296188 0.0104322 9.99731E-005
0.0403441 9.99731E-005 0.903114 9.99731E-005 0.03023 0.0260121 9.99731E-005
0.00992864 9.99731E-005 0.96908 9.99731E-005 0.00775628 0.0129354 9.99731E-005
9.99821E-005 0.00631493 0.904722 9.99821E-005 0.0135342 0.0289549 0.0462736
9.99641E-005 9.99641E-005 0.970543 9.99641E-005 0.0118826 9.99641E-005 0.0171748
0.0295374 9.99731E-005 0.866973 0.0845392 0.01865 9.99731E-005 9.99731E-005
9.99551E-005 9.99551E-005 0.989842 9.99551E-005 9.99551E-005 0.00965808 9.99551E-005
0.0192678 9.9982E-005 0.934373 0.0269672 0.00422958 9.9982E-005 0.0149619
0.02709 9.99731E-005 0.226854 0.166105 9.99731E-005 0.579652 9.99731E-005
0.185194 0.02366 0.152552 0.230751 0.0587782 0.33044 0.0186251
0.053388 0.0108905 0.344194 0.20145 9.99821E-005 0.389877 9.99821E-005
0.0488449 0.596425 9.9982E-005 9.9982E-005 0.0245901 0.0688274 0.261113
9.99731E-005 0.729924 0.0174869 0.00411533 9.99731E-005 9.99731E-005 0.248173
0.0184292 0.660488 9.99821E-005 0.0806124 9.99821E-005 0.0209872 0.219283
0.0678747 0.590285 9.99731E-005 9.99731E-005 9.99731E-005 0.0262033 0.315337
9.99641E-005 0.74447 9.99641E-005 9.99641E-005 9.99641E-005 0.0196851 0.235445
0.0144281 0.681908 9.99641E-005 9.99641E-005 9.99641E-005 9.99641E-005 0.303264
0.0998244 0.547463 9.9991E-005 0.00804386 0.0454743 0.0315258 0.267569
0.00636993 0.980526 9.99641E-005 9.99641E-005 0.0127046 9.99641E-005 9.99641E-005
9.995E-005 0.9994 9.995E-005 9.995E-005 9.995E-005 9.995E-005 9.995E-005
0.0945609 0.887387 9.99641E-005 9.99641E-005 9.99641E-005 0.0176523 9.99641E-005
0.183888 0.321724 0.493988 9.99641E-005 9.99641E-005 9.99641E-005 9.99641E-005
0.126823 0.110762 0.0306744 0.17748 0.0865053 9.9991E-005 0.467655
0.0390162 0.0120776 0.0408494 9.9991E-005 0.752326 0.0552217 0.100409
0.0191279 9.99731E-005 0.111227 0.72394 9.99731E-005 0.145405 9.99731E-005
0.00774082 9.99731E-005 9.99731E-005 0.632837 9.99731E-005 0.26544 0.0936826
9.99547E-005 9.99547E-005 0.33014 9.99547E-005 0.669361 9.99547E-005 9.99547E-005
0.00561852 0.00132202 0.953672 0.0291028 9.99821E-005 0.0100851 9.99821E-005
9.99552E-005 0.0236664 0.975834 9.99552E-005 9.99552E-005 9.99552E-005 9.99552E-005
0.0235431 9.9982E-005 0.881484 9.9982E-005 0.0550276 0.0236818 0.0160632
9.995E-005 9.995E-005 0.9994 9.995E-005 9.995E-005 9.995E-005 9.995E-005
9.99641E-005 9.99641E-005 0.933724 0.0614958 0.0043807 9.99641E-005 9.99641E-005
9.99731E-005 9.99731E-005 0.943006 0.0269027 0.00165718 0.0281342 9.99731E-005
9.99641E-005 0.00756689 0.962322 9.99641E-005 9.99641E-005 0.0297114 9.99641E-005
9.995E-005 9.995E-005 0.9994 9.995E-005 9.995E-005 9.995E-005 9.995E-005
9.99731E-005 0.0418579 0.926391 9.99731E-005 0.0214943 0.00995648 9.99731E-005
9.99552E-005 9.99552E-005 0.94979 9.99552E-005 9.99552E-005 0.04971 9.99552E-005
0.0060676 0.00687786 0.986655 9.99641E-005 9.99641E-005 9.99641E-005 9.99641E-005
9.99641E-005 0.0323796 0.950904 9.99641E-005 9.99641E-005 0.0163165 9.99641E-005
0.0222672 0.0551563 0.922177 9.99641E-005 9.99641E-005 9.99641E-005 9.99641E-005
0.0452299 9.99641E-005 0.943965 0.0104055 9.99641E-005 9.99641E-005 9.99641E-005
9.99641E-005 9.99641E-005 0.939195 0.0468899 0.0135148 9.99641E-005 9.99641E-005
0.325542 0.281831 0.0541371 9.99821E-005 9.99821E-005 0.0781179 0.260173
0.347637 0.252119 0.0421919 9.9982E-005 9.9982E-005 0.0447682 0.313084
0.36165 0.22704 0.0348599 9.9991E-005 0.0139805 0.0421528 0.320217
9.995E-005 0.9994 9.995E-005 9.995E-005 9.995E-005 9.995E-005 9.995E-005
0.0267282 0.972772 9.99551E-005 9.99551E-005 9.99551E-005 9.99551E-005 9.99551E-005
9.99596E-005 0.972673 9.99596E-005 0.026827 9.99596E-005 9.99596E-005 9.99596E-005
0.0417739 0.910814 9.99641E-005 0.0470118 9.99641E-005 9.99641E-005 9.99641E-005
0.0250628 9.99731E-005 9.99731E-005 0.76197 0.00867488 0.203992 9.99731E-005
0.0270086 0.0294705 0.00988553 0.723485 9.9982E-005 0.20995 9.9982E-005
0.038649 0.0882823 0.0133833 0.562929 0.0175068 0.249731 0.0295187
0.369636 0.262522 0.0391437 0.0350098 0.00229499 0.0375253 0.253868
0.364601 0.242761 0.0141653 0.0511415 0.0811604 0.00764186 0.238529
0.28405 0.197467 0.117312 0.0520941 9.9991E-005 0.023476 0.325501
0.353852 0.215565 0.0865574 0.034364 0.0581724 0.0337725 0.217717
