0.97915 9.99102E-005 9.99102E-005 9.99102E-005 9.99102E-005 9.99102E-005 9.99102E-005 9.99102E-005 0.019851 9.99102E-005 9.99102E-005 9.99102E-005
0.807216 9.99101E-005 9.99101E-005 9.99101E-005 0.191785 9.99101E-005 9.99101E-005 9.99101E-005 9.99101E-005 9.99101E-005 9.99101E-005 9.99101E-005
0.956355 9.99191E-005 9.99191E-005 9.99191E-005 9.99191E-005 9.99191E-005 0.033513 9.99191E-005 9.99191E-005 9.99191E-005 0.00923286 9.99191E-005
0.627789 9.99462E-005 9.99462E-005 0.0074616 0.167589 0.0318284 9.99462E-005 0.130038 9.99462E-005 0.0346943 9.99462E-005 9.99462E-005
0.979687 9.99102E-005 9.99102E-005 9.99102E-005 9.99102E-005 9.99102E-005 9.99102E-005 9.99102E-005 9.99102E-005 0.0193135 9.99102E-005 9.99102E-005
0.521602 9.991E-005 9.991E-005 9.991E-005 0.477399 9.991E-005 9.991E-005 9.991E-005 9.991E-005 9.991E-005 9.991E-005 9.991E-005
0.99109 9.99101E-005 9.99101E-005 9.99101E-005 0.00791041 9.99101E-005 9.99101E-005 9.99101E-005 9.99101E-005 9.99101E-005 9.99101E-005 9.99101E-005
0.0912049 9.99281E-005 0.0960766 0.0867219 0.725197 9.99281E-005 9.99281E-005 9.99281E-005 9.99281E-005 9.99281E-005 9.99281E-005 9.99281E-005
9.99008E-005 9.99008E-005 9.99008E-005 9.99008E-005 0.998901 9.99008E-005 9.99008E-005 9.99008E-005 9.99008E-005 9.99008E-005 9.99008E-005 9.99008E-005
9.9901E-005 9.9901E-005 9.9901E-005 9.9901E-005 0.998901 9.9901E-005 9.9901E-005 9.9901E-005 9.9901E-005 9.9901E-005 9.9901E-005 9.9901E-005
0.263136 9.99192E-005 9.99192E-005 9.99192E-005 0.705019 9.99192E-005 9.99192E-005 9.99192E-005 0.0309454 9.99192E-005 9.99192E-005 9.99192E-005
0.690274 0.0139408 9.99462E-005 9.99462E-005 9.99462E-005 0.11605 9.99462E-005 9.99462E-005 9.99462E-005 0.147346 0.029452 0.00233737
0.788876 9.99551E-005 0.0471238 0.062379 9.99551E-005 9.99551E-005 0.0251908 0.0179781 0.0291145 9.99551E-005 9.99551E-005 0.0288376
0.491087 0.0251289 9.99642E-005 0.0115602 0.201431 9.99642E-005 0.0590661 0.0416217 9.99642E-005 0.137945 9.99642E-005 0.0317607
0.488733 0.0299389 0.0860986 9.99641E-005 9.99641E-005 0.0663897 9.99641E-005 0.113665 0.0692006 0.11733 9.99641E-005 0.0282449
0.601866 0.00631858 9.99551E-005 0.105079 9.99551E-005 0.105707 0.0948827 0.034846 0.0508012 9.99551E-005 9.99551E-005 9.99551E-005
0.572216 9.99461E-005 9.99461E-005 9.99461E-005 0.0301488 0.134499 0.0142211 0.0700964 9.99461E-005 0.17822 9.99461E-005 9.99461E-005
0.596679 9.99461E-005 0.0231918 9.99461E-005 9.99461E-005 0.0767798 0.175332 9.99461E-005 0.0313553 0.0960632 9.99461E-005 9.99461E-005
0.0836708 9.99461E-005 9.99461E-005 0.0509647 9.99461E-005 0.244549 0.0641722 0.0309049 9.99461E-005 9.99461E-005 0.525139 9.99461E-005
0.0332045 9.99282E-005 9.99282E-005 9.99282E-005 9.99282E-005 0.802199 9.99282E-005 9.99282E-005 9.99282E-005 0.118225 0.0455721 9.99282E-005
9.99192E-005 9.99192E-005 9.99192E-005 0.0612159 9.99192E-005 0.873684 9.99192E-005 9.99192E-005 9.99192E-005 9.99192E-005 0.064201 9.99192E-005
0.0811898 9.99461E-005 0.00281122 0.0382547 9.99461E-005 0.619728 9.99461E-005 9.99461E-005 9.99461E-005 9.99461E-005 0.229817 0.0275988
9.99192E-005 9.99192E-005 9.99192E-005 9.99192E-005 9.99192E-005 0.875747 9.99192E-005 9.99192E-005 0.0664152 9.99192E-005 0.0569385 9.99192E-005
9.99009E-005 9.99009E-005 9.99009E-005 9.99009E-005 9.99009E-005 9.99009E-005 9.99009E-005 9.99009E-005 9.99009E-005 9.99009E-005 0.998901 9.99009E-005
9.99101E-005 9.99101E-005 9.99101E-005 9.99101E-005 9.99101E-005 0.0053135 9.99101E-005 9.99101E-005 9.99101E-005 9.99101E-005 0.993687 9.99101E-005
9.99011E-005 9.99011E-005 9.99011E-005 9.99011E-005 9.99011E-005 9.99011E-005 9.99011E-005 9.99011E-005 9.99011E-005 9.99011E-005 0.998901 9.99011E-005
9.99372E-005 0.0108071 9.99372E-005 0.139562 9.99372E-005 0.64794 9.99372E-005 0.129601 9.99372E-005 9.99372E-005 0.0713902 9.99372E-005
0.0149278 0.0055881 9.99281E-005 9.99281E-005 9.99281E-005 0.218939 9.99281E-005 9.99281E-005 9.99281E-005 9.99281E-005 0.759746 9.99281E-005
0.0506333 9.99282E-005 9.99282E-005 9.99282E-005 9.99282E-005 0.900449 9.99282E-005 0.0390856 9.99282E-005 9.99282E-005 0.0090328 9.99282E-005
9.99011E-005 9.99011E-005 9.99011E-005 9.99011E-005 9.99011E-005 9.99011E-005 9.99011E-005 9.99011E-005 9.99011E-005 9.99011E-005 0.998901 9.99011E-005
9.99371E-005 9.99371E-005 0.00623057 0.0645054 0.114053 0.645554 9.99371E-005 9.99371E-005 9.99371E-005 9.99371E-005 0.168958 9.99371E-005
9.99101E-005 9.99101E-005 9.99101E-005 9.99101E-005 9.99101E-005 9.99101E-005 9.99101E-005 9.99101E-005 0.00602268 9.99101E-005 0.992978 9.99101E-005
9.99282E-005 9.99282E-005 9.99282E-005 0.0388589 9.99282E-005 0.787997 0.0918701 9.99282E-005 9.99282E-005 9.99282E-005 0.0804749 9.99282E-005
9.99372E-005 0.00512888 9.99372E-005 9.99372E-005 0.0747922 0.66234 9.99372E-005 9.99372E-005 9.99372E-005 0.000492394 0.256547 9.99372E-005
9.99641E-005 0.000832525 0.00171015 0.0689984 0.0481807 0.67757 0.0169299 9.99641E-005 9.99641E-005 9.99641E-005 0.157478 0.0279003
0.0426334 9.99282E-005 9.99282E-005 0.00351338 9.99282E-005 0.859796 9.99282E-005 9.99282E-005 9.99282E-005 9.99282E-005 0.0932578 9.99282E-005
0.0797635 9.99372E-005 9.99372E-005 9.99372E-005 9.99372E-005 0.743674 9.99372E-005 0.0508423 9.99372E-005 9.99372E-005 0.10023 0.0247902
0.0768736 0.0147587 9.99372E-005 0.848589 9.99372E-005 0.0246739 9.99372E-005 9.99372E-005 9.99372E-005 9.99372E-005 9.99372E-005 0.0344056
9.99011E-005 9.99011E-005 9.99011E-005 0.998901 9.99011E-005 9.99011E-005 9.99011E-005 9.99011E-005 9.99011E-005 9.99011E-005 9.99011E-005 9.99011E-005
9.99372E-005 0.02111 9.99372E-005 0.921121 9.99372E-005 9.99372E-005 0.038618 9.99372E-005 9.99372E-005 9.99372E-005 0.0177295 0.000722258
9.99282E-005 9.99282E-005 9.99282E-005 0.428356 9.99282E-005 9.99282E-005 0.121849 9.99282E-005 0.00472634 0.444269 9.99282E-005 9.99282E-005
9.99282E-005 0.0141833 9.99282E-005 9.99282E-005 9.99282E-005 9.99282E-005 0.10506 0.0125447 9.99282E-005 0.867412 9.99282E-005 9.99282E-005
9.99102E-005 9.99102E-005 9.99102E-005 0.852094 9.99102E-005 9.99102E-005 9.99102E-005 9.99102E-005 9.99102E-005 0.146907 9.99102E-005 9.99102E-005
9.99192E-005 9.99192E-005 9.99192E-005 0.673589 9.99192E-005 9.99192E-005 0.176535 9.99192E-005 9.99192E-005 0.148977 9.99192E-005 9.99192E-005
0.023694 9.99372E-005 9.99372E-005 9.99372E-005 0.0252463 9.99372E-005 0.0233462 0.054343 9.99372E-005 0.872671 9.99372E-005 9.99372E-005
9.99191E-005 9.99191E-005 9.99191E-005 0.00290785 9.99191E-005 9.99191E-005 0.026925 9.99191E-005 9.99191E-005 0.969268 9.99191E-005 9.99191E-005
0.0220747 9.99641E-005 0.127462 0.139396 0.0752225 9.99641E-005 0.00801378 0.468059 9.99641E-005 9.99641E-005 0.0402833 0.119089
9.99024E-005 9.99024E-005 0.998901 9.99024E-005 9.99024E-005 9.99024E-005 9.99024E-005 9.99024E-005 9.99024E-005 9.99024E-005 9.99024E-005 9.99024E-005
9.99102E-005 9.99102E-005 9.99102E-005 0.0145044 9.99102E-005 9.99102E-005 9.99102E-005 9.99102E-005 0.984496 9.99102E-005 9.99102E-005 9.99102E-005
9.99193E-005 9.99193E-005 9.99193E-005 9.99193E-005 9.99193E-005 9.99193E-005 0.0567809 0.918324 9.99193E-005 0.0239957 9.99193E-005 9.99193E-005
9.991E-005 9.991E-005 9.991E-005 9.991E-005 9.991E-005 9.991E-005 9.991E-005 0.262581 0.73642 9.991E-005 9.991E-005 9.991E-005
9.99192E-005 9.99192E-005 9.99192E-005 9.99192E-005 9.99192E-005 9.99192E-005 9.99192E-005 0.937475 9.99192E-005 0.0436062 0.0180198 9.99192E-005
9.99372E-005 0.0364741 9.99372E-005 9.99372E-005 9.99372E-005 0.1272 9.99372E-005 0.795302 9.99372E-005 0.0203553 9.99372E-005 0.0199692
0.0534139 9.99461E-005 0.0724259 0.138948 9.99461E-005 9.99461E-005 9.99461E-005 0.688374 9.99461E-005 9.99461E-005 0.0131333 0.0331055
0.0468714 9.99103E-005 9.99103E-005 9.99103E-005 9.99103E-005 9.99103E-005 9.99103E-005 0.95213 9.99103E-005 9.99103E-005 9.99103E-005 9.99103E-005
0.034993 9.99282E-005 9.99282E-005 0.0246406 0.00939245 9.99282E-005 9.99282E-005 0.930175 9.99282E-005 9.99282E-005 9.99282E-005 9.99282E-005
9.99281E-005 0.0471834 9.99281E-005 9.99281E-005 9.99281E-005 9.99281E-005 0.0756479 0.833079 9.99281E-005 9.99281E-005 0.0432904 9.99281E-005
0.0437461 9.99192E-005 9.99192E-005 9.99192E-005 9.99192E-005 9.99192E-005 9.99192E-005 0.950897 0.00445754 9.99192E-005 9.99192E-005 9.99192E-005
9.99012E-005 9.99012E-005 9.99012E-005 9.99012E-005 9.99012E-005 9.99012E-005 9.99012E-005 0.998901 9.99012E-005 9.99012E-005 9.99012E-005 9.99012E-005
9.99102E-005 9.99102E-005 9.99102E-005 9.99102E-005 9.99102E-005 0.0495675 9.99102E-005 0.949433 9.99102E-005 9.99102E-005 9.99102E-005 9.99102E-005
0.0118663 0.207142 0.573041 0.0206585 9.99549E-005 0.0567057 9.99549E-005 9.99549E-005 9.99549E-005 9.99549E-005 0.00611028 0.123977
9.99549E-005 0.205202 0.547468 0.00460056 0.056073 0.111753 0.00993955 9.99549E-005 9.99549E-005 9.99549E-005 9.99549E-005 0.0644644
9.9955E-005 0.182101 0.530342 0.0360134 0.108674 9.9955E-005 0.00926633 0.0592904 9.9955E-005 9.9955E-005 9.9955E-005 0.0738127
9.99371E-005 0.508772 0.261342 9.99371E-005 9.99371E-005 9.99371E-005 9.99371E-005 9.99371E-005 0.0148183 9.99371E-005 0.00634233 0.208025
9.99461E-005 0.472206 0.0723177 9.99461E-005 9.99461E-005 9.99461E-005 0.0330705 0.0234961 9.99461E-005 9.99461E-005 0.0452013 0.353109
9.99103E-005 0.981617 9.99103E-005 9.99103E-005 9.99103E-005 9.99103E-005 9.99103E-005 0.0173839 9.99103E-005 9.99103E-005 9.99103E-005 9.99103E-005
9.99011E-005 0.998901 9.99011E-005 9.99011E-005 9.99011E-005 9.99011E-005 9.99011E-005 9.99011E-005 9.99011E-005 9.99011E-005 9.99011E-005 9.99011E-005
0.0116874 0.561063 0.103223 0.00340309 9.99551E-005 0.0766082 9.99551E-005 0.0379776 9.99551E-005 9.99551E-005 9.99551E-005 0.205538
9.99371E-005 0.51967 0.111654 9.99371E-005 9.99371E-005 0.00285408 9.99371E-005 0.0835769 9.99371E-005 9.99371E-005 9.99371E-005 0.281545
9.99192E-005 0.962981 9.99192E-005 9.99192E-005 9.99192E-005 9.99192E-005 0.0284914 9.99192E-005 9.99192E-005 0.00762857 9.99192E-005 9.99192E-005
9.99012E-005 0.998901 9.99012E-005 9.99012E-005 9.99012E-005 9.99012E-005 9.99012E-005 9.99012E-005 9.99012E-005 9.99012E-005 9.99012E-005 9.99012E-005
9.99371E-005 0.492703 0.227365 9.99371E-005 0.00366933 0.100383 9.99371E-005 9.99371E-005 9.99371E-005 9.99371E-005 9.99371E-005 0.175179
9.99013E-005 0.998901 9.99013E-005 9.99013E-005 9.99013E-005 9.99013E-005 9.99013E-005 9.99013E-005 9.99013E-005 9.99013E-005 9.99013E-005 9.99013E-005
9.99012E-005 0.998901 9.99012E-005 9.99012E-005 9.99012E-005 9.99012E-005 9.99012E-005 9.99012E-005 9.99012E-005 9.99012E-005 9.99012E-005 9.99012E-005
9.99103E-005 0.99463 9.99103E-005 9.99103E-005 9.99103E-005 9.99103E-005 9.99103E-005 9.99103E-005 0.00437133 9.99103E-005 9.99103E-005 9.99103E-005
9.99192E-005 0.978747 9.99192E-005 9.99192E-005 0.0150977 9.99192E-005 9.99192E-005 9.99192E-005 9.99192E-005 9.99192E-005 9.99192E-005 0.00525579
9.99102E-005 0.961795 9.99102E-005 9.99102E-005 9.99102E-005 9.99102E-005 9.99102E-005 9.99102E-005 9.99102E-005 9.99102E-005 0.0372057 9.99102E-005
9.99103E-005 9.99103E-005 9.99103E-005 9.99103E-005 9.99103E-005 0.898131 9.99103E-005 9.99103E-005 9.99103E-005 0.10087 9.99103E-005 9.99103E-005
9.99461E-005 9.99461E-005 9.99461E-005 0.394691 0.0533594 9.99461E-005 0.04745 9.99461E-005 0.00299631 0.493605 0.00729845 9.99461E-005
9.99191E-005 9.99191E-005 9.99191E-005 0.222278 9.99191E-005 9.99191E-005 9.99191E-005 9.99191E-005 9.99191E-005 0.740301 0.0365223 9.99191E-005
9.99282E-005 0.0263774 0.011491 9.99282E-005 9.99282E-005 9.99282E-005 9.99282E-005 9.99282E-005 9.99282E-005 9.99282E-005 0.00292965 0.958402
9.99193E-005 0.0553193 9.99193E-005 9.99193E-005 9.99193E-005 9.99193E-005 9.99193E-005 9.99193E-005 0.0412223 9.99193E-005 9.99193E-005 0.902559
9.99103E-005 0.0446607 9.99103E-005 9.99103E-005 9.99103E-005 9.99103E-005 9.99103E-005 9.99103E-005 9.99103E-005 9.99103E-005 9.99103E-005 0.95434
9.99192E-005 9.99192E-005 9.99192E-005 9.99192E-005 9.99192E-005 9.99192E-005 0.0275314 0.0266265 9.99192E-005 9.99192E-005 9.99192E-005 0.944943
9.99283E-005 9.99283E-005 9.99283E-005 9.99283E-005 0.0114213 9.99283E-005 9.99283E-005 0.0414752 0.018894 9.99283E-005 9.99283E-005 0.92741
9.99371E-005 0.0090008 9.99371E-005 0.0202854 9.99371E-005 9.99371E-005 9.99371E-005 9.99371E-005 0.00978376 9.99371E-005 0.0190807 0.94115
9.99372E-005 0.0208962 9.99372E-005 9.99372E-005 9.99372E-005 0.0101293 9.99372E-005 9.99372E-005 0.0277281 9.99372E-005 0.0429545 0.897592
9.99372E-005 9.99372E-005 9.99372E-005 9.99372E-005 0.0292631 9.99372E-005 9.99372E-005 0.049483 0.00663403 0.00991555 9.99372E-005 0.904005
9.99192E-005 9.99192E-005 9.99192E-005 9.99192E-005 9.99192E-005 0.0775412 9.99192E-005 9.99192E-005 9.99192E-005 0.0221242 9.99192E-005 0.899435
0.0383576 9.99371E-005 0.00737708 9.99371E-005 0.00136028 9.99371E-005 9.99371E-005 0.0222552 9.99371E-005 9.99371E-005 9.99371E-005 0.92995
9.99283E-005 9.99283E-005 9.99283E-005 0.00710817 0.0240107 9.99283E-005 0.00478373 9.99283E-005 9.99283E-005 9.99283E-005 9.99283E-005 0.963298
9.99283E-005 9.99283E-005 9.99283E-005 9.99283E-005 9.99283E-005 9.99283E-005 9.99283E-005 0.0827067 0.050189 9.99283E-005 0.00582832 0.860477
9.99192E-005 9.99192E-005 9.99192E-005 9.99192E-005 0.0109688 9.99192E-005 9.99192E-005 0.056676 9.99192E-005 9.99192E-005 9.99192E-005 0.931456
9.99102E-005 0.0420673 9.99102E-005 9.99102E-005 9.99102E-005 9.99102E-005 9.99102E-005 9.99102E-005 9.99102E-005 9.99102E-005 9.99102E-005 0.956934
9.99192E-005 9.99192E-005 0.0172283 9.99192E-005 0.0641225 9.99192E-005 9.99192E-005 9.99192E-005 9.99192E-005 9.99192E-005 9.99192E-005 0.91775
9.99371E-005 9.99371E-005 9.99371E-005 9.99371E-005 9.99371E-005 0.0119143 0.0584075 9.99371E-005 0.0385507 9.99371E-005 0.0147616 0.875666
9.99192E-005 0.075503 9.99192E-005 9.99192E-005 9.99192E-005 9.99192E-005 9.99192E-005 9.99192E-005 0.0357021 9.99192E-005 9.99192E-005 0.887896
9.99372E-005 9.99372E-005 9.99372E-005 0.038349 9.99372E-005 9.99372E-005 0.00349218 9.99372E-005 0.00239201 0.000598866 9.99372E-005 0.954468
9.99103E-005 9.99103E-005 0.0515134 9.99103E-005 9.99103E-005 9.99103E-005 9.99103E-005 9.99103E-005 9.99103E-005 9.99103E-005 9.99103E-005 0.947488
9.99372E-005 0.0156288 9.99372E-005 9.99372E-005 0.00738787 0.0843327 9.99372E-005 9.99372E-005 0.02727 9.99372E-005 9.99372E-005 0.864681
9.99282E-005 0.0302787 9.99282E-005 9.99282E-005 9.99282E-005 0.0211244 9.99282E-005 9.99282E-005 0.0167749 9.99282E-005 9.99282E-005 0.931023
0.0244884 0.0168217 0.0152997 9.99551E-005 0.00220149 9.99551E-005 0.0443123 9.99551E-005 0.0230648 9.99551E-005 9.99551E-005 0.873312
9.99192E-005 9.99192E-005 9.99192E-005 9.99192E-005 0.0515653 9.99192E-005 9.99192E-005 9.99192E-005 0.0338447 9.99192E-005 9.99192E-005 0.913691
9.99372E-005 9.99372E-005 0.0214592 9.99372E-005 0.0264218 9.99372E-005 9.99372E-005 0.0762151 9.99372E-005 9.99372E-005 0.019734 0.85547
9.99282E-005 0.00196223 0.0114271 9.99282E-005 0.00995081 9.99282E-005 9.99282E-005 9.99282E-005 9.99282E-005 9.99282E-005 9.99282E-005 0.97586
9.99371E-005 9.99371E-005 9.99371E-005 9.99371E-005 0.096337 9.99371E-005 9.99371E-005 0.00184281 0.0353816 9.99371E-005 0.0070576 0.858681
9.99371E-005 0.50693 0.204182 9.99371E-005 9.99371E-005 0.00268966 0.042609 9.99371E-005 9.99371E-005 9.99371E-005 9.99371E-005 0.24289
9.9937E-005 0.316523 0.160217 9.9937E-005 9.9937E-005 0.322918 9.9937E-005 9.9937E-005 0.0552578 9.9937E-005 9.9937E-005 0.144385
0.0163377 0.377974 0.0785245 9.99552E-005 9.99552E-005 0.0354612 9.99552E-005 0.0925883 9.99552E-005 9.99552E-005 0.0316555 0.366959
0.0836964 0.0240235 9.99372E-005 0.0507708 9.99372E-005 0.103224 0.737586 9.99372E-005 9.99372E-005 9.99372E-005 9.99372E-005 9.99372E-005
9.99009E-005 9.99009E-005 9.99009E-005 9.99009E-005 9.99009E-005 9.99009E-005 0.998901 9.99009E-005 9.99009E-005 9.99009E-005 9.99009E-005 9.99009E-005
9.99193E-005 9.99193E-005 9.99193E-005 0.00983035 0.0446295 9.99193E-005 0.944641 9.99193E-005 9.99193E-005 9.99193E-005 9.99193E-005 9.99193E-005
9.99012E-005 9.99012E-005 9.99012E-005 9.99012E-005 9.99012E-005 9.99012E-005 0.998901 9.99012E-005 9.99012E-005 9.99012E-005 9.99012E-005 9.99012E-005
9.99192E-005 9.99192E-005 9.99192E-005 0.028393 9.99192E-005 9.99192E-005 0.918066 9.99192E-005 9.99192E-005 0.0526414 9.99192E-005 9.99192E-005
9.99012E-005 9.99012E-005 9.99012E-005 9.99012E-005 9.99012E-005 9.99012E-005 0.998901 9.99012E-005 9.99012E-005 9.99012E-005 9.99012E-005 9.99012E-005
0.151885 0.0236172 0.0548741 0.237177 9.99551E-005 0.0194921 0.460806 9.99551E-005 9.99551E-005 9.99551E-005 0.0516477 9.99551E-005
9.99011E-005 9.99011E-005 9.99011E-005 9.99011E-005 9.99011E-005 9.99011E-005 9.99011E-005 9.99011E-005 9.99011E-005 0.998901 9.99011E-005 9.99011E-005
9.9901E-005 9.9901E-005 9.9901E-005 9.9901E-005 9.9901E-005 9.9901E-005 9.9901E-005 9.9901E-005 9.9901E-005 0.998901 9.9901E-005 9.9901E-005
0.00414738 0.00277466 0.0245819 0.90156 9.99372E-005 9.99372E-005 9.99372E-005 9.99372E-005 9.99372E-005 9.99372E-005 0.0662364 9.99372E-005
9.99372E-005 9.99372E-005 9.99372E-005 0.0927946 9.99372E-005 0.300595 0.139601 9.99372E-005 9.99372E-005 9.99372E-005 0.0311851 0.435125
0.23842 9.9973E-005 9.9973E-005 9.9973E-005 0.218934 0.148148 0.0375561 0.176861 0.0443305 0.086955 0.0317187 0.0167754
0.112909 9.9919E-005 9.9919E-005 9.9919E-005 9.9919E-005 9.9919E-005 9.9919E-005 9.9919E-005 0.877357 9.9919E-005 0.00883549 9.9919E-005
9.99368E-005 0.114952 0.659597 9.99368E-005 9.99368E-005 9.99368E-005 9.99368E-005 0.0450655 9.99368E-005 0.00980527 9.99368E-005 0.169881
0.113374 0.231724 0.463329 9.99369E-005 9.99369E-005 9.99369E-005 9.99369E-005 0.13119 9.99369E-005 9.99369E-005 9.99369E-005 0.0596838
9.99099E-005 9.99099E-005 9.99099E-005 9.99099E-005 9.99099E-005 9.99099E-005 9.99099E-005 9.99099E-005 0.911416 9.99099E-005 9.99099E-005 0.0875849
0.0121481 9.99283E-005 9.99283E-005 9.99283E-005 9.99283E-005 0.00271814 9.99283E-005 0.0609081 9.99283E-005 9.99283E-005 9.99283E-005 0.923426
9.99193E-005 9.99193E-005 9.99193E-005 9.99193E-005 9.99193E-005 9.99193E-005 0.00150544 9.99193E-005 9.99193E-005 0.0417544 9.99193E-005 0.955841
9.99372E-005 9.99372E-005 9.99372E-005 9.99372E-005 0.023372 0.0473244 9.99372E-005 0.00533437 0.0495459 9.99372E-005 9.99372E-005 0.873724
9.99103E-005 9.99103E-005 9.99103E-005 0.0211096 9.99103E-005 9.99103E-005 9.99103E-005 9.99103E-005 9.99103E-005 9.99103E-005 9.99103E-005 0.977891
9.99281E-005 9.99281E-005 0.0177844 9.99281E-005 9.99281E-005 9.99281E-005 0.00435151 0.0601832 9.99281E-005 9.99281E-005 9.99281E-005 0.916882
9.99462E-005 0.0308264 0.0216001 9.99462E-005 0.00753786 9.99462E-005 9.99462E-005 0.0050205 0.00712298 9.99462E-005 9.99462E-005 0.927292
0.0641764 0.0238485 9.99193E-005 9.99193E-005 9.99193E-005 9.99193E-005 9.99193E-005 9.99193E-005 9.99193E-005 9.99193E-005 9.99193E-005 0.911076
9.99104E-005 9.99104E-005 9.99104E-005 9.99104E-005 0.0188211 9.99104E-005 9.99104E-005 9.99104E-005 9.99104E-005 9.99104E-005 9.99104E-005 0.98018
9.99282E-005 0.020615 9.99282E-005 0.0486029 9.99282E-005 9.99282E-005 9.99282E-005 9.99282E-005 0.0314536 9.99282E-005 9.99282E-005 0.898529
9.99193E-005 0.0596655 9.99193E-005 9.99193E-005 9.99193E-005 9.99193E-005 9.99193E-005 9.99193E-005 0.00725613 9.99193E-005 9.99193E-005 0.932179
9.99193E-005 9.99193E-005 9.99193E-005 9.99193E-005 9.99193E-005 0.00345487 9.99193E-005 9.99193E-005 9.99193E-005 0.0402208 9.99193E-005 0.955425
9.99282E-005 0.00038457 9.99282E-005 0.0102265 9.99282E-005 0.0524118 9.99282E-005 9.99282E-005 9.99282E-005 9.99282E-005 9.99282E-005 0.936178
9.99192E-005 9.99192E-005 9.99192E-005 9.99192E-005 9.99192E-005 0.107434 9.99192E-005 9.99192E-005 9.99192E-005 0.00134613 9.99192E-005 0.89032
9.99282E-005 9.99282E-005 9.99282E-005 9.99282E-005 9.99282E-005 0.0091799 9.99282E-005 9.99282E-005 0.0323548 9.99282E-005 0.0344788 0.923187
9.99262E-005 9.99262E-005 9.99262E-005 9.99262E-005 9.99262E-005 9.99262E-005 9.99262E-005 0.0785578 0.0421886 9.99262E-005 9.99262E-005 0.878354
9.99462E-005 0.0605713 9.99462E-005 9.99462E-005 0.116176 0.551529 0.124085 9.99462E-005 9.99462E-005 0.064867 0.0821715 9.99462E-005
9.99371E-005 9.99371E-005 9.99371E-005 9.99371E-005 0.198677 0.722391 0.0113149 9.99371E-005 9.99371E-005 0.051857 0.0150602 9.99371E-005
9.99372E-005 0.0197766 9.99372E-005 9.99372E-005 0.268038 0.490865 9.99372E-005 9.99372E-005 9.99372E-005 0.121391 0.0992303 9.99372E-005
9.99102E-005 9.99102E-005 9.99102E-005 0.902133 9.99102E-005 9.99102E-005 9.99102E-005 9.99102E-005 9.99102E-005 0.0968681 9.99102E-005 9.99102E-005
9.99201E-005 9.99201E-005 9.99201E-005 0.750533 0.00670721 9.99201E-005 9.99201E-005 9.99201E-005 9.99201E-005 0.223709 0.0182512 9.99201E-005
9.99283E-005 9.99283E-005 9.99283E-005 0.895173 9.99283E-005 0.022456 9.99283E-005 0.0138784 9.99283E-005 0.0676932 9.99283E-005 9.99283E-005
9.99192E-005 9.99192E-005 9.99192E-005 0.950028 9.99192E-005 9.99192E-005 0.0101191 9.99192E-005 9.99192E-005 9.99192E-005 0.0389538 9.99192E-005
9.99369E-005 0.159781 0.721735 0.0199878 9.99369E-005 9.99369E-005 9.99369E-005 0.0238189 9.99369E-005 9.99369E-005 9.99369E-005 0.0739775
9.99549E-005 0.147982 0.624987 9.99549E-005 0.00762803 9.99549E-005 0.0355506 0.08581 9.99549E-005 0.0115512 9.99549E-005 0.0859923
9.99459E-005 0.219163 0.565805 9.99459E-005 9.99459E-005 0.0228846 0.0652758 9.99459E-005 9.99459E-005 0.0539977 9.99459E-005 0.0722735
0.107231 9.99462E-005 9.99462E-005 0.00317755 9.99462E-005 0.804682 0.0351864 0.0165748 9.99462E-005 9.99462E-005 0.0325486 9.99462E-005
9.99282E-005 9.99282E-005 0.0240759 0.0220379 0.0903253 0.862762 9.99282E-005 9.99282E-005 9.99282E-005 9.99282E-005 9.99282E-005 9.99282E-005
0.197637 0.0145784 0.0275467 9.99461E-005 9.99461E-005 0.651885 0.0340068 9.99461E-005 9.99461E-005 9.99461E-005 9.99461E-005 0.0737464
9.99281E-005 9.99281E-005 0.0735289 9.99281E-005 9.99281E-005 0.887919 9.99281E-005 9.99281E-005 0.0279835 9.99281E-005 9.99281E-005 0.0097689
