9.9991E-005 0.0992689 0.185912 0.714719
9.999E-005 0.071633 0.208778 0.719489
9.999E-005 0.0665993 0.215325 0.717975
0.00178834 0.117718 0.185481 0.695013
9.999E-005 0.0281875 0.208352 0.763361
9.9991E-005 0.0485844 0.198297 0.753019
9.999E-005 0.0620719 0.237625 0.700203
0.0113624 0.138999 0.141496 0.708143
0.0870787 0.0917571 0.171372 0.649792
0.101987 0.0798481 0.148762 0.669402
0.129377 0.0402595 0.117333 0.713031
9.999E-005 0.0714283 0.224292 0.70418
0.0258036 0.108698 0.173082 0.692416
0.039217 0.107276 0.107915 0.745592
0.0984388 0.162922 0.159626 0.579013
9.9991E-005 0.10852 0.188053 0.703326
0.000953006 0.0505095 0.217672 0.730865
9.9991E-005 0.0813172 0.158551 0.760032
0.00327282 9.9991E-005 0.760308 0.23632
0.0280826 0.0378972 0.479844 0.454177
0.0238585 9.9991E-005 0.569277 0.406764
0.061223 0.0236002 0.61048 0.304697
0.1373 9.9991E-005 0.526442 0.336158
9.998E-005 9.998E-005 0.9997 9.998E-005
9.998E-005 9.998E-005 0.9997 9.998E-005
9.998E-005 9.998E-005 0.9997 9.998E-005
0.0858053 0.074597 0.421849 0.417749
9.9991E-005 0.0160172 0.957993 0.0258898
0.00979441 0.0707379 0.518986 0.400482
9.998E-005 9.998E-005 0.9997 9.998E-005
0.0319088 0.0662912 0.573195 0.328605
9.998E-005 9.998E-005 0.9997 9.998E-005
0.0103141 0.0354314 0.517964 0.436291
0.0480982 0.0428393 0.654215 0.254847
0.0874039 0.0475817 0.515084 0.34993
9.9991E-005 0.0738331 0.570695 0.355372
0.0961624 0.0486685 0.49782 0.35735
0.0577413 0.016311 0.0350526 0.890895
9.998E-005 9.998E-005 9.998E-005 0.9997
0.0153985 0.0424235 0.0487585 0.89342
0.00355065 9.9982E-005 9.9982E-005 0.996249
9.9991E-005 0.0283608 0.0721825 0.899357
9.9982E-005 9.9982E-005 0.0199175 0.979883
9.9982E-005 9.9982E-005 0.0161774 0.983623
0.0138661 9.9991E-005 0.0689301 0.917104
9.9982E-005 9.9982E-005 0.0354799 0.96432
0.319365 0.129452 0.141289 0.409894
0.155055 9.99914E-005 0.465415 0.37943
0.522035 9.99911E-005 0.180837 0.297028
0.289591 0.247058 0.0465721 0.416779
0.575685 0.0802426 0.116041 0.228031
0.276453 0.231935 0.143276 0.348335
0.300596 0.225047 0.137178 0.337179
0.271716 0.176601 0.134669 0.417014
0.333943 0.196989 0.104717 0.364351
0.312396 0.167919 0.0716962 0.447988
0.290754 0.237323 0.146458 0.325465
0.259108 0.267031 0.0779618 0.395899
0.382048 0.217263 0.11867 0.28202
0.308257 0.223984 0.13187 0.335889
0.233277 0.403449 0.152358 0.210916
0.176322 0.422379 0.163938 0.23736
0.203462 0.387106 0.119571 0.289861
0.258095 0.670292 0.0715134 9.9991E-005
0.379447 0.549454 0.0691686 0.00193032
9.998E-005 0.9997 9.998E-005 9.998E-005
9.998E-005 0.9997 9.998E-005 9.998E-005
0.233656 0.637715 0.0645998 0.0640297
0.333715 0.630562 0.0356237 9.9991E-005
9.998E-005 0.9997 9.998E-005 9.998E-005
9.998E-005 0.9997 9.998E-005 9.998E-005
0.231791 0.616372 0.0981281 0.0537089
9.998E-005 0.9997 9.998E-005 9.998E-005
9.998E-005 0.9997 9.998E-005 9.998E-005
9.998E-005 0.9997 9.998E-005 9.998E-005
9.998E-005 0.9997 9.998E-005 9.998E-005
9.9982E-005 0.989925 0.00987458 9.9982E-005
0.0469315 0.0389506 0.415482 0.498636
9.9982E-005 9.9982E-005 0.0821335 0.917667
9.9982E-005 9.9982E-005 0.086658 0.913142
0.970435 0.0293646 9.9982E-005 9.9982E-005
0.942082 0.0577181 9.9982E-005 9.9982E-005
0.974989 0.0248113 9.9982E-005 9.9982E-005
0.9997 9.998E-005 9.998E-005 9.998E-005
0.972286 0.0275137 9.99821E-005 9.99821E-005
0.971288 9.9982E-005 0.0285119 9.9982E-005
0.937585 9.99821E-005 0.0622155 9.99821E-005
0.962431 0.0231786 9.9991E-005 0.0142902
0.960111 9.9982E-005 0.0396887 9.9982E-005
0.982792 9.9982E-005 9.9982E-005 0.0170076
0.9997 9.998E-005 9.998E-005 9.998E-005
0.965477 0.0315535 0.00286938 9.9991E-005
0.9997 9.998E-005 9.998E-005 9.998E-005
0.973857 0.025943 9.9982E-005 9.9982E-005
0.995282 0.00451801 9.9982E-005 9.9982E-005
0.94141 9.9991E-005 0.04358 0.0149102
0.935204 0.0645964 9.9982E-005 9.9982E-005
0.980174 9.9982E-005 9.9982E-005 0.0196264
0.993965 0.00583459 9.99821E-005 9.99821E-005
0.922788 0.0323688 0.044743 9.9991E-005
0.978082 0.0191552 0.00266314 9.9991E-005
0.922248 0.0430895 0.00530655 0.0293557
0.994179 0.00562064 9.9982E-005 9.9982E-005
0.937682 0.013254 0.0489635 9.9991E-005
0.993734 0.00606609 9.9982E-005 9.9982E-005
0.956841 9.9982E-005 0.042959 9.9982E-005
0.264093 0.662014 0.0689636 0.00493001
0.239632 0.42412 0.212876 0.123373
0.394155 0.459716 0.0741348 0.071994
9.9991E-005 0.107141 0.118809 0.77395
0.0305158 0.0210748 0.0581489 0.890261
0.00274337 0.0573692 0.0678244 0.872063
9.9991E-005 0.0474672 0.135553 0.816879
9.9991E-005 0.0490988 0.042408 0.908393
9.99821E-005 9.99821E-005 0.0930375 0.906763
9.9991E-005 0.086806 0.180812 0.732282
9.9982E-005 9.9982E-005 0.0554559 0.944344
9.9982E-005 9.9982E-005 0.0210791 0.978721
0.0156803 9.9991E-005 0.123787 0.860432
0.517748 9.9991E-005 0.181903 0.300249
0.148015 0.0535099 0.243099 0.555376
0.409241 0.0827004 0.197085 0.310973
0.344934 0.347327 0.129122 0.178618
0.198106 0.444615 0.0938011 0.263478
0.9857 0.0141005 9.99822E-005 9.99822E-005
0.960747 0.0297931 0.00935959 9.9991E-005
0.986592 9.9982E-005 9.9982E-005 0.0132079
0.954559 0.000299016 0.0450415 9.9991E-005
0.9997 9.998E-005 9.998E-005 9.998E-005
0.987357 9.9982E-005 0.0124435 9.9982E-005
0.964443 0.0353569 9.9982E-005 9.9982E-005
0.969417 0.0283269 9.9991E-005 0.00215642
0.9997 9.998E-005 9.998E-005 9.998E-005
0.963607 0.0153161 9.9991E-005 0.0209767
0.948256 0.0515444 9.9982E-005 9.9982E-005
0.993416 9.99821E-005 0.00638419 9.99821E-005
0.979369 0.0204311 9.9982E-005 9.9982E-005
0.947077 9.9991E-005 0.0242668 0.0285559
0.961272 9.9982E-005 0.0385278 9.9982E-005
0.990772 9.99821E-005 0.00902777 9.99821E-005
0.0297904 0.0992892 0.410734 0.460186
0.0413014 0.0643526 0.42677 0.467576
0.0173192 0.0903609 0.419704 0.472616
0.0136327 9.9982E-005 9.9982E-005 0.986167
9.9982E-005 9.9982E-005 0.0449898 0.95481
0.0154643 9.9991E-005 0.0194832 0.964953
9.9982E-005 9.9982E-005 0.0838652 0.915935
0.220966 0.418583 0.124633 0.235817
0.229319 0.390107 0.124894 0.25568
0.189127 0.40033 0.115415 0.295127
0.0484124 0.0599584 0.444271 0.447358
0.0719243 0.0281061 0.439286 0.460684
0.116578 0.0824243 0.368304 0.432694
0.105274 0.0716762 0.437081 0.385969
