0.19488 9.9991E-005 0.0924408 0.712579
0.219742 9.9991E-005 0.0736975 0.70646
0.22731 9.9991E-005 0.0528558 0.719734
0.195495 0.0185639 0.0961327 0.689808
0.195242 9.9991E-005 0.02543 0.779227
0.179525 9.9991E-005 0.0494575 0.770918
0.246512 9.9991E-005 0.0355079 0.71788
0.163019 9.9991E-005 0.136642 0.700238
0.179075 0.0848802 0.0909804 0.645065
0.166001 0.115897 0.0411396 0.676962
0.122596 0.130206 0.0375165 0.709682
0.263864 9.9991E-005 0.0606815 0.675354
0.182903 0.0273511 0.10596 0.683786
0.0768296 0.0381492 0.122609 0.762412
0.168804 0.109676 0.131559 0.589962
0.193694 9.9991E-005 0.109094 0.697112
0.204247 9.9991E-005 0.0540311 0.741622
0.166645 9.9991E-005 0.0683199 0.764935
0.747146 0.0180318 0.00603924 0.228783
0.49276 0.0400375 0.0278637 0.439339
0.564625 0.0240825 9.9991E-005 0.411192
0.605476 0.0719135 0.0142762 0.308334
0.527878 0.143097 0.00593028 0.323094
0.9997 9.998E-005 9.998E-005 9.998E-005
0.9997 9.998E-005 9.998E-005 9.998E-005
0.9997 9.998E-005 9.998E-005 9.998E-005
0.439455 0.105985 0.0449997 0.40956
0.965869 9.9991E-005 0.0207953 0.0132354
0.499866 0.0291829 0.0656421 0.405309
0.9997 9.998E-005 9.998E-005 9.998E-005
0.575681 0.0158211 0.0728958 0.335602
0.9997 9.998E-005 9.998E-005 9.998E-005
0.522041 0.0302104 0.00850953 0.439239
0.65502 0.0559133 0.0371735 0.251893
0.541519 0.0931587 0.0342621 0.331061
0.569513 9.9991E-005 0.0673129 0.363074
0.504361 0.0798073 0.0524529 0.363379
0.0650836 0.0547626 0.000797517 0.879356
0.0323354 9.9982E-005 9.9982E-005 0.967465
0.0916504 0.0262238 0.0292387 0.852887
0.0195654 0.0184169 9.9991E-005 0.961918
0.0972028 9.9991E-005 0.00362225 0.899075
0.0498413 9.9982E-005 9.9982E-005 0.949959
0.0346425 9.9982E-005 9.9982E-005 0.965158
0.0954353 0.0082874 9.9991E-005 0.896177
0.0657433 9.9982E-005 9.9982E-005 0.934057
0.14279 0.342666 0.0991631 0.41538
0.386413 0.175352 9.99914E-005 0.438134
0.169959 0.507947 9.99911E-005 0.321994
0.0598922 0.291393 0.225298 0.423417
0.0978196 0.583493 0.0683367 0.250351
0.129301 0.291913 0.230455 0.348331
0.128628 0.312238 0.214268 0.344866
0.135534 0.283132 0.171464 0.40987
0.081955 0.358385 0.174734 0.384926
0.0539182 0.3278 0.165651 0.45263
0.143979 0.28639 0.237658 0.331973
0.0788308 0.265091 0.259841 0.396237
0.123679 0.374869 0.229062 0.27239
0.129054 0.331251 0.211559 0.328136
0.150739 0.230091 0.403295 0.215875
0.137639 0.185941 0.418787 0.257633
0.115879 0.204891 0.38643 0.2928
0.0745356 0.251007 0.666401 0.00805717
0.0840035 0.388676 0.52308 0.00424059
9.998E-005 9.998E-005 0.9997 9.998E-005
9.998E-005 9.998E-005 0.9997 9.998E-005
0.0531694 0.239449 0.627385 0.0799964
0.0411642 0.321609 0.637127 9.9991E-005
9.998E-005 9.998E-005 0.9997 9.998E-005
9.998E-005 9.998E-005 0.9997 9.998E-005
0.0899002 0.226273 0.627824 0.056003
9.998E-005 9.998E-005 0.9997 9.998E-005
9.998E-005 9.998E-005 0.9997 9.998E-005
9.998E-005 9.998E-005 0.9997 9.998E-005
9.998E-005 9.998E-005 0.9997 9.998E-005
0.0203658 9.9982E-005 0.979434 9.9982E-005
0.4316 0.0500669 0.038671 0.479662
0.0933626 9.9982E-005 9.9982E-005 0.906437
0.115157 9.9982E-005 9.9982E-005 0.884643
9.9982E-005 0.96367 0.0361303 9.9982E-005
9.9982E-005 0.948398 0.0514025 9.9982E-005
9.9982E-005 0.984334 0.0154665 9.9982E-005
9.998E-005 0.9997 9.998E-005 9.998E-005
9.99821E-005 0.963156 0.0366443 9.99821E-005
0.0141002 0.97038 0.0154198 9.9991E-005
0.0482424 0.945234 0.00642317 9.9991E-005
9.9991E-005 0.954072 0.0391945 0.00663299
0.027877 0.962964 9.9991E-005 0.0090586
0.00585815 0.987383 9.9991E-005 0.0066587
9.99821E-005 0.996986 0.00281364 9.99821E-005
0.00836571 0.960292 0.0312422 9.9991E-005
0.000838609 0.998961 9.9982E-005 9.9982E-005
9.9982E-005 0.983994 0.0158056 9.9982E-005
9.998E-005 0.9997 9.998E-005 9.998E-005
0.0235068 0.951772 9.9991E-005 0.0246207
9.9982E-005 0.942962 0.0568383 9.9982E-005
9.9982E-005 0.97527 9.9982E-005 0.0245296
9.99821E-005 0.992324 0.0074763 9.99821E-005
0.0441205 0.913968 0.0418114 9.9991E-005
9.9982E-005 0.995412 0.00438763 9.9982E-005
0.00598835 0.930626 0.0315265 0.0318588
9.9982E-005 0.988929 0.0108708 9.9982E-005
0.0529383 0.946862 9.9982E-005 9.9982E-005
9.9982E-005 0.986527 0.0132732 9.9982E-005
0.0381285 0.961672 9.9982E-005 9.9982E-005
0.062855 0.275577 0.640981 0.0205871
0.187117 0.245168 0.439596 0.128119
0.0772679 0.397242 0.467076 0.0584142
0.122535 9.9991E-005 0.0805446 0.79682
0.0881384 0.016857 0.00423405 0.890771
0.0966602 0.000177058 0.0509107 0.852252
0.154361 9.9991E-005 0.0246816 0.820858
0.0653635 9.9991E-005 0.0377178 0.896819
0.106713 0.00515669 9.9991E-005 0.88803
0.169847 9.9991E-005 0.0796231 0.75043
0.0704663 9.9982E-005 9.9982E-005 0.929334
0.0445314 9.9982E-005 9.9982E-005 0.955269
0.137813 0.00525261 0.0178076 0.839127
0.206904 0.518877 9.9991E-005 0.274119
0.242437 0.154425 0.0488833 0.554255
0.199039 0.418456 0.0777852 0.30472
0.105864 0.348266 0.358131 0.187739
0.0916207 0.189095 0.465998 0.253286
9.99822E-005 0.985271 0.0145289 9.99822E-005
9.99821E-005 0.965238 0.0345618 9.99821E-005
9.99821E-005 0.974939 9.99821E-005 0.0248607
0.0253876 0.952386 9.9991E-005 0.0221264
9.998E-005 0.9997 9.998E-005 9.998E-005
0.0168082 0.982992 9.9982E-005 9.9982E-005
9.9982E-005 0.971633 0.0281672 9.9982E-005
9.9982E-005 0.965969 0.0338308 9.9982E-005
9.998E-005 0.9997 9.998E-005 9.998E-005
0.00258977 0.951814 0.018119 0.0274773
9.9982E-005 0.940626 0.0591745 9.9982E-005
9.99821E-005 0.992278 9.99821E-005 0.00752185
9.9982E-005 0.958555 0.0412448 9.9982E-005
0.00815259 0.941082 9.9991E-005 0.0506652
0.0343983 0.965402 9.9982E-005 9.9982E-005
0.00935586 0.990444 9.99821E-005 9.99821E-005
0.398001 0.0468588 0.0993509 0.455789
0.439844 0.0392831 0.0458872 0.474986
0.436627 0.0360759 0.0628207 0.464477
0.00389776 0.0140773 9.9991E-005 0.981925
0.0568533 9.9982E-005 9.9982E-005 0.942947
0.0556006 0.000241637 9.9991E-005 0.944058
0.106832 9.9982E-005 9.9982E-005 0.892968
0.11324 0.234658 0.406268 0.245835
0.117177 0.233951 0.388654 0.260218
0.0934674 0.195068 0.386766 0.324699
0.43583 0.0641495 0.0461511 0.453869
0.462284 0.0656859 0.0409806 0.431049
0.349492 0.120327 0.0842466 0.445935
0.429076 0.127019 0.0447169 0.399188
