0.0319664 0.032004 0.920124 0.0060455 0.00976018 9.9991E-005
9.99641E-005 9.99641E-005 0.991643 0.00795763 9.99641E-005 9.99641E-005
9.99641E-005 9.99641E-005 0.958903 0.0406971 9.99641E-005 9.99641E-005
0.0990102 0.0523804 0.768795 0.0539239 0.0257902 9.9991E-005
0.091744 9.99731E-005 0.894883 0.0130733 9.99731E-005 9.99731E-005
9.996E-005 9.996E-005 0.9995 9.996E-005 9.996E-005 9.996E-005
9.9964E-005 9.9964E-005 0.99837 0.00123031 9.9964E-005 9.9964E-005
0.0731889 0.0895802 0.784203 9.9982E-005 0.0528279 9.9982E-005
9.9973E-005 0.0477879 0.870997 9.9973E-005 9.9973E-005 0.080915
9.99641E-005 9.99641E-005 0.89691 9.99641E-005 9.99641E-005 0.10269
9.99641E-005 9.99641E-005 0.919045 9.99641E-005 9.99641E-005 0.0805551
0.226697 9.99821E-005 0.649273 0.118866 0.00496419 9.99821E-005
0.129884 0.089664 0.705578 0.0486375 0.0212933 0.00494282
0.193324 9.99821E-005 0.71305 9.99821E-005 0.0295672 0.0638589
0.129463 0.23958 0.465684 0.0544632 0.0619663 0.0488429
0.204557 0.0882576 0.61033 0.0530228 0.0437325 9.9991E-005
0.192448 0.0550832 0.683137 0.0691322 9.9982E-005 9.9982E-005
0.289178 0.0773181 0.597646 0.0356586 9.9982E-005 9.9982E-005
0.137283 9.9991E-005 0.145625 0.705814 0.00525009 0.00592849
0.279967 9.99821E-005 0.274232 0.409588 9.99821E-005 0.0360134
0.269947 0.0457001 0.180347 0.503807 9.99821E-005 9.99821E-005
0.130525 9.9991E-005 0.242388 0.550467 0.00440679 0.0721138
0.179795 0.0650787 0.202094 0.448723 9.9991E-005 0.104209
9.996E-005 9.996E-005 9.996E-005 0.9995 9.996E-005 9.996E-005
9.996E-005 9.996E-005 9.996E-005 0.9995 9.996E-005 9.996E-005
9.996E-005 9.996E-005 9.996E-005 0.9995 9.996E-005 9.996E-005
0.286401 0.0515398 0.172717 0.386938 0.0305697 0.0718335
9.9973E-005 9.9973E-005 0.0509873 0.929954 0.0187593 9.9973E-005
0.189596 0.131356 0.254642 0.394889 0.0294175 9.9991E-005
9.996E-005 9.996E-005 9.996E-005 0.9995 9.996E-005 9.996E-005
0.107584 0.0104425 0.314708 0.49712 0.034571 0.0355748
9.996E-005 9.996E-005 9.996E-005 0.9995 9.996E-005 9.996E-005
0.312492 9.9991E-005 0.19374 0.462383 0.00415017 0.0271349
0.149911 9.9991E-005 0.186376 0.596464 0.0151296 0.0520195
0.262744 9.9991E-005 0.143392 0.46701 0.0540331 0.0727201
0.188105 0.00706792 0.254602 0.50915 0.040975 9.9991E-005
0.13615 0.0991661 0.266483 0.429932 0.0221516 0.0461174
0.813396 9.99821E-005 0.123968 9.99821E-005 0.0285021 0.033934
0.9995 9.996E-005 9.996E-005 9.996E-005 9.996E-005 9.996E-005
0.896389 9.9991E-005 0.0137912 0.0346235 0.0321461 0.0229505
0.987726 9.99641E-005 0.0118737 9.99641E-005 9.99641E-005 9.99641E-005
0.942989 9.9982E-005 0.0118572 0.0228318 0.0221225 9.9982E-005
0.9995 9.996E-005 9.996E-005 9.996E-005 9.996E-005 9.996E-005
0.9995 9.996E-005 9.996E-005 9.996E-005 9.996E-005 9.996E-005
0.911143 0.0490515 0.0204478 0.0191575 9.9982E-005 9.9982E-005
0.990354 9.99641E-005 9.99641E-005 0.0092461 9.99641E-005 9.99641E-005
0.133027 0.449205 0.162692 0.0325479 0.0534127 0.169115
9.996E-005 0.9995 9.996E-005 9.996E-005 9.996E-005 9.996E-005
0.0296569 0.805946 9.99821E-005 0.00542417 9.99821E-005 0.158773
0.130329 0.68608 0.00508681 9.9991E-005 0.129721 0.0486835
9.9964E-005 0.795709 9.9964E-005 9.9964E-005 9.9964E-005 0.203891
0.0486133 0.794603 9.9982E-005 0.0197206 0.136863 9.9982E-005
0.0924022 0.604761 0.0377355 0.0391459 0.132862 0.0930934
0.166885 0.58856 0.0592427 0.0294197 0.0876349 0.0682579
9.9982E-005 0.678365 0.127801 9.9982E-005 0.078684 0.11495
0.0346372 0.758088 0.10154 9.9991E-005 0.0681696 0.0374651
0.0716271 0.59656 0.0443369 0.0698123 0.143776 0.0738868
9.9982E-005 0.686763 0.141757 9.9982E-005 0.148704 0.0225756
9.9982E-005 0.757103 0.0255075 9.9982E-005 0.112176 0.105014
0.0120665 0.763918 0.0277513 0.0199111 0.113811 0.0625424
0.00408578 0.361571 0.112059 0.0856086 0.314494 0.122181
0.0656852 0.402208 0.0715653 0.0534774 0.345313 0.0617516
0.0835592 0.408591 0.0720909 0.0458424 0.321506 0.0684104
9.9991E-005 0.130264 0.0105097 0.0198537 0.623513 0.215759
0.0104619 0.0304691 9.9991E-005 0.0734331 0.51483 0.370706
9.996E-005 9.996E-005 9.996E-005 9.996E-005 0.9995 9.996E-005
9.996E-005 9.996E-005 9.996E-005 9.996E-005 0.9995 9.996E-005
0.0362166 0.116654 0.0240787 0.0191075 0.616796 0.187148
9.9982E-005 0.121518 9.9982E-005 0.00483723 0.585632 0.287813
9.9973E-005 9.9973E-005 0.0117055 0.000159468 0.987835 9.9973E-005
9.996E-005 9.996E-005 9.996E-005 9.996E-005 0.9995 9.996E-005
9.9991E-005 0.162042 0.0365499 0.0427813 0.586224 0.172303
9.996E-005 9.996E-005 9.996E-005 9.996E-005 0.9995 9.996E-005
9.996E-005 9.996E-005 9.996E-005 9.996E-005 0.9995 9.996E-005
9.996E-005 9.996E-005 9.996E-005 9.996E-005 0.9995 9.996E-005
9.996E-005 9.996E-005 9.996E-005 9.996E-005 0.9995 9.996E-005
9.9964E-005 9.9964E-005 9.9964E-005 0.0192227 0.980377 9.9964E-005
0.32052 9.9991E-005 0.262792 0.346673 0.00575433 0.0641608
0.944402 9.9973E-005 0.0229412 0.0323564 9.9973E-005 9.9973E-005
0.946022 9.99641E-005 9.99641E-005 0.053578 9.99641E-005 9.99641E-005
9.99641E-005 9.99641E-005 9.99641E-005 9.99641E-005 0.0346299 0.96497
9.99641E-005 9.99641E-005 9.99641E-005 9.99641E-005 0.0572805 0.94232
9.99641E-005 9.99641E-005 9.99641E-005 9.99641E-005 0.0423302 0.95727
0.00615062 9.99641E-005 9.99641E-005 9.99641E-005 9.99641E-005 0.99345
9.99731E-005 0.00590131 9.99731E-005 9.99731E-005 0.021355 0.972444
9.9973E-005 9.9973E-005 9.9973E-005 0.0302783 0.00718418 0.962238
9.99731E-005 9.99731E-005 9.99731E-005 0.0547791 0.00318681 0.941734
9.99821E-005 0.0120508 0.0234113 9.99821E-005 0.0270393 0.937299
0.00494419 0.00474263 9.99821E-005 0.0377752 9.99821E-005 0.952338
9.99641E-005 9.99641E-005 0.0481854 9.99641E-005 9.99641E-005 0.951415
9.99731E-005 9.99731E-005 9.99731E-005 0.00126971 0.0079294 0.990501
9.99821E-005 0.0536899 9.99821E-005 0.00273618 0.0327612 0.910613
9.99641E-005 9.99641E-005 0.0183898 9.99641E-005 9.99641E-005 0.98121
9.99641E-005 9.99641E-005 9.99641E-005 9.99641E-005 0.031001 0.968599
9.99641E-005 9.99641E-005 0.00982615 9.99641E-005 9.99641E-005 0.989774
0.00121165 0.000593995 0.0349674 0.0281018 9.9991E-005 0.935025
9.99641E-005 9.99641E-005 9.99641E-005 9.99641E-005 0.0617485 0.937852
0.0254787 9.99731E-005 9.99731E-005 9.99731E-005 0.0138062 0.960415
9.99731E-005 0.0247016 9.99731E-005 9.99731E-005 0.00501242 0.969986
9.99821E-005 9.99821E-005 0.0192327 0.0373882 0.0183604 0.924819
9.99731E-005 9.99731E-005 9.99731E-005 0.00556906 0.0184575 0.975673
0.0230321 9.9982E-005 0.0223921 9.9982E-005 0.0245868 0.929789
9.99641E-005 9.99641E-005 0.0179876 9.99641E-005 9.99641E-005 0.981613
9.9973E-005 0.105262 9.9973E-005 0.0106156 9.9973E-005 0.883823
9.99641E-005 9.99641E-005 9.99641E-005 9.99641E-005 0.0074843 0.992116
9.9982E-005 0.0255945 0.0239954 0.0151229 9.9982E-005 0.935087
9.9982E-005 0.102848 9.9982E-005 0.0450479 0.60285 0.249055
0.0340149 0.184845 0.0657076 0.161297 0.382015 0.172121
0.046106 0.0880846 0.00433887 0.0455652 0.447632 0.368273
0.61375 9.99821E-005 0.27571 0.0375394 0.072801 9.99821E-005
0.71775 9.9982E-005 0.263238 0.00395461 9.9982E-005 0.0148581
0.650859 0.0186868 0.264725 0.0383066 0.0273226 9.9991E-005
0.606843 9.9982E-005 0.315012 0.0707344 0.00721025 9.9982E-005
0.71864 9.99731E-005 0.246014 9.99731E-005 0.0350461 9.99731E-005
0.649382 9.99731E-005 0.337545 0.0127734 9.99731E-005 9.99731E-005
0.569356 0.0532076 0.243028 0.0917114 0.0425979 9.9991E-005
0.995156 9.99641E-005 9.99641E-005 0.00444396 9.99641E-005 9.99641E-005
0.9995 9.996E-005 9.996E-005 9.996E-005 9.996E-005 9.996E-005
0.880667 9.99731E-005 9.99731E-005 0.0918333 0.0272 9.99731E-005
0.319272 9.99731E-005 9.99731E-005 0.175773 9.99731E-005 0.504655
0.106707 0.177498 0.504019 0.136756 9.9991E-005 0.07492
0.00289467 0.60194 0.133512 0.0519274 0.0121892 0.197537
0.00194457 0.511388 9.9991E-005 0.0430314 0.269678 0.173858
9.9991E-005 0.421903 0.151851 0.0291338 0.335947 0.0610649
9.99642E-005 0.367033 9.99642E-005 9.99642E-005 9.99642E-005 0.632567
0.00514199 9.99821E-005 9.99821E-005 0.0133724 0.00933055 0.971955
0.0234826 9.99641E-005 9.99641E-005 9.99641E-005 9.99641E-005 0.976118
9.9991E-005 0.0355046 0.0272562 0.0105482 0.00545117 0.92114
0.0029019 9.99641E-005 9.99641E-005 9.99641E-005 9.99641E-005 0.996698
9.9973E-005 0.0472624 9.9973E-005 0.00134456 9.9973E-005 0.951093
9.99731E-005 0.0212947 9.99731E-005 9.99731E-005 0.0254777 0.952928
0.00610015 9.99821E-005 0.00923797 9.99821E-005 0.0200958 0.964366
9.996E-005 9.996E-005 9.996E-005 9.996E-005 9.996E-005 0.9995
0.0396034 9.99731E-005 9.99731E-005 9.99731E-005 0.0101959 0.949901
9.99641E-005 9.99641E-005 9.99641E-005 9.99641E-005 0.0541496 0.945451
0.00756973 9.99641E-005 9.99641E-005 9.99641E-005 9.99641E-005 0.99203
0.016784 9.9982E-005 9.9982E-005 0.00257878 0.0246023 0.955835
0.0478422 9.99731E-005 9.99731E-005 0.0159699 9.99731E-005 0.935888
9.99641E-005 9.99641E-005 9.99641E-005 0.0470341 9.99641E-005 0.952566
9.99641E-005 0.0673352 9.99641E-005 9.99641E-005 9.99641E-005 0.932265
0.289646 9.9991E-005 0.276748 0.319616 0.0902888 0.0236009
0.241271 9.9991E-005 0.334748 0.342235 0.0342342 0.047412
0.236713 9.9991E-005 0.337491 0.346345 0.0549906 0.0243605
0.9995 9.996E-005 9.996E-005 9.996E-005 9.996E-005 9.996E-005
0.983846 9.99641E-005 9.99641E-005 0.0157543 9.99641E-005 9.99641E-005
0.998722 0.000878375 9.99641E-005 9.99641E-005 9.99641E-005 9.99641E-005
0.947398 0.00395622 9.99731E-005 0.0483462 9.99731E-005 9.99731E-005
0.0117223 0.554556 0.0550167 0.0321306 0.30021 0.0463647
0.0461686 0.522965 0.0335742 0.041011 0.292217 0.0640645
0.10499 0.392457 0.0680666 0.0419167 0.321101 0.0714685
0.259507 0.0107909 0.275238 0.368866 0.015581 0.0700168
0.247963 0.070246 0.27878 0.36322 0.014636 0.0251553
0.187726 0.0344767 0.349955 0.264557 0.0582461 0.105039
0.187847 0.0542249 0.277824 0.350416 0.0351875 0.0945003
