0.942889 9.98832E-005 9.98832E-005 9.98832E-005 9.98832E-005 9.98832E-005 9.98832E-005 9.98832E-005 9.98832E-005 9.98832E-005 9.98832E-005 9.98832E-005 9.98832E-005 0.0558124 9.98832E-005
0.815571 9.98832E-005 9.98832E-005 9.98832E-005 9.98832E-005 9.98832E-005 9.98832E-005 9.98832E-005 9.98832E-005 9.98832E-005 9.98832E-005 9.98832E-005 0.183131 9.98832E-005 9.98832E-005
0.987084 9.98832E-005 9.98832E-005 9.98832E-005 9.98832E-005 9.98832E-005 9.98832E-005 9.98832E-005 9.98832E-005 9.98832E-005 0.0116175 9.98832E-005 9.98832E-005 9.98832E-005 9.98832E-005
0.515035 0.0828756 9.99192E-005 0.0430316 9.99192E-005 9.99192E-005 9.99192E-005 0.112284 0.0246379 9.99192E-005 9.99192E-005 9.99192E-005 0.221237 9.99192E-005 9.99192E-005
0.961522 9.98832E-005 9.98832E-005 9.98832E-005 9.98832E-005 9.98832E-005 9.98832E-005 9.98832E-005 9.98832E-005 0.0371796 9.98832E-005 9.98832E-005 9.98832E-005 9.98832E-005 9.98832E-005
0.491115 9.98831E-005 9.98831E-005 9.98831E-005 9.98831E-005 9.98831E-005 9.98831E-005 9.98831E-005 9.98831E-005 9.98831E-005 9.98831E-005 9.98831E-005 0.507586 9.98831E-005 9.98831E-005
0.998602 9.98742E-005 9.98742E-005 9.98742E-005 9.98742E-005 9.98742E-005 9.98742E-005 9.98742E-005 9.98742E-005 9.98742E-005 9.98742E-005 9.98742E-005 9.98742E-005 9.98742E-005 9.98742E-005
0.0270537 9.99102E-005 9.99102E-005 9.99102E-005 9.99102E-005 9.99102E-005 0.0085919 9.99102E-005 9.99102E-005 0.066216 9.99102E-005 9.99102E-005 0.844638 9.99102E-005 0.0525008
9.98737E-005 9.98737E-005 9.98737E-005 9.98737E-005 9.98737E-005 9.98737E-005 9.98737E-005 9.98737E-005 9.98737E-005 9.98737E-005 9.98737E-005 9.98737E-005 0.998602 9.98737E-005 9.98737E-005
9.9874E-005 9.9874E-005 9.9874E-005 9.9874E-005 9.9874E-005 9.9874E-005 9.9874E-005 9.9874E-005 9.9874E-005 9.9874E-005 9.9874E-005 9.9874E-005 0.998602 9.9874E-005 9.9874E-005
0.411587 9.98923E-005 9.98923E-005 9.98923E-005 9.98923E-005 9.98923E-005 9.98923E-005 9.98923E-005 9.98923E-005 9.98923E-005 9.98923E-005 0.0681074 0.519107 9.98923E-005 9.98923E-005
0.659955 0.0123463 9.99372E-005 0.164104 0.0251762 9.99372E-005 9.99372E-005 0.00441101 9.99372E-005 0.110179 9.99372E-005 9.99372E-005 9.99372E-005 0.00092179 0.0222065
0.697784 0.0676431 0.00412422 0.0307452 9.99461E-005 9.99461E-005 9.99461E-005 0.017123 9.99461E-005 9.99461E-005 0.0322106 0.00240842 9.99461E-005 0.00902924 0.138333
0.585132 0.113736 0.016325 9.99283E-005 9.99283E-005 0.0220998 9.99283E-005 9.99283E-005 9.99283E-005 9.99283E-005 0.0832019 9.99283E-005 0.0786652 0.100041 9.99283E-005
0.385236 0.140789 9.99282E-005 0.0312534 9.99282E-005 0.0177672 9.99282E-005 0.346753 9.99282E-005 9.99282E-005 9.99282E-005 0.0659274 9.99282E-005 9.99282E-005 0.0114752
0.555845 9.99282E-005 9.99282E-005 0.156876 9.99282E-005 0.0101456 9.99282E-005 0.105646 9.99282E-005 0.0756927 0.0832665 0.0117289 9.99282E-005 9.99282E-005 9.99282E-005
0.519385 9.99282E-005 9.99282E-005 0.126782 9.99282E-005 9.99282E-005 0.00120917 9.99282E-005 9.99282E-005 0.112635 0.0460618 9.99282E-005 0.0459587 0.147169 9.99282E-005
0.612422 9.99281E-005 9.99281E-005 0.0750163 9.99281E-005 9.99281E-005 0.0104033 0.0471342 9.99281E-005 0.0871116 0.135166 0.0319477 9.99281E-005 9.99281E-005 9.99281E-005
0.0935537 9.99282E-005 9.99282E-005 0.224483 0.536518 9.99282E-005 9.99282E-005 0.0153435 9.99282E-005 0.0464512 0.0718489 9.99282E-005 9.99282E-005 0.0110024 9.99282E-005
0.0420945 0.0359483 9.99192E-005 0.797547 0.0402378 9.99192E-005 9.99192E-005 9.99192E-005 9.99192E-005 9.99192E-005 9.99192E-005 9.99192E-005 0.0333298 0.0499435 9.99192E-005
9.98923E-005 0.0832021 9.98923E-005 0.832022 0.0835776 9.98923E-005 9.98923E-005 9.98923E-005 9.98923E-005 9.98923E-005 9.98923E-005 9.98923E-005 9.98923E-005 9.98923E-005 9.98923E-005
0.0665395 0.00784611 9.99192E-005 0.619386 0.228787 9.99192E-005 9.99192E-005 0.0666355 9.99192E-005 0.00990665 9.99192E-005 9.99192E-005 9.99192E-005 9.99192E-005 9.99192E-005
9.99102E-005 0.00238398 0.00285684 0.887005 0.0429501 9.99102E-005 9.99102E-005 9.99102E-005 9.99102E-005 9.99102E-005 9.99102E-005 0.0638052 9.99102E-005 9.99102E-005 9.99102E-005
9.9874E-005 9.9874E-005 9.9874E-005 9.9874E-005 0.998602 9.9874E-005 9.9874E-005 9.9874E-005 9.9874E-005 9.9874E-005 9.9874E-005 9.9874E-005 9.9874E-005 9.9874E-005 9.9874E-005
9.98742E-005 9.98742E-005 9.98742E-005 9.98742E-005 0.998602 9.98742E-005 9.98742E-005 9.98742E-005 9.98742E-005 9.98742E-005 9.98742E-005 9.98742E-005 9.98742E-005 9.98742E-005 9.98742E-005
9.98742E-005 9.98742E-005 9.98742E-005 9.98742E-005 0.998602 9.98742E-005 9.98742E-005 9.98742E-005 9.98742E-005 9.98742E-005 9.98742E-005 9.98742E-005 9.98742E-005 9.98742E-005 9.98742E-005
9.99103E-005 9.99103E-005 9.99103E-005 0.645864 0.0572145 0.0096607 9.99103E-005 0.146092 9.99103E-005 0.140169 9.99103E-005 9.99103E-005 9.99103E-005 9.99103E-005 9.99103E-005
0.0315414 9.99011E-005 9.99011E-005 0.189914 0.738685 9.99011E-005 9.99011E-005 9.99011E-005 0.0387605 9.99011E-005 9.99011E-005 9.99011E-005 9.99011E-005 9.99011E-005 9.99011E-005
0.0159786 9.99103E-005 9.99103E-005 0.917303 0.0100769 9.99103E-005 9.99103E-005 9.99103E-005 9.99103E-005 9.99103E-005 0.00970788 9.99103E-005 9.99103E-005 0.0459348 9.99103E-005
9.98742E-005 9.98742E-005 9.98742E-005 9.98742E-005 0.998602 9.98742E-005 9.98742E-005 9.98742E-005 9.98742E-005 9.98742E-005 9.98742E-005 9.98742E-005 9.98742E-005 9.98742E-005 9.98742E-005
9.99102E-005 9.99102E-005 9.99102E-005 0.634992 0.171134 9.99102E-005 9.99102E-005 0.00851352 9.99102E-005 9.99102E-005 9.99102E-005 9.99102E-005 0.112951 9.99102E-005 0.0714092
9.98833E-005 9.98833E-005 9.98833E-005 9.98833E-005 0.99692 9.98833E-005 9.98833E-005 9.98833E-005 9.98833E-005 9.98833E-005 9.98833E-005 0.00178178 9.98833E-005 9.98833E-005 9.98833E-005
9.99013E-005 9.99013E-005 9.99013E-005 0.776183 0.0911681 9.99013E-005 9.99013E-005 9.99013E-005 9.99013E-005 0.0220089 0.109542 9.99013E-005 9.99013E-005 9.99013E-005 9.99013E-005
9.99192E-005 9.99192E-005 9.99192E-005 0.646638 0.263594 0.00267096 9.99192E-005 0.0257642 9.99192E-005 0.0102044 9.99192E-005 9.99192E-005 0.0502295 9.99192E-005 9.99192E-005
9.99461E-005 0.0521816 0.0136796 0.640687 0.164048 0.00102954 9.99461E-005 0.0166441 9.99461E-005 9.99461E-005 0.00220234 9.99461E-005 0.0433739 9.99461E-005 0.0655542
9.99102E-005 0.0395343 9.99102E-005 0.811692 0.128528 9.99102E-005 9.99102E-005 0.0102789 9.99102E-005 9.99102E-005 9.99102E-005 9.99102E-005 0.00896765 9.99102E-005 9.99102E-005
9.99461E-005 9.99461E-005 0.00279071 0.708922 0.105257 0.00937819 0.0160287 0.0155575 9.99461E-005 0.0192226 9.99461E-005 9.99461E-005 0.0525658 0.0696777 9.99461E-005
0.0750072 9.99103E-005 0.0402405 0.00127845 9.99103E-005 9.99103E-005 9.99103E-005 9.99103E-005 9.99103E-005 0.867764 9.99103E-005 9.99103E-005 9.99103E-005 9.99103E-005 0.0147105
9.98832E-005 0.174438 9.98832E-005 9.98832E-005 9.98832E-005 9.98832E-005 9.98832E-005 9.98832E-005 9.98832E-005 0.824264 9.98832E-005 9.98832E-005 9.98832E-005 9.98832E-005 9.98832E-005
9.99372E-005 0.0400171 0.00936745 9.99372E-005 0.00508578 0.00405006 9.99372E-005 0.000472246 0.035628 0.874514 0.0301656 9.99372E-005 9.99372E-005 9.99372E-005 9.99372E-005
9.98834E-005 9.98834E-005 9.98834E-005 9.98834E-005 9.98834E-005 9.98834E-005 0.0013907 9.98834E-005 9.98834E-005 0.997311 9.98834E-005 9.98834E-005 9.98834E-005 9.98834E-005 9.98834E-005
9.99103E-005 9.99103E-005 9.99103E-005 9.99103E-005 0.0209168 0.00479309 0.00205124 9.99103E-005 9.99103E-005 0.923231 0.0480086 9.99103E-005 9.99103E-005 9.99103E-005 9.99103E-005
9.98922E-005 0.0849882 9.98922E-005 9.98922E-005 9.98922E-005 9.98922E-005 9.98922E-005 9.98922E-005 9.98922E-005 0.910348 9.98922E-005 9.98922E-005 9.98922E-005 0.00346562 9.98922E-005
9.98834E-005 9.98834E-005 9.98834E-005 9.98834E-005 9.98834E-005 9.98834E-005 9.98834E-005 9.98834E-005 9.98834E-005 0.894408 0.104294 9.98834E-005 9.98834E-005 9.98834E-005 9.98834E-005
0.0359673 0.413762 9.99192E-005 9.99192E-005 0.0152658 9.99192E-005 9.99192E-005 0.0969424 9.99192E-005 0.389523 0.0476407 9.99192E-005 9.99192E-005 9.99192E-005 9.99192E-005
9.98833E-005 0.0851356 9.98833E-005 9.98833E-005 9.98833E-005 9.98833E-005 9.98833E-005 9.98833E-005 9.98833E-005 0.913566 9.98833E-005 9.98833E-005 9.98833E-005 9.98833E-005 9.98833E-005
0.0470489 0.0470194 9.99282E-005 9.99282E-005 0.0150848 9.99282E-005 9.99282E-005 0.839752 9.99282E-005 9.99282E-005 0.00953362 9.99282E-005 0.0118902 9.99282E-005 0.0288712
9.98702E-005 9.98702E-005 9.98702E-005 9.98702E-005 9.98702E-005 9.98702E-005 0.998602 9.98702E-005 9.98702E-005 9.98702E-005 9.98702E-005 9.98702E-005 9.98702E-005 9.98702E-005 9.98702E-005
9.98922E-005 9.98922E-005 9.98922E-005 9.98922E-005 9.98922E-005 9.98922E-005 0.00924851 9.98922E-005 9.98922E-005 0.0296651 9.98922E-005 0.959888 9.98922E-005 9.98922E-005 9.98922E-005
9.98923E-005 9.98923E-005 9.98923E-005 9.98923E-005 9.98923E-005 0.00468879 9.98923E-005 9.98923E-005 9.98923E-005 9.98923E-005 0.0626947 9.98923E-005 9.98923E-005 0.931418 9.98923E-005
9.9892E-005 9.9892E-005 9.9892E-005 9.9892E-005 9.9892E-005 9.9892E-005 9.9892E-005 0.0666661 9.9892E-005 9.9892E-005 9.9892E-005 0.747429 9.9892E-005 0.184707 9.9892E-005
9.98741E-005 9.98741E-005 9.98741E-005 9.98741E-005 9.98741E-005 9.98741E-005 9.98741E-005 9.98741E-005 9.98741E-005 9.98741E-005 9.98741E-005 9.98741E-005 9.98741E-005 0.998602 9.98741E-005
9.98833E-005 0.0225224 9.98833E-005 9.98833E-005 9.98833E-005 9.98833E-005 9.98833E-005 0.976179 9.98833E-005 9.98833E-005 9.98833E-005 9.98833E-005 9.98833E-005 9.98833E-005 9.98833E-005
0.0345001 0.0552239 9.99192E-005 9.99192E-005 0.00187062 9.99192E-005 9.99192E-005 0.874227 0.0011799 0.032099 9.99192E-005 9.99192E-005 9.99192E-005 9.99192E-005 9.99192E-005
9.98751E-005 9.98751E-005 9.98751E-005 9.98751E-005 9.98751E-005 9.98751E-005 9.98751E-005 9.98751E-005 9.98751E-005 9.98751E-005 9.98751E-005 9.98751E-005 9.98751E-005 0.998602 9.98751E-005
9.98834E-005 9.98834E-005 9.98834E-005 9.98834E-005 9.98834E-005 9.98834E-005 0.00277048 9.98834E-005 9.98834E-005 9.98834E-005 9.98834E-005 9.98834E-005 9.98834E-005 0.995931 9.98834E-005
9.99191E-005 9.99191E-005 9.99191E-005 9.99191E-005 0.0321288 0.0356716 9.99191E-005 0.742515 0.00451049 9.99191E-005 0.0307664 9.99191E-005 9.99191E-005 0.153509 9.99191E-005
0.00394503 9.99102E-005 9.99102E-005 9.99102E-005 9.99102E-005 0.0153725 9.99102E-005 0.136328 9.99102E-005 9.99102E-005 9.99102E-005 9.99102E-005 0.0138272 0.829528 9.99102E-005
9.98742E-005 9.98742E-005 9.98742E-005 9.98742E-005 9.98742E-005 9.98742E-005 9.98742E-005 0.998602 9.98742E-005 9.98742E-005 9.98742E-005 9.98742E-005 9.98742E-005 9.98742E-005 9.98742E-005
9.98742E-005 9.98742E-005 9.98742E-005 9.98742E-005 9.98742E-005 9.98742E-005 9.98742E-005 0.998602 9.98742E-005 9.98742E-005 9.98742E-005 9.98742E-005 9.98742E-005 9.98742E-005 9.98742E-005
9.98923E-005 9.98923E-005 9.98923E-005 0.0287267 0.00248686 9.98923E-005 9.98923E-005 9.98923E-005 9.98923E-005 9.98923E-005 9.98923E-005 9.98923E-005 9.98923E-005 9.98923E-005 0.967588
9.99012E-005 9.99012E-005 9.99012E-005 0.0681979 9.99012E-005 0.0284389 9.99012E-005 9.99012E-005 9.99012E-005 9.99012E-005 9.99012E-005 9.99012E-005 0.0171429 9.99012E-005 0.885121
9.99192E-005 0.0770618 9.99192E-005 9.99192E-005 9.99192E-005 9.99192E-005 0.00231551 9.99192E-005 0.0743334 9.99192E-005 9.99192E-005 9.99192E-005 0.0291288 0.029378 0.786883
9.98743E-005 9.98743E-005 9.98743E-005 9.98743E-005 9.98743E-005 9.98743E-005 9.98743E-005 9.98743E-005 0.998602 9.98743E-005 9.98743E-005 9.98743E-005 9.98743E-005 9.98743E-005 9.98743E-005
9.98923E-005 9.98923E-005 0.0998956 9.98923E-005 0.0159625 9.98923E-005 9.98923E-005 9.98923E-005 0.882943 9.98923E-005 9.98923E-005 9.98923E-005 9.98923E-005 9.98923E-005 9.98923E-005
9.99014E-005 0.00767396 9.99014E-005 9.99014E-005 9.99014E-005 0.975765 9.99014E-005 0.00928398 9.99014E-005 9.99014E-005 9.99014E-005 9.99014E-005 9.99014E-005 0.00617792 9.99014E-005
9.98742E-005 9.98742E-005 9.98742E-005 9.98742E-005 9.98742E-005 0.998602 9.98742E-005 9.98742E-005 9.98742E-005 9.98742E-005 9.98742E-005 9.98742E-005 9.98742E-005 9.98742E-005 9.98742E-005
0.00893359 0.0344138 9.99193E-005 9.99193E-005 9.99193E-005 0.084004 9.99193E-005 9.99193E-005 0.838477 9.99193E-005 9.99193E-005 9.99193E-005 9.99193E-005 0.0264348 0.00683772
9.98833E-005 9.98833E-005 9.98833E-005 9.98833E-005 9.98833E-005 9.98833E-005 9.98833E-005 0.0343134 0.964388 9.98833E-005 9.98833E-005 9.98833E-005 9.98833E-005 9.98833E-005 9.98833E-005
9.99192E-005 9.99192E-005 9.99192E-005 0.0122153 9.99192E-005 0.910922 9.99192E-005 9.99192E-005 0.0290359 0.0257708 0.00842327 9.99192E-005 9.99192E-005 9.99192E-005 0.0127331
9.98743E-005 9.98743E-005 9.98743E-005 9.98743E-005 9.98743E-005 0.998602 9.98743E-005 9.98743E-005 9.98743E-005 9.98743E-005 9.98743E-005 9.98743E-005 9.98743E-005 9.98743E-005 9.98743E-005
9.98832E-005 9.98832E-005 9.98832E-005 9.98832E-005 9.98832E-005 9.98832E-005 0.00431819 9.98832E-005 0.994383 9.98832E-005 9.98832E-005 9.98832E-005 9.98832E-005 9.98832E-005 9.98832E-005
9.99103E-005 0.0161442 9.99103E-005 9.99103E-005 0.00252001 0.973201 9.99103E-005 0.00257091 9.99103E-005 9.99103E-005 9.99103E-005 9.99103E-005 9.99103E-005 0.00456499 9.99103E-005
9.99011E-005 9.99011E-005 9.99011E-005 9.99011E-005 9.99011E-005 0.915225 0.0121123 9.99011E-005 0.0511339 9.99011E-005 9.99011E-005 9.99011E-005 0.0204303 9.99011E-005 9.99011E-005
9.99013E-005 0.00247138 9.99013E-005 9.99013E-005 9.99013E-005 0.993879 0.000952941 9.99013E-005 9.99013E-005 9.99013E-005 0.00159733 9.99013E-005 9.99013E-005 9.99013E-005 9.99013E-005
9.98923E-005 9.98923E-005 9.98923E-005 9.98923E-005 9.98923E-005 0.851378 9.98923E-005 9.98923E-005 0.138823 9.98923E-005 9.98923E-005 9.98923E-005 9.98923E-005 9.98923E-005 0.00860081
9.98922E-005 9.98922E-005 0.0123536 9.98922E-005 0.0385584 0.947889 9.98922E-005 9.98922E-005 9.98922E-005 9.98922E-005 9.98922E-005 9.98922E-005 9.98922E-005 9.98922E-005 9.98922E-005
9.98924E-005 9.98924E-005 9.98924E-005 0.893034 9.98924E-005 9.98924E-005 9.98924E-005 9.98924E-005 9.98924E-005 0.0960859 0.00968163 9.98924E-005 9.98924E-005 9.98924E-005 9.98924E-005
9.99012E-005 9.99012E-005 9.99012E-005 9.99012E-005 0.0125803 9.99012E-005 9.99012E-005 9.99012E-005 0.00562219 0.979077 9.99012E-005 9.99012E-005 0.00162122 9.99012E-005 9.99012E-005
9.98922E-005 0.148759 9.98922E-005 9.98922E-005 0.0271664 9.98922E-005 9.98922E-005 9.98922E-005 9.98922E-005 0.822876 9.98922E-005 9.98922E-005 9.98922E-005 9.98922E-005 9.98922E-005
9.98923E-005 9.98923E-005 0.905732 9.98923E-005 9.98923E-005 0.0533017 9.98923E-005 9.98923E-005 9.98923E-005 9.98923E-005 9.98923E-005 9.98923E-005 9.98923E-005 0.0397677 9.98923E-005
9.99013E-005 9.99013E-005 0.857075 9.99013E-005 9.99013E-005 0.0661926 9.99013E-005 0.0477109 9.99013E-005 9.99013E-005 9.99013E-005 0.0279225 9.99013E-005 9.99013E-005 9.99013E-005
9.99014E-005 9.99014E-005 0.929217 9.99014E-005 9.99014E-005 0.0307042 9.99014E-005 9.99014E-005 0.0332496 9.99014E-005 9.99014E-005 0.00573025 9.99014E-005 9.99014E-005 9.99014E-005
9.99013E-005 9.99013E-005 0.914027 9.99013E-005 9.99013E-005 9.99013E-005 9.99013E-005 0.0611548 9.99013E-005 0.00208641 0.0216327 9.99013E-005 9.99013E-005 9.99013E-005 9.99013E-005
9.98924E-005 9.98924E-005 0.887165 9.98924E-005 9.98924E-005 9.98924E-005 9.98924E-005 0.0569735 9.98924E-005 9.98924E-005 9.98924E-005 9.98924E-005 9.98924E-005 9.98924E-005 0.0546625
9.99012E-005 9.99012E-005 0.854044 9.99012E-005 0.010685 9.99012E-005 9.99012E-005 9.99012E-005 0.133294 9.99012E-005 9.99012E-005 9.99012E-005 9.99012E-005 0.000878329 9.99012E-005
9.99104E-005 9.99104E-005 0.893638 0.0180002 0.0458727 9.99104E-005 9.99104E-005 9.99104E-005 0.0268703 9.99104E-005 9.99104E-005 0.0146196 9.99104E-005 9.99104E-005 9.99104E-005
9.99193E-005 0.0280748 0.868693 9.99193E-005 9.99193E-005 0.00130056 9.99193E-005 9.99193E-005 9.99193E-005 9.99193E-005 9.99193E-005 9.99193E-005 0.0173522 0.0727741 0.0109058
9.99013E-005 9.99013E-005 0.87967 0.064543 9.99013E-005 9.99013E-005 0.00633236 0.0483556 9.99013E-005 9.99013E-005 9.99013E-005 9.99013E-005 9.99013E-005 9.99013E-005 9.99013E-005
0.0169501 9.99191E-005 0.891052 9.99191E-005 9.99191E-005 9.99191E-005 0.00609985 0.0589782 9.99191E-005 0.0215185 9.99191E-005 9.99191E-005 9.99191E-005 9.99191E-005 0.00450229
9.99104E-005 9.99104E-005 0.939605 9.99104E-005 0.00673263 0.00652214 9.99104E-005 9.99104E-005 9.99104E-005 9.99104E-005 0.0248862 9.99104E-005 0.021255 9.99104E-005 9.99104E-005
9.99103E-005 9.99103E-005 0.825114 9.99103E-005 9.99103E-005 0.0183605 9.99103E-005 9.99103E-005 0.0277969 9.99103E-005 9.99103E-005 0.0527592 9.99103E-005 0.0749697 9.99103E-005
9.98923E-005 9.98923E-005 0.878981 9.98923E-005 9.98923E-005 9.98923E-005 9.98923E-005 0.100452 0.0193685 9.98923E-005 9.98923E-005 9.98923E-005 9.98923E-005 9.98923E-005 9.98923E-005
9.98922E-005 9.98922E-005 0.916338 9.98922E-005 9.98922E-005 0.0366236 9.98922E-005 9.98922E-005 9.98922E-005 9.98922E-005 9.98922E-005 9.98922E-005 9.98922E-005 0.0458392 9.98922E-005
9.99012E-005 9.99012E-005 0.893181 9.99012E-005 9.99012E-005 9.99012E-005 9.99012E-005 9.99012E-005 9.99012E-005 9.99012E-005 9.99012E-005 0.0138294 0.043986 9.99012E-005 0.047905
9.99282E-005 9.99282E-005 0.860133 0.0154149 0.0187176 9.99282E-005 9.99282E-005 9.99282E-005 9.99282E-005 9.99282E-005 0.0580072 0.0392216 9.99282E-005 0.00699216 0.000714636
9.99013E-005 9.99013E-005 0.885146 9.99013E-005 9.99013E-005 0.0793256 9.99013E-005 9.99013E-005 0.0123685 9.99013E-005 9.99013E-005 0.0220613 9.99013E-005 9.99013E-005 9.99013E-005
9.99193E-005 0.0301719 0.907616 9.99193E-005 9.99193E-005 0.0291927 9.99193E-005 9.99193E-005 9.99193E-005 9.99193E-005 0.00139542 0.0107395 0.0199854 9.99193E-005 9.99193E-005
9.99014E-005 9.99014E-005 0.932185 9.99014E-005 9.99014E-005 0.000729303 9.99014E-005 9.99014E-005 9.99014E-005 9.99014E-005 9.99014E-005 9.99014E-005 9.99014E-005 0.0237018 0.0422846
9.99282E-005 9.99282E-005 0.83516 0.0717999 9.99282E-005 9.99282E-005 0.00797422 0.00325369 0.0727694 9.99282E-005 9.99282E-005 0.00487444 0.00336942 9.99282E-005 9.99282E-005
9.99014E-005 9.99014E-005 0.911825 0.0226035 9.99014E-005 9.99014E-005 9.99014E-005 9.99014E-005 0.0470868 9.99014E-005 9.99014E-005 0.0173857 9.99014E-005 9.99014E-005 9.99014E-005
9.99282E-005 9.99282E-005 0.829085 9.99282E-005 9.99282E-005 0.0101743 9.99282E-005 0.0187349 0.0584697 9.99282E-005 0.0357291 0.0333147 9.99282E-005 9.99282E-005 0.013693
9.98923E-005 9.98923E-005 0.912182 9.98923E-005 9.98923E-005 9.98923E-005 9.98923E-005 9.98923E-005 9.98923E-005 9.98923E-005 9.98923E-005 0.0422713 0.0443482 9.98923E-005 9.98923E-005
9.99102E-005 9.99102E-005 0.820117 9.99102E-005 0.00850159 9.99102E-005 9.99102E-005 9.99102E-005 9.99102E-005 9.99102E-005 9.99102E-005 9.99102E-005 0.0174874 0.110628 0.0422669
9.98923E-005 9.98923E-005 0.924688 9.98923E-005 9.98923E-005 9.98923E-005 9.98923E-005 9.98923E-005 9.98923E-005 9.98923E-005 0.00370358 9.98923E-005 9.98923E-005 9.98923E-005 0.0704095
9.99192E-005 9.99192E-005 0.847852 9.99192E-005 0.00151353 9.99192E-005 0.000141206 9.99192E-005 9.99192E-005 9.99192E-005 9.99192E-005 0.0294712 0.0955656 0.0245573 9.99192E-005
9.98833E-005 9.98833E-005 9.98833E-005 9.98833E-005 9.98833E-005 9.98833E-005 9.98833E-005 9.98833E-005 0.929967 9.98833E-005 9.98833E-005 9.98833E-005 9.98833E-005 9.98833E-005 0.0687349
9.99101E-005 9.99101E-005 9.99101E-005 0.271324 9.99101E-005 9.99101E-005 9.99101E-005 9.99101E-005 0.619114 9.99101E-005 9.99101E-005 0.0475774 9.99101E-005 0.0268181 0.0341681
9.98925E-005 9.98925E-005 0.106455 9.98925E-005 9.98925E-005 9.98925E-005 9.98925E-005 9.98925E-005 0.84686 9.98925E-005 9.98925E-005 9.98925E-005 9.98925E-005 0.045486 9.98925E-005
0.0866524 9.99192E-005 9.99192E-005 0.0993177 9.99192E-005 0.0340137 0.00252168 9.99192E-005 9.99192E-005 0.108469 0.668126 9.99192E-005 9.99192E-005 9.99192E-005 9.99192E-005
9.98739E-005 9.98739E-005 9.98739E-005 9.98739E-005 9.98739E-005 9.98739E-005 9.98739E-005 9.98739E-005 9.98739E-005 9.98739E-005 0.998602 9.98739E-005 9.98739E-005 9.98739E-005 9.98739E-005
9.98924E-005 9.98924E-005 9.98924E-005 9.98924E-005 9.98924E-005 9.98924E-005 9.98924E-005 9.98924E-005 9.98924E-005 9.98924E-005 0.964572 9.98924E-005 0.0162926 0.017937 9.98924E-005
0.0215768 9.98922E-005 9.98922E-005 9.98922E-005 0.00698621 9.98922E-005 9.98922E-005 9.98922E-005 9.98922E-005 9.98922E-005 0.970238 9.98922E-005 9.98922E-005 9.98922E-005 9.98922E-005
9.98923E-005 0.0395196 9.98923E-005 9.98923E-005 9.98923E-005 9.98923E-005 9.98923E-005 9.98923E-005 9.98923E-005 0.031202 0.92808 9.98923E-005 9.98923E-005 9.98923E-005 9.98923E-005
9.98743E-005 9.98743E-005 9.98743E-005 9.98743E-005 9.98743E-005 9.98743E-005 9.98743E-005 9.98743E-005 9.98743E-005 9.98743E-005 0.998602 9.98743E-005 9.98743E-005 9.98743E-005 9.98743E-005
0.134584 9.99372E-005 9.99372E-005 0.0620204 0.0487828 0.0159485 0.00871075 0.0553454 9.99372E-005 0.239817 0.434091 9.99372E-005 9.99372E-005 9.99372E-005 9.99372E-005
9.98741E-005 0.998602 9.98741E-005 9.98741E-005 9.98741E-005 9.98741E-005 9.98741E-005 9.98741E-005 9.98741E-005 9.98741E-005 9.98741E-005 9.98741E-005 9.98741E-005 9.98741E-005 9.98741E-005
9.9874E-005 0.998602 9.9874E-005 9.9874E-005 9.9874E-005 9.9874E-005 9.9874E-005 9.9874E-005 9.9874E-005 9.9874E-005 9.9874E-005 9.9874E-005 9.9874E-005 9.9874E-005 9.9874E-005
0.0253163 0.848153 9.99282E-005 9.99282E-005 0.0723371 0.0151373 0.00513267 9.99282E-005 0.0024754 9.99282E-005 0.0306491 9.99282E-005 9.99282E-005 9.99282E-005 9.99282E-005
9.99103E-005 0.0727895 0.442491 0.348188 0.0120576 9.99103E-005 9.99103E-005 9.99103E-005 9.99103E-005 9.99103E-005 0.123475 9.99103E-005 9.99103E-005 9.99103E-005 9.99103E-005
0.184078 0.0406229 9.99551E-005 0.1346 0.0378672 9.99551E-005 0.00157175 0.268795 9.99551E-005 0.0122111 0.0455941 0.0359514 0.23821 9.99551E-005 9.99551E-005
0.110723 9.98919E-005 9.98919E-005 9.98919E-005 0.00485339 9.98919E-005 9.98919E-005 9.98919E-005 9.98919E-005 9.98919E-005 9.98919E-005 0.883225 9.98919E-005 9.98919E-005 9.98919E-005
9.99012E-005 9.99012E-005 0.060593 9.99012E-005 9.99012E-005 9.99012E-005 0.00114713 0.0417021 9.99012E-005 9.99012E-005 9.99012E-005 9.99012E-005 9.99012E-005 9.99012E-005 0.895459
0.048584 9.99013E-005 9.99013E-005 9.99013E-005 9.99013E-005 0.0334516 9.99013E-005 0.0386707 9.99013E-005 9.99013E-005 9.99013E-005 9.99013E-005 9.99013E-005 9.99013E-005 0.878195
9.98828E-005 9.98828E-005 0.0847127 9.98828E-005 9.98828E-005 9.98828E-005 9.98828E-005 9.98828E-005 9.98828E-005 9.98828E-005 9.98828E-005 0.913989 9.98828E-005 9.98828E-005 9.98828E-005
9.98901E-005 0.00997716 0.869936 9.98901E-005 9.98901E-005 9.98901E-005 9.98901E-005 0.0748334 0.0441548 9.98901E-005 9.98901E-005 9.98901E-005 9.98901E-005 9.98901E-005 9.98901E-005
9.98924E-005 9.98924E-005 0.939886 9.98924E-005 9.98924E-005 9.98924E-005 9.98924E-005 9.98924E-005 9.98924E-005 0.0286546 9.98924E-005 9.98924E-005 9.98924E-005 0.0302609 9.98924E-005
9.99372E-005 9.99372E-005 0.827028 9.99372E-005 0.00419761 9.99372E-005 0.00830738 0.054957 0.0279007 0.0335708 9.99372E-005 0.0298083 0.0135309 9.99372E-005 9.99372E-005
9.98923E-005 9.98923E-005 0.945807 9.98923E-005 9.98923E-005 9.98923E-005 9.98923E-005 9.98923E-005 9.98923E-005 0.0228988 9.98923E-005 0.0300958 9.98923E-005 9.98923E-005 9.98923E-005
9.98922E-005 9.98922E-005 0.866058 9.98922E-005 9.98922E-005 9.98922E-005 0.0125691 0.120174 9.98922E-005 9.98922E-005 9.98922E-005 9.98922E-005 9.98922E-005 9.98922E-005 9.98922E-005
9.99372E-005 9.99372E-005 0.885747 9.99372E-005 9.99372E-005 0.0258788 0.00455137 0.036934 0.00615467 9.99372E-005 9.99372E-005 0.00636047 0.00877181 9.99372E-005 0.0249025
0.0328738 9.99192E-005 0.888608 9.99192E-005 9.99192E-005 0.0298747 0.00273553 0.0289305 9.99192E-005 9.99192E-005 0.016078 9.99192E-005 9.99192E-005 9.99192E-005 9.99192E-005
9.99193E-005 9.99193E-005 0.970308 9.99193E-005 9.99193E-005 9.99193E-005 9.99193E-005 0.0025626 0.00916203 0.000186065 0.00490972 9.99193E-005 0.0119728 9.99193E-005 9.99193E-005
9.99192E-005 0.0105058 0.851263 9.99192E-005 9.99192E-005 9.99192E-005 9.99192E-005 9.99192E-005 0.0549783 0.0260046 9.99192E-005 0.0264157 9.99192E-005 0.0299338 9.99192E-005
9.99103E-005 0.00921746 0.880016 9.99103E-005 9.99103E-005 0.034585 9.99103E-005 9.99103E-005 0.0724591 9.99103E-005 9.99103E-005 0.00272297 9.99103E-005 9.99103E-005 9.99103E-005
9.99014E-005 9.99014E-005 0.932126 0.00765839 9.99014E-005 9.99014E-005 9.99014E-005 9.99014E-005 9.99014E-005 0.0163143 9.99014E-005 9.99014E-005 9.99014E-005 9.99014E-005 0.0428022
9.99103E-005 0.0305325 0.906206 0.037806 9.99103E-005 0.016867 9.99103E-005 9.99103E-005 0.00758957 9.99103E-005 9.99103E-005 9.99103E-005 9.99103E-005 9.99103E-005 9.99103E-005
9.99013E-005 9.99013E-005 0.865402 0.0927664 9.99013E-005 9.99013E-005 9.99013E-005 9.99013E-005 0.0273821 0.0133507 9.99013E-005 9.99013E-005 9.99013E-005 9.99013E-005 9.99013E-005
9.99103E-005 9.99103E-005 0.90326 0.0245861 0.0217744 9.99103E-005 9.99103E-005 9.99103E-005 9.99103E-005 9.99103E-005 9.99103E-005 0.00327221 9.99103E-005 0.0461083 9.99103E-005
9.99014E-005 9.99014E-005 0.843804 9.99014E-005 9.99014E-005 9.99014E-005 9.99014E-005 0.0801765 9.99014E-005 9.99014E-005 9.99014E-005 0.0538531 9.99014E-005 0.0210672 9.99014E-005
9.99193E-005 0.0660242 9.99193E-005 0.597095 0.0692715 0.0692315 9.99193E-005 9.99193E-005 9.99193E-005 9.99193E-005 0.123262 9.99193E-005 0.0742164 9.99193E-005 9.99193E-005
9.99102E-005 9.99102E-005 9.99102E-005 0.705972 0.0180886 9.99102E-005 9.99102E-005 9.99102E-005 0.00481206 0.0982193 9.99102E-005 9.99102E-005 0.171909 9.99102E-005 9.99102E-005
9.99192E-005 0.0116252 9.99192E-005 0.474627 0.102291 9.99192E-005 9.99192E-005 9.99192E-005 0.0330664 0.0853584 9.99192E-005 9.99192E-005 0.292132 9.99192E-005 9.99192E-005
9.98923E-005 0.852717 9.98923E-005 9.98923E-005 9.98923E-005 9.98923E-005 9.98923E-005 9.98923E-005 0.000346802 0.145737 9.98923E-005 9.98923E-005 9.98923E-005 9.98923E-005 9.98923E-005
9.99012E-005 0.741446 9.99012E-005 9.99012E-005 0.0121743 9.99012E-005 9.99012E-005 9.99012E-005 9.99012E-005 0.223945 9.99012E-005 9.99012E-005 0.0213358 9.99012E-005 9.99012E-005
9.98924E-005 0.949436 9.98924E-005 0.0223948 9.98924E-005 9.98924E-005 9.98924E-005 9.98924E-005 9.98924E-005 9.98924E-005 9.98924E-005 9.98924E-005 9.98924E-005 0.0269702 9.98924E-005
9.99282E-005 0.433706 9.99282E-005 0.0187746 0.0132907 9.99282E-005 9.99282E-005 0.0157609 9.99282E-005 0.467965 0.0250747 9.99282E-005 9.99282E-005 9.99282E-005 0.0246286
9.98834E-005 9.98834E-005 9.98834E-005 9.98834E-005 9.98834E-005 9.98834E-005 9.98834E-005 9.98834E-005 9.98834E-005 9.98834E-005 9.98834E-005 9.98834E-005 9.98834E-005 0.0183928 0.980309
9.98833E-005 9.98833E-005 9.98833E-005 9.98833E-005 0.00241487 9.98833E-005 9.98833E-005 9.98833E-005 9.98833E-005 9.98833E-005 9.98833E-005 9.98833E-005 9.98833E-005 9.98833E-005 0.996287
9.99103E-005 0.00443517 9.99103E-005 0.0111755 9.99103E-005 9.99103E-005 9.99103E-005 9.99103E-005 0.00286743 9.99103E-005 0.0524201 9.99103E-005 9.99103E-005 9.99103E-005 0.928103
0.0591027 0.108134 9.99372E-005 0.766732 0.0130156 9.99372E-005 0.00127245 9.99372E-005 0.0294767 9.99372E-005 0.00998397 9.99372E-005 9.99372E-005 0.0115825 9.99372E-005
9.99103E-005 0.0289617 9.99103E-005 0.868458 9.99103E-005 9.99103E-005 9.99103E-005 0.0168072 9.99103E-005 9.99103E-005 9.99103E-005 0.00275024 0.0820242 9.99103E-005 9.99103E-005
0.0675992 9.99282E-005 0.0313944 0.665959 9.99282E-005 0.00413373 9.99282E-005 9.99282E-005 9.99282E-005 0.102089 9.99282E-005 9.99282E-005 9.99282E-005 0.0740697 0.0539552
9.98923E-005 9.98923E-005 9.98923E-005 0.858758 9.98923E-005 9.98923E-005 9.98923E-005 9.98923E-005 9.98923E-005 9.98923E-005 9.98923E-005 0.0203703 9.98923E-005 9.98923E-005 0.119673
