9.99192E-005 9.99192E-005 0.873704 0.0653741 9.99192E-005 9.99192E-005 9.99192E-005 0.0237972 0.00067333 0.0355521 9.99192E-005 9.99192E-005 9.99192E-005 9.99192E-005
9.98922E-005 9.98922E-005 0.992522 9.98922E-005 9.98922E-005 9.98922E-005 9.98922E-005 9.98922E-005 0.00627883 9.98922E-005 9.98922E-005 9.98922E-005 9.98922E-005 9.98922E-005
9.99102E-005 9.99102E-005 0.858362 9.99102E-005 9.99102E-005 9.99102E-005 9.99102E-005 0.118502 0.0210411 0.00109583 9.99102E-005 9.99102E-005 9.99102E-005 9.99102E-005
9.99193E-005 9.99193E-005 0.671909 0.0518865 0.118851 9.99193E-005 9.99193E-005 9.99193E-005 9.99193E-005 9.99193E-005 9.99193E-005 9.99193E-005 0.0521294 0.104324
9.99101E-005 9.99101E-005 0.860556 9.99101E-005 9.99101E-005 9.99101E-005 9.99101E-005 0.0418502 0.00333468 0.0413812 9.99101E-005 9.99101E-005 9.99101E-005 0.0519786
9.98832E-005 9.98832E-005 0.998702 9.98832E-005 9.98832E-005 9.98832E-005 9.98832E-005 9.98832E-005 9.98832E-005 9.98832E-005 9.98832E-005 9.98832E-005 9.98832E-005 9.98832E-005
9.98922E-005 9.98922E-005 0.994821 9.98922E-005 9.98922E-005 9.98922E-005 9.98922E-005 9.98922E-005 0.00398076 9.98922E-005 9.98922E-005 9.98922E-005 9.98922E-005 9.98922E-005
9.99192E-005 9.99192E-005 0.72613 9.99192E-005 9.99192E-005 9.99192E-005 0.00203183 9.99192E-005 9.99192E-005 9.99192E-005 9.99192E-005 0.150778 0.0524951 0.0676657
9.99191E-005 9.99191E-005 0.822247 9.99191E-005 0.0421119 0.00899987 9.99191E-005 9.99191E-005 9.99191E-005 9.99191E-005 0.0643057 9.99191E-005 0.0614363 9.99191E-005
9.99192E-005 9.99192E-005 0.787305 9.99192E-005 9.99192E-005 0.0138733 9.99192E-005 9.99192E-005 9.99192E-005 0.0490052 0.094716 9.99192E-005 0.0542011 9.99192E-005
9.99012E-005 9.99012E-005 0.868773 9.99012E-005 9.99012E-005 0.0617729 0.0683556 9.99012E-005 9.99012E-005 9.99012E-005 9.99012E-005 9.99012E-005 9.99012E-005 9.99012E-005
9.99283E-005 0.00932435 0.566946 9.99283E-005 9.99283E-005 9.99283E-005 9.99283E-005 0.0146708 0.0569973 0.228572 9.99283E-005 9.99283E-005 0.12269 9.99283E-005
0.0314922 9.99462E-005 0.664261 9.99462E-005 9.99462E-005 9.99462E-005 0.000186196 0.0655726 0.00550285 9.99462E-005 9.99462E-005 0.0928158 0.0280735 0.111496
9.99283E-005 0.0306245 0.64372 9.99283E-005 0.0209081 0.0585863 9.99283E-005 0.106829 9.99283E-005 0.138533 9.99283E-005 9.99283E-005 9.99283E-005 9.99283E-005
9.99551E-005 0.0163575 0.404774 9.99551E-005 0.0815444 9.99551E-005 0.0716283 0.0377956 9.99551E-005 0.105077 0.0475101 0.127862 0.106952 9.99551E-005
9.99461E-005 0.00986684 0.457563 9.99461E-005 0.0626439 9.99461E-005 0.00556439 0.170261 9.99461E-005 9.99461E-005 9.99461E-005 0.0497433 0.111511 0.132246
9.99193E-005 9.99193E-005 0.537561 9.99193E-005 0.0766332 9.99193E-005 9.99193E-005 0.0558354 9.99193E-005 0.230226 9.99193E-005 9.99193E-005 0.0988455 9.99193E-005
9.99371E-005 9.99371E-005 0.489992 9.99371E-005 9.99371E-005 9.99371E-005 0.0518714 0.197654 9.99371E-005 0.0837731 9.99371E-005 0.0223341 0.103831 0.0498453
9.99282E-005 9.99282E-005 0.0894948 9.99282E-005 9.99282E-005 0.0254639 9.99282E-005 0.0771799 0.531493 9.99282E-005 9.99282E-005 9.99282E-005 0.240764 0.0348043
9.99103E-005 9.99103E-005 0.00456572 9.99103E-005 9.99103E-005 9.99103E-005 9.99103E-005 9.99103E-005 0.0204065 0.132928 9.99103E-005 9.99103E-005 0.8411 9.99103E-005
9.99013E-005 9.99013E-005 9.99013E-005 9.99013E-005 9.99013E-005 9.99013E-005 9.99013E-005 9.99013E-005 0.0895781 9.99013E-005 9.99013E-005 9.99013E-005 0.846787 0.0625364
9.99282E-005 9.99282E-005 0.0518695 9.99282E-005 9.99282E-005 0.0324275 9.99282E-005 9.99282E-005 0.245242 0.0429217 0.000323272 9.99282E-005 0.626417 9.99282E-005
9.99102E-005 9.99102E-005 9.99102E-005 9.99102E-005 9.99102E-005 0.0455091 0.026643 9.99102E-005 0.0462539 9.99102E-005 9.99102E-005 9.99102E-005 0.880595 9.99102E-005
9.9883E-005 9.9883E-005 9.9883E-005 9.9883E-005 9.9883E-005 9.9883E-005 9.9883E-005 9.9883E-005 0.998702 9.9883E-005 9.9883E-005 9.9883E-005 9.9883E-005 9.9883E-005
9.98832E-005 9.98832E-005 9.98832E-005 9.98832E-005 9.98832E-005 9.98832E-005 9.98832E-005 9.98832E-005 0.998702 9.98832E-005 9.98832E-005 9.98832E-005 9.98832E-005 9.98832E-005
9.98832E-005 9.98832E-005 9.98832E-005 9.98832E-005 9.98832E-005 9.98832E-005 9.98832E-005 9.98832E-005 0.998702 9.98832E-005 9.98832E-005 9.98832E-005 9.98832E-005 9.98832E-005
0.0435918 0.0132245 0.012118 9.99372E-005 0.0342338 9.99372E-005 9.99372E-005 9.99372E-005 0.0683183 9.99372E-005 9.99372E-005 9.99372E-005 0.694388 0.133426
9.99012E-005 9.99012E-005 9.99012E-005 0.0373342 9.99012E-005 9.99012E-005 9.99012E-005 9.99012E-005 0.757681 9.99012E-005 9.99012E-005 9.99012E-005 0.203886 9.99012E-005
9.99192E-005 9.99192E-005 9.99192E-005 9.99192E-005 0.0273823 9.99192E-005 0.0233498 0.0337406 0.0224714 9.99192E-005 9.99192E-005 9.99192E-005 0.892157 9.99192E-005
9.98832E-005 9.98832E-005 9.98832E-005 9.98832E-005 9.98832E-005 9.98832E-005 9.98832E-005 9.98832E-005 0.998702 9.98832E-005 9.98832E-005 9.98832E-005 9.98832E-005 9.98832E-005
9.99282E-005 9.99282E-005 0.0306845 0.00148372 9.99282E-005 9.99282E-005 9.99282E-005 9.99282E-005 0.161831 9.99282E-005 9.99282E-005 0.0765316 0.688693 0.0399774
9.98833E-005 9.98833E-005 9.98833E-005 9.98833E-005 9.98833E-005 9.98833E-005 9.98833E-005 9.98833E-005 0.998702 9.98833E-005 9.98833E-005 9.98833E-005 9.98833E-005 9.98833E-005
9.99103E-005 9.99103E-005 9.99103E-005 9.99103E-005 9.99103E-005 9.99103E-005 9.99103E-005 0.105944 0.0987007 9.99103E-005 9.99103E-005 9.99103E-005 0.748337 0.0460191
9.99372E-005 0.00960449 9.99372E-005 9.99372E-005 9.99372E-005 0.0219551 9.99372E-005 9.99372E-005 0.257217 0.00458988 0.0271119 9.99372E-005 0.645474 0.0333484
9.99282E-005 0.00765611 9.99282E-005 9.99282E-005 9.99282E-005 9.99282E-005 9.99282E-005 9.99282E-005 0.153948 9.99282E-005 0.0370186 0.0256726 0.699774 0.0751306
9.99013E-005 9.99013E-005 0.0400296 9.99013E-005 9.99013E-005 9.99013E-005 9.99013E-005 9.99013E-005 0.130476 9.99013E-005 9.99013E-005 9.99013E-005 0.828396 9.99013E-005
0.0105664 0.00431346 0.0407431 9.99462E-005 0.0618834 0.0114244 0.0101413 9.99462E-005 0.0981489 9.99462E-005 9.99462E-005 9.99462E-005 0.762179 9.99462E-005
9.99372E-005 9.99372E-005 0.0493403 9.99372E-005 9.99372E-005 0.0290714 9.99372E-005 0.0346618 9.99372E-005 9.99372E-005 0.0152573 0.00905375 0.0232489 0.838667
9.98832E-005 9.98832E-005 9.98832E-005 9.98832E-005 9.98832E-005 9.98832E-005 9.98832E-005 9.98832E-005 9.98832E-005 9.98832E-005 9.98832E-005 9.98832E-005 9.98832E-005 0.998702
9.99192E-005 9.99192E-005 9.99192E-005 0.020386 9.99192E-005 9.99192E-005 9.99192E-005 0.0412317 0.0186086 9.99192E-005 0.0298423 9.99192E-005 9.99192E-005 0.889032
9.99103E-005 9.99103E-005 9.99103E-005 9.99103E-005 9.99103E-005 9.99103E-005 9.99103E-005 0.0810621 9.99103E-005 0.515538 0.0112805 9.99103E-005 9.99103E-005 0.391121
9.99013E-005 0.0272506 9.99013E-005 9.99013E-005 9.99013E-005 9.99013E-005 9.99013E-005 0.0965783 9.99013E-005 0.875072 9.99013E-005 9.99013E-005 9.99013E-005 9.99013E-005
9.99012E-005 9.99012E-005 9.99012E-005 9.99012E-005 0.0108968 9.99012E-005 9.99012E-005 9.99012E-005 9.99012E-005 0.173688 9.99012E-005 9.99012E-005 9.99012E-005 0.814317
9.99013E-005 9.99013E-005 9.99013E-005 9.99013E-005 9.99013E-005 9.99013E-005 9.99013E-005 0.164729 9.99013E-005 0.31014 9.99013E-005 9.99013E-005 9.99013E-005 0.524032
9.993E-005 9.993E-005 0.0254729 9.993E-005 0.0737626 0.00127405 9.993E-005 0.0121641 9.993E-005 0.851262 9.993E-005 0.00696764 9.993E-005 0.028397
9.98833E-005 9.98833E-005 9.98833E-005 9.98833E-005 9.98833E-005 9.98833E-005 9.98833E-005 9.98833E-005 9.98833E-005 0.998702 9.98833E-005 9.98833E-005 9.98833E-005 9.98833E-005
9.99372E-005 9.99372E-005 0.104454 9.99372E-005 0.415767 0.00619322 9.99372E-005 9.99372E-005 0.0379679 9.99372E-005 0.0860455 0.21674 9.99372E-005 0.132133
9.98841E-005 9.98841E-005 9.98841E-005 9.98841E-005 9.98841E-005 9.98841E-005 0.998702 9.98841E-005 9.98841E-005 9.98841E-005 9.98841E-005 9.98841E-005 9.98841E-005 9.98841E-005
9.99097E-005 9.99097E-005 9.99097E-005 9.99097E-005 9.99097E-005 0.0184166 0.912582 9.99097E-005 9.99097E-005 9.99097E-005 0.0190381 9.99097E-005 9.99097E-005 0.0489638
9.99014E-005 9.99014E-005 9.99014E-005 9.99014E-005 0.935086 9.99014E-005 9.99014E-005 0.0497317 9.99014E-005 0.0140838 9.99014E-005 9.99014E-005 9.99014E-005 9.99014E-005
0.137112 9.99097E-005 9.99097E-005 9.99097E-005 0.314535 9.99097E-005 0.544266 9.99097E-005 9.99097E-005 9.99097E-005 9.99097E-005 0.00308812 9.99097E-005 9.99097E-005
9.98923E-005 9.98923E-005 9.98923E-005 9.98923E-005 0.971144 9.98923E-005 9.98923E-005 9.98923E-005 0.0276571 9.98923E-005 9.98923E-005 9.98923E-005 9.98923E-005 9.98923E-005
9.99282E-005 0.0230238 9.99282E-005 9.99282E-005 0.771956 9.99282E-005 9.99282E-005 9.99282E-005 9.99282E-005 0.0103602 0.031391 0.0622747 0.100195 9.99282E-005
9.99371E-005 9.99371E-005 0.0262547 9.99371E-005 0.672425 0.0312864 0.00846593 9.99371E-005 0.0223952 9.99371E-005 9.99371E-005 0.0950616 9.99371E-005 0.143411
0.0439146 9.99014E-005 0.0409177 9.99014E-005 0.914069 9.99014E-005 9.99014E-005 9.99014E-005 9.99014E-005 9.99014E-005 9.99014E-005 9.99014E-005 9.99014E-005 9.99014E-005
9.99103E-005 9.99103E-005 0.00947218 9.99103E-005 0.983334 0.000206325 9.99103E-005 9.99103E-005 9.99103E-005 9.99103E-005 9.99103E-005 9.99103E-005 9.99103E-005 0.00598859
9.99281E-005 0.0363878 9.99281E-005 0.0106737 0.827285 0.00636553 9.99281E-005 0.0620905 0.0563979 9.99281E-005 9.99281E-005 9.99281E-005 9.99281E-005 9.99281E-005
9.99013E-005 0.00155976 0.0355943 9.99013E-005 0.961747 9.99013E-005 9.99013E-005 9.99013E-005 9.99013E-005 9.99013E-005 9.99013E-005 9.99013E-005 9.99013E-005 9.99013E-005
9.99012E-005 9.99012E-005 9.99012E-005 9.99012E-005 0.968068 0.0276089 9.99012E-005 9.99012E-005 9.99012E-005 9.99012E-005 0.00322454 9.99012E-005 9.99012E-005 9.99012E-005
9.99012E-005 9.99012E-005 9.99012E-005 9.99012E-005 0.902554 9.99012E-005 9.99012E-005 9.99012E-005 9.99012E-005 9.99012E-005 0.0572443 9.99012E-005 0.0391023 9.99012E-005
9.99102E-005 0.0152929 9.99102E-005 9.99102E-005 9.99102E-005 0.0148872 9.99102E-005 9.99102E-005 9.99102E-005 9.99102E-005 9.99102E-005 0.914719 0.0541017 9.99102E-005
9.99192E-005 0.0196379 9.99192E-005 0.00893192 9.99192E-005 9.99192E-005 9.99192E-005 0.0198902 9.99192E-005 9.99192E-005 9.99192E-005 0.877165 0.0734758 9.99192E-005
9.99244E-005 9.99244E-005 0.000308922 0.115587 0.0510731 9.99244E-005 9.99244E-005 9.99244E-005 9.99244E-005 9.99244E-005 9.99244E-005 0.758243 9.99244E-005 0.0738884
9.98833E-005 9.98833E-005 9.98833E-005 0.998702 9.98833E-005 9.98833E-005 9.98833E-005 9.98833E-005 9.98833E-005 9.98833E-005 9.98833E-005 9.98833E-005 9.98833E-005 9.98833E-005
0.13764 0.0467189 9.99102E-005 0.794712 9.99102E-005 9.99102E-005 9.99102E-005 9.99102E-005 0.0199301 9.99102E-005 9.99102E-005 9.99102E-005 9.99102E-005 9.99102E-005
9.98924E-005 0.97879 9.98924E-005 9.98924E-005 9.98924E-005 9.98924E-005 9.98924E-005 9.98924E-005 9.98924E-005 9.98924E-005 0.0200117 9.98924E-005 9.98924E-005 9.98924E-005
9.98832E-005 0.998702 9.98832E-005 9.98832E-005 9.98832E-005 9.98832E-005 9.98832E-005 9.98832E-005 9.98832E-005 9.98832E-005 9.98832E-005 9.98832E-005 9.98832E-005 9.98832E-005
9.99193E-005 0.14433 9.99193E-005 0.818564 9.99193E-005 0.0135216 9.99193E-005 9.99193E-005 9.99193E-005 9.99193E-005 9.99193E-005 0.00915732 9.99193E-005 0.013528
9.99012E-005 0.0411655 9.99012E-005 0.901354 9.99012E-005 9.99012E-005 9.99012E-005 9.99012E-005 9.99012E-005 9.99012E-005 0.0563814 9.99012E-005 9.99012E-005 9.99012E-005
9.99192E-005 0.922312 9.99192E-005 0.00438906 9.99192E-005 9.99192E-005 9.99192E-005 0.0406743 9.99192E-005 9.99192E-005 9.99192E-005 0.0315273 0.000198061 9.99192E-005
9.98833E-005 0.998702 9.98833E-005 9.98833E-005 9.98833E-005 9.98833E-005 9.98833E-005 9.98833E-005 9.98833E-005 9.98833E-005 9.98833E-005 9.98833E-005 9.98833E-005 9.98833E-005
9.98832E-005 9.98832E-005 9.98832E-005 0.998702 9.98832E-005 9.98832E-005 9.98832E-005 9.98832E-005 9.98832E-005 9.98832E-005 9.98832E-005 9.98832E-005 9.98832E-005 9.98832E-005
9.99103E-005 0.955515 9.99103E-005 9.99103E-005 0.0138415 9.99103E-005 9.99103E-005 9.99103E-005 9.99103E-005 9.99103E-005 0.0057317 9.99103E-005 9.99103E-005 0.0239126
9.99012E-005 0.934196 9.99012E-005 0.0569015 9.99012E-005 9.99012E-005 0.00780347 9.99012E-005 9.99012E-005 9.99012E-005 9.99012E-005 9.99012E-005 9.99012E-005 9.99012E-005
9.98923E-005 0.988067 9.98923E-005 9.98923E-005 9.98923E-005 9.98923E-005 9.98923E-005 9.98923E-005 9.98923E-005 9.98923E-005 0.0107341 9.98923E-005 9.98923E-005 9.98923E-005
9.98923E-005 0.845909 9.98923E-005 0.152893 9.98923E-005 9.98923E-005 9.98923E-005 9.98923E-005 9.98923E-005 9.98923E-005 9.98923E-005 9.98923E-005 9.98923E-005 9.98923E-005
0.00138384 0.953108 9.99102E-005 9.99102E-005 9.99102E-005 0.0129182 9.99102E-005 9.99102E-005 0.031591 9.99102E-005 9.99102E-005 9.99102E-005 9.99102E-005 9.99102E-005
9.99103E-005 9.99103E-005 9.99103E-005 9.99103E-005 9.99103E-005 0.0165462 9.99103E-005 0.0348604 9.99103E-005 0.0917859 9.99103E-005 9.99103E-005 0.855808 9.99103E-005
9.99102E-005 9.99102E-005 9.99102E-005 0.051982 9.99102E-005 9.99102E-005 9.99102E-005 0.0518373 9.99102E-005 0.614584 9.99102E-005 9.99102E-005 9.99102E-005 0.280598
9.99102E-005 9.99102E-005 9.99102E-005 9.99102E-005 9.99102E-005 0.00830639 9.99102E-005 9.99102E-005 0.0209176 0.764837 9.99102E-005 9.99102E-005 9.99102E-005 0.20494
0.875173 0.0236622 9.99102E-005 9.99102E-005 9.99102E-005 9.99102E-005 9.99102E-005 9.99102E-005 0.011531 9.99102E-005 0.088635 9.99102E-005 9.99102E-005 9.99102E-005
0.959799 0.039002 9.98998E-005 9.98998E-005 9.98998E-005 9.98998E-005 9.98998E-005 9.98998E-005 9.98998E-005 9.98998E-005 9.98998E-005 9.98998E-005 9.98998E-005 9.98998E-005
0.971492 0.00395928 9.99014E-005 9.99014E-005 9.99014E-005 0.0234496 9.99014E-005 9.99014E-005 9.99014E-005 9.99014E-005 9.99014E-005 9.99014E-005 9.99014E-005 9.99014E-005
9.98922E-005 9.98922E-005 9.98922E-005 9.98922E-005 9.98922E-005 0.00508952 9.98922E-005 9.98922E-005 9.98922E-005 9.98922E-005 0.993712 9.98922E-005 9.98922E-005 9.98922E-005
0.824558 9.99103E-005 9.99103E-005 9.99103E-005 0.00232693 0.0840303 9.99103E-005 9.99103E-005 9.99103E-005 9.99103E-005 9.99103E-005 0.0880861 9.99103E-005 9.99103E-005
0.820022 9.99281E-005 9.99281E-005 0.0611047 9.99281E-005 0.0335149 9.99281E-005 9.99281E-005 0.0134744 9.99281E-005 0.0590733 9.99281E-005 9.99281E-005 0.0120112
0.836763 9.99104E-005 9.99104E-005 9.99104E-005 9.99104E-005 0.0923799 9.99104E-005 9.99104E-005 0.0356887 9.99104E-005 9.99104E-005 9.99104E-005 0.0341696 9.99104E-005
0.646989 0.0106025 9.99282E-005 9.99282E-005 0.0296034 0.134167 9.99282E-005 9.99282E-005 9.99282E-005 0.03565 0.142189 9.99282E-005 9.99282E-005 9.99282E-005
0.857436 9.99192E-005 9.99192E-005 9.99192E-005 9.99192E-005 0.0221101 9.99192E-005 9.99192E-005 9.99192E-005 0.0165383 0.0486279 9.99192E-005 0.054388 9.99192E-005
9.98832E-005 9.98832E-005 9.98832E-005 9.98832E-005 9.98832E-005 9.98832E-005 9.98832E-005 9.98832E-005 9.98832E-005 9.98832E-005 0.998702 9.98832E-005 9.98832E-005 9.98832E-005
9.98831E-005 9.98831E-005 9.98831E-005 9.98831E-005 9.98831E-005 9.98831E-005 9.98831E-005 9.98831E-005 9.98831E-005 9.98831E-005 0.998702 9.98831E-005 9.98831E-005 9.98831E-005
0.720331 9.99193E-005 9.99193E-005 9.99193E-005 0.0616043 0.0425832 0.0129923 9.99193E-005 9.99193E-005 9.99193E-005 0.16159 9.99193E-005 9.99193E-005 9.99193E-005
0.909609 9.99102E-005 9.99102E-005 0.0100644 0.0308205 9.99102E-005 9.99102E-005 9.99102E-005 9.99102E-005 9.99102E-005 0.0485073 9.99102E-005 9.99102E-005 9.99102E-005
0.566402 0.0368159 9.99102E-005 9.99102E-005 9.99102E-005 0.0592268 9.99102E-005 9.99102E-005 9.99102E-005 9.99102E-005 0.336556 9.99102E-005 9.99102E-005 9.99102E-005
0.294388 9.99102E-005 9.99102E-005 9.99102E-005 9.99102E-005 0.0680404 9.99102E-005 9.99102E-005 9.99102E-005 9.99102E-005 0.597385 0.0391872 9.99102E-005 9.99102E-005
0.608791 9.99282E-005 9.99282E-005 9.99282E-005 9.99282E-005 0.0782113 0.00307139 0.0779419 9.99282E-005 9.99282E-005 0.219986 0.0111989 9.99282E-005 9.99282E-005
0.903948 0.0518399 9.99013E-005 9.99013E-005 9.99013E-005 9.99013E-005 9.99013E-005 9.99013E-005 9.99013E-005 9.99013E-005 0.0431134 9.99013E-005 9.99013E-005 9.99013E-005
0.814628 9.99192E-005 0.000140439 9.99192E-005 9.99192E-005 0.0533907 9.99192E-005 9.99192E-005 9.99192E-005 9.99192E-005 0.0786467 9.99192E-005 9.99192E-005 0.0522951
0.784371 9.99103E-005 9.99103E-005 9.99103E-005 9.99103E-005 0.0701872 9.99103E-005 9.99103E-005 9.99103E-005 9.99103E-005 0.11635 0.0280927 9.99103E-005 9.99103E-005
0.721802 9.99192E-005 9.99192E-005 0.0471691 9.99192E-005 0.109086 9.99192E-005 9.99192E-005 9.99192E-005 9.99192E-005 0.0541425 9.99192E-005 0.0669009 9.99192E-005
0.854152 9.99282E-005 0.00314995 0.0282319 9.99282E-005 0.0760013 9.99282E-005 9.99282E-005 9.99282E-005 9.99282E-005 0.0148989 9.99282E-005 0.0227666 9.99282E-005
9.98924E-005 9.98924E-005 9.98924E-005 0.0392871 9.98924E-005 9.98924E-005 9.98924E-005 9.98924E-005 9.98924E-005 9.98924E-005 0.959514 9.98924E-005 9.98924E-005 9.98924E-005
0.869811 9.99012E-005 0.0395562 9.99012E-005 9.99012E-005 0.0895338 9.99012E-005 9.99012E-005 9.99012E-005 9.99012E-005 9.99012E-005 9.99012E-005 9.99012E-005 9.99012E-005
0.804503 9.99192E-005 9.99192E-005 9.99192E-005 0.103341 0.0357264 9.99192E-005 9.99192E-005 0.0160242 9.99192E-005 9.99192E-005 0.0395058 9.99192E-005 9.99192E-005
0.799876 9.99102E-005 9.99102E-005 9.99102E-005 9.99102E-005 0.0780166 9.99102E-005 9.99102E-005 9.99102E-005 9.99102E-005 0.0574407 0.0636673 9.99102E-005 9.99102E-005
0.664492 9.99371E-005 0.0212791 9.99371E-005 0.0126497 0.0185001 0.0299443 9.99371E-005 0.0120371 9.99371E-005 0.240398 9.99371E-005 9.99371E-005 9.99371E-005
9.99012E-005 0.0046792 9.99012E-005 0.984715 9.99012E-005 9.99012E-005 9.99012E-005 9.99012E-005 9.99012E-005 9.99012E-005 9.99012E-005 0.00950644 9.99012E-005 9.99012E-005
9.99011E-005 9.99011E-005 9.99011E-005 0.716421 9.99011E-005 9.99011E-005 0.0288682 9.99011E-005 9.99011E-005 9.99011E-005 9.99011E-005 9.99011E-005 0.253612 9.99011E-005
9.99103E-005 9.99103E-005 9.99103E-005 0.860637 9.99103E-005 9.99103E-005 9.99103E-005 9.99103E-005 0.0039366 0.00578881 0.128638 9.99103E-005 9.99103E-005 9.99103E-005
9.99282E-005 0.0508991 0.0362829 9.99282E-005 9.99282E-005 9.99282E-005 0.00852245 0.694872 9.99282E-005 9.99282E-005 9.99282E-005 9.99282E-005 0.0896558 0.118968
9.98829E-005 9.98829E-005 9.98829E-005 9.98829E-005 9.98829E-005 9.98829E-005 9.98829E-005 0.998702 9.98829E-005 9.98829E-005 9.98829E-005 9.98829E-005 9.98829E-005 9.98829E-005
9.99013E-005 9.99013E-005 9.99013E-005 9.99013E-005 0.0189469 9.99013E-005 9.99013E-005 0.957795 9.99013E-005 9.99013E-005 9.99013E-005 9.99013E-005 9.99013E-005 0.0221595
9.98832E-005 9.98832E-005 9.98832E-005 9.98832E-005 9.98832E-005 9.98832E-005 9.98832E-005 0.998702 9.98832E-005 9.98832E-005 9.98832E-005 9.98832E-005 9.98832E-005 9.98832E-005
9.99013E-005 9.99013E-005 9.99013E-005 9.99013E-005 9.99013E-005 9.99013E-005 9.99013E-005 0.88326 9.99013E-005 0.0198621 9.99013E-005 9.99013E-005 9.99013E-005 0.0957787
9.98833E-005 9.98833E-005 9.98833E-005 9.98833E-005 9.98833E-005 9.98833E-005 9.98833E-005 0.998702 9.98833E-005 9.98833E-005 9.98833E-005 9.98833E-005 9.98833E-005 9.98833E-005
9.99462E-005 0.0152453 0.0777759 9.99462E-005 9.99462E-005 9.99462E-005 0.0312709 0.453746 0.0289685 9.99462E-005 9.99462E-005 0.00678964 0.100543 0.28506
9.98832E-005 9.98832E-005 9.98832E-005 9.98832E-005 9.98832E-005 9.98832E-005 9.98832E-005 9.98832E-005 9.98832E-005 0.998702 9.98832E-005 9.98832E-005 9.98832E-005 9.98832E-005
9.98831E-005 9.98831E-005 9.98831E-005 9.98831E-005 9.98831E-005 9.98831E-005 9.98831E-005 9.98831E-005 9.98831E-005 0.998702 9.98831E-005 9.98831E-005 9.98831E-005 9.98831E-005
0.00382877 9.99192E-005 0.00265415 0.0035049 9.99192E-005 9.99192E-005 9.99192E-005 9.99192E-005 0.0622571 9.99192E-005 9.99192E-005 9.99192E-005 9.99192E-005 0.926856
0.328909 9.99372E-005 9.99372E-005 9.99372E-005 9.99372E-005 0.0842144 9.99372E-005 0.144522 0.00806153 9.99372E-005 0.0364466 9.99372E-005 0.343759 0.0533876
9.9964E-005 9.9964E-005 0.425178 0.0190255 0.117667 0.0013096 0.0720731 0.0396871 0.039787 0.102256 0.0591602 9.9964E-005 0.123457 9.9964E-005
0.0496993 0.0436252 0.0833859 0.0331081 9.99367E-005 9.99367E-005 0.717496 0.0456917 0.0262944 9.99367E-005 9.99367E-005 9.99367E-005 9.99367E-005 9.99367E-005
9.99012E-005 9.99012E-005 9.99012E-005 9.99012E-005 9.99012E-005 0.0200316 9.99012E-005 9.99012E-005 9.99012E-005 9.99012E-005 0.0453669 0.933503 9.99012E-005 9.99012E-005
9.99102E-005 0.0297356 0.0448752 9.99102E-005 9.99102E-005 0.00330749 9.99102E-005 9.99102E-005 9.99102E-005 9.99102E-005 9.99102E-005 0.921083 9.99102E-005 9.99102E-005
0.326512 9.99005E-005 9.99005E-005 9.99005E-005 9.99005E-005 0.0334952 0.638894 9.99005E-005 9.99005E-005 9.99005E-005 9.99005E-005 9.99005E-005 9.99005E-005 9.99005E-005
0.711452 9.99283E-005 9.99283E-005 0.0421263 0.0255172 0.121632 9.99283E-005 9.99283E-005 9.99283E-005 0.0059295 0.0925434 9.99283E-005 9.99283E-005 9.99283E-005
0.11668 9.99013E-005 9.99013E-005 9.99013E-005 9.99013E-005 0.862823 9.99013E-005 9.99013E-005 9.99013E-005 0.0193982 9.99013E-005 9.99013E-005 9.99013E-005 9.99013E-005
0.569566 9.99371E-005 0.0112733 0.0542087 9.99371E-005 0.147868 0.0377511 9.99371E-005 9.99371E-005 9.99371E-005 0.149364 9.99371E-005 0.0292694 9.99371E-005
9.98829E-005 9.98829E-005 9.98829E-005 9.98829E-005 9.98829E-005 0.998702 9.98829E-005 9.98829E-005 9.98829E-005 9.98829E-005 9.98829E-005 9.98829E-005 9.98829E-005 9.98829E-005
0.219629 9.99012E-005 9.99012E-005 9.99012E-005 0.0165481 9.99012E-005 9.99012E-005 9.99012E-005 9.99012E-005 9.99012E-005 0.762724 9.99012E-005 9.99012E-005 9.99012E-005
0.803242 0.00206595 9.99372E-005 0.0118775 0.0284019 0.0350549 9.99372E-005 9.99372E-005 9.99372E-005 0.0172935 0.101365 9.99372E-005 9.99372E-005 9.99372E-005
0.89056 0.012169 9.99282E-005 9.99282E-005 0.0135549 9.99282E-005 9.99282E-005 0.031418 9.99282E-005 9.99282E-005 0.0417703 9.99282E-005 9.99282E-005 0.00972873
9.98829E-005 9.98829E-005 9.98829E-005 9.98829E-005 9.98829E-005 0.998702 9.98829E-005 9.98829E-005 9.98829E-005 9.98829E-005 9.98829E-005 9.98829E-005 9.98829E-005 9.98829E-005
0.880295 9.99192E-005 9.99192E-005 0.0143072 9.99192E-005 0.0475826 9.99192E-005 0.0129559 9.99192E-005 9.99192E-005 9.99192E-005 9.99192E-005 9.99192E-005 0.0439602
0.810541 0.0146261 9.99193E-005 0.0410502 9.99193E-005 0.0622505 9.99193E-005 9.99193E-005 9.99193E-005 9.99193E-005 0.0706326 9.99193E-005 9.99193E-005 9.99193E-005
0.923354 9.99193E-005 9.99193E-005 9.99193E-005 9.99193E-005 0.0403822 9.99193E-005 0.00433642 9.99193E-005 0.0164106 9.99193E-005 0.0146172 9.99193E-005 9.99193E-005
0.931143 9.99102E-005 9.99102E-005 9.99102E-005 9.99102E-005 0.0271771 9.99102E-005 0.0157016 9.99102E-005 9.99102E-005 9.99102E-005 9.99102E-005 9.99102E-005 0.0249787
0.763743 9.99192E-005 9.99192E-005 0.0136797 9.99192E-005 0.0513368 9.99192E-005 9.99192E-005 9.99192E-005 9.99192E-005 0.0716584 9.99192E-005 0.098683 9.99192E-005
0.902593 9.99192E-005 9.99192E-005 9.99192E-005 9.99192E-005 0.00916005 9.99192E-005 9.99192E-005 0.0165155 9.99192E-005 0.0312712 9.99192E-005 0.0395614 9.99192E-005
0.630322 9.99193E-005 9.99193E-005 9.99193E-005 0.0667896 0.187254 0.0138353 9.99193E-005 9.99193E-005 9.99193E-005 0.1009 9.99193E-005 9.99193E-005 9.99193E-005
9.99462E-005 0.0601375 0.035029 9.99462E-005 9.99462E-005 0.0183389 9.99462E-005 0.103255 0.0587159 0.0344568 9.99462E-005 9.99462E-005 0.675713 0.0137543
9.99372E-005 0.00761785 0.0729046 9.99372E-005 9.99372E-005 9.99372E-005 9.99372E-005 0.00587219 0.029937 0.0889103 0.0257948 9.99372E-005 0.768264 9.99372E-005
9.99192E-005 9.99192E-005 0.156702 0.0687372 9.99192E-005 9.99192E-005 9.99192E-005 9.99192E-005 0.0786961 0.164337 9.99192E-005 9.99192E-005 0.530628 9.99192E-005
9.98923E-005 9.98923E-005 9.98923E-005 9.98923E-005 9.98923E-005 9.98923E-005 9.98923E-005 9.98923E-005 9.98923E-005 0.0569125 9.98923E-005 9.98923E-005 9.98923E-005 0.941889
9.99012E-005 9.99012E-005 9.99012E-005 9.99012E-005 9.99012E-005 9.99012E-005 9.99012E-005 9.99012E-005 0.0179691 0.110316 9.99012E-005 9.99012E-005 9.99012E-005 0.870616
9.99014E-005 9.99014E-005 9.99014E-005 9.99014E-005 0.0073488 9.99014E-005 9.99014E-005 9.99014E-005 9.99014E-005 9.99014E-005 9.99014E-005 9.99014E-005 0.0143415 0.977211
9.99012E-005 9.99012E-005 9.99012E-005 9.99012E-005 9.99012E-005 9.99012E-005 9.99012E-005 9.99012E-005 0.0217082 9.99012E-005 9.99012E-005 0.0217752 9.99012E-005 0.955418
9.98833E-005 9.98833E-005 9.98833E-005 9.98833E-005 9.98833E-005 9.98833E-005 9.98833E-005 9.98833E-005 9.98833E-005 9.98833E-005 9.98833E-005 0.998702 9.98833E-005 9.98833E-005
9.98832E-005 9.98832E-005 9.98832E-005 9.98832E-005 9.98832E-005 9.98832E-005 9.98832E-005 9.98832E-005 9.98832E-005 9.98832E-005 9.98832E-005 0.998702 9.98832E-005 9.98832E-005
9.99236E-005 9.99236E-005 9.99236E-005 0.0186958 9.99236E-005 9.99236E-005 9.99236E-005 0.00345302 9.99236E-005 9.99236E-005 9.99236E-005 0.905989 0.0279152 0.0430476
9.99372E-005 9.99372E-005 0.0143916 0.0240508 9.99372E-005 0.0207215 9.99372E-005 0.063844 0.0385852 0.0532579 9.99372E-005 9.99372E-005 0.784449 9.99372E-005
9.99193E-005 9.99193E-005 9.99193E-005 9.99193E-005 9.99193E-005 9.99193E-005 0.022023 0.0181487 9.99193E-005 0.0205339 9.99193E-005 0.0159931 0.922402 9.99193E-005
9.99372E-005 0.0181084 0.109492 9.99372E-005 9.99372E-005 9.99372E-005 9.99372E-005 0.0566063 9.99372E-005 9.99372E-005 0.0790515 0.0413155 0.672354 0.0223728
9.99101E-005 9.99101E-005 9.99101E-005 9.99101E-005 9.99101E-005 9.99101E-005 0.0128852 9.99101E-005 9.99101E-005 9.99101E-005 0.0657781 0.0405507 0.861087 0.0187998
