9.99461E-005 0.0228288 9.99461E-005 0.0130596 0.014114 0.034652 9.99461E-005 9.99461E-005 0.0087455 9.99461E-005 9.99461E-005 0.883394 0.0226067
9.99012E-005 9.99012E-005 9.99012E-005 9.99012E-005 9.99012E-005 9.99012E-005 9.99012E-005 0.193188 9.99012E-005 9.99012E-005 9.99012E-005 0.805713 9.99012E-005
9.99191E-005 0.00992103 9.99191E-005 9.99191E-005 9.99191E-005 0.0476388 9.99191E-005 0.419019 9.99191E-005 9.99191E-005 9.99191E-005 0.522522 9.99191E-005
9.99372E-005 0.000126475 0.000354546 0.00554771 9.99372E-005 9.99372E-005 9.99372E-005 0.546104 9.99372E-005 9.99372E-005 9.99372E-005 0.366066 0.0811024
9.99102E-005 9.99102E-005 9.99102E-005 9.99102E-005 0.0499164 9.99102E-005 9.99102E-005 0.334557 9.99102E-005 9.99102E-005 9.99102E-005 0.614527 9.99102E-005
9.98921E-005 9.98921E-005 9.98921E-005 9.98921E-005 9.98921E-005 9.98921E-005 9.98921E-005 9.98921E-005 9.98921E-005 9.98921E-005 9.98921E-005 0.998801 9.98921E-005
9.99012E-005 0.0142354 9.99012E-005 9.99012E-005 9.99012E-005 9.99012E-005 9.99012E-005 9.99012E-005 9.99012E-005 9.99012E-005 9.99012E-005 0.984666 9.99012E-005
9.99282E-005 9.99282E-005 0.0242511 0.158171 0.0764751 9.99282E-005 9.99282E-005 9.99282E-005 0.00846889 9.99282E-005 9.99282E-005 0.731835 9.99282E-005
0.0124017 9.99371E-005 0.013935 9.99371E-005 9.99371E-005 9.99371E-005 0.00932645 9.99371E-005 9.99371E-005 0.0361222 9.99371E-005 0.876839 0.0506763
9.99192E-005 9.99192E-005 0.0223428 9.99192E-005 9.99192E-005 9.99192E-005 0.0202777 9.99192E-005 9.99192E-005 0.0757707 9.99192E-005 0.880709 9.99192E-005
0.0456493 9.99102E-005 9.99102E-005 9.99102E-005 9.99102E-005 9.99102E-005 0.0614258 9.99102E-005 9.99102E-005 9.99102E-005 9.99102E-005 0.891926 9.99102E-005
9.99013E-005 0.0259836 9.99013E-005 9.99013E-005 9.99013E-005 9.99013E-005 9.99013E-005 0.972918 9.99013E-005 9.99013E-005 9.99013E-005 9.99013E-005 9.99013E-005
9.99192E-005 9.99192E-005 9.99192E-005 0.0438274 9.99192E-005 9.99192E-005 0.00788298 0.780775 9.99192E-005 9.99192E-005 9.99192E-005 0.166615 9.99192E-005
0.0547069 9.99103E-005 9.99103E-005 9.99103E-005 9.99103E-005 9.99103E-005 9.99103E-005 0.881379 9.99103E-005 9.99103E-005 9.99103E-005 0.0629153 9.99103E-005
9.99102E-005 9.99102E-005 9.99102E-005 9.99102E-005 9.99102E-005 9.99102E-005 0.053985 0.871023 9.99102E-005 0.0739924 9.99102E-005 9.99102E-005 9.99102E-005
9.99282E-005 9.99282E-005 0.00349672 9.99282E-005 9.99282E-005 0.0547379 0.00814851 0.920481 9.99282E-005 0.0123364 9.99282E-005 9.99282E-005 9.99282E-005
9.98923E-005 9.98923E-005 9.98923E-005 9.98923E-005 9.98923E-005 9.98923E-005 9.98923E-005 0.998801 9.98923E-005 9.98923E-005 9.98923E-005 9.98923E-005 9.98923E-005
9.99281E-005 9.99281E-005 9.99281E-005 9.99281E-005 9.99281E-005 0.126504 0.00897561 0.845383 0.00802694 9.99281E-005 9.99281E-005 0.0103103 9.99281E-005
9.99372E-005 0.537337 0.229903 9.99372E-005 0.00634806 0.0861833 9.99372E-005 9.99372E-005 9.99372E-005 9.99372E-005 9.99372E-005 0.0826499 0.0568789
9.99193E-005 0.0428559 0.839241 9.99193E-005 0.0108348 9.99193E-005 9.99193E-005 0.106169 9.99193E-005 9.99193E-005 9.99193E-005 9.99193E-005 9.99193E-005
9.99013E-005 0.0815143 0.917387 9.99013E-005 9.99013E-005 9.99013E-005 9.99013E-005 9.99013E-005 9.99013E-005 9.99013E-005 9.99013E-005 9.99013E-005 9.99013E-005
0.0580974 0.246928 0.598557 9.99282E-005 0.00553118 9.99282E-005 9.99282E-005 9.99282E-005 9.99282E-005 9.99282E-005 9.99282E-005 0.0900876 9.99282E-005
0.0741537 0.0394581 0.861967 9.99192E-005 9.99192E-005 9.99192E-005 0.023522 9.99192E-005 9.99192E-005 9.99192E-005 9.99192E-005 9.99192E-005 9.99192E-005
9.98919E-005 0.998801 9.98919E-005 9.98919E-005 9.98919E-005 9.98919E-005 9.98919E-005 9.98919E-005 9.98919E-005 9.98919E-005 9.98919E-005 9.98919E-005 9.98919E-005
9.98922E-005 0.998801 9.98922E-005 9.98922E-005 9.98922E-005 9.98922E-005 9.98922E-005 9.98922E-005 9.98922E-005 9.98922E-005 9.98922E-005 9.98922E-005 9.98922E-005
9.98922E-005 0.998801 9.98922E-005 9.98922E-005 9.98922E-005 9.98922E-005 9.98922E-005 9.98922E-005 9.98922E-005 9.98922E-005 9.98922E-005 9.98922E-005 9.98922E-005
9.99282E-005 0.0619489 0.728698 9.99282E-005 0.0730191 9.99282E-005 9.99282E-005 9.99282E-005 9.99282E-005 0.0443744 9.99282E-005 9.99282E-005 0.0911599
9.99192E-005 0.762508 0.214755 9.99192E-005 9.99192E-005 9.99192E-005 9.99192E-005 9.99192E-005 9.99192E-005 9.99192E-005 0.0133439 0.00849314 9.99192E-005
9.99192E-005 0.00294346 0.913817 9.99192E-005 9.99192E-005 9.99192E-005 9.99192E-005 0.0200271 9.99192E-005 9.99192E-005 9.99192E-005 9.99192E-005 0.0623134
9.98921E-005 0.998801 9.98921E-005 9.98921E-005 9.98921E-005 9.98921E-005 9.98921E-005 9.98921E-005 9.98921E-005 9.98921E-005 9.98921E-005 9.98921E-005 9.98921E-005
9.99192E-005 0.164015 0.647499 0.116457 9.99192E-005 9.99192E-005 9.99192E-005 9.99192E-005 9.99192E-005 9.99192E-005 9.99192E-005 0.0711304 9.99192E-005
9.99012E-005 0.987961 9.99012E-005 9.99012E-005 9.99012E-005 9.99012E-005 0.0109403 9.99012E-005 9.99012E-005 9.99012E-005 9.99012E-005 9.99012E-005 9.99012E-005
9.99102E-005 0.0742613 0.841208 9.99102E-005 9.99102E-005 0.0835321 9.99102E-005 9.99102E-005 9.99102E-005 9.99102E-005 9.99102E-005 9.99102E-005 9.99102E-005
0.0182268 0.242621 0.697789 9.99193E-005 9.99193E-005 9.99193E-005 9.99193E-005 9.99193E-005 9.99193E-005 9.99193E-005 9.99193E-005 0.0404647 9.99193E-005
0.00348028 0.122571 0.727088 0.0457582 0.0161272 0.0467921 9.99461E-005 9.99461E-005 9.99461E-005 0.0375841 9.99461E-005 9.99461E-005 9.99461E-005
9.99192E-005 0.105484 0.858202 0.00653767 9.99192E-005 9.99192E-005 9.99192E-005 9.99192E-005 9.99192E-005 9.99192E-005 9.99192E-005 0.0288764 9.99192E-005
9.99461E-005 0.106376 0.744059 9.99461E-005 9.99461E-005 9.99461E-005 9.99461E-005 9.99461E-005 0.00869573 0.0244454 0.00483907 0.0532954 0.0576895
9.99372E-005 9.99372E-005 0.0431234 0.00639961 0.699215 0.0364993 9.99372E-005 0.170726 9.99372E-005 0.0433372 9.99372E-005 9.99372E-005 9.99372E-005
9.98923E-005 9.98923E-005 9.98923E-005 9.98923E-005 0.998801 9.98923E-005 9.98923E-005 9.98923E-005 9.98923E-005 9.98923E-005 9.98923E-005 9.98923E-005 9.98923E-005
9.99283E-005 0.0209727 9.99283E-005 9.99283E-005 0.816257 0.0881759 9.99283E-005 9.99283E-005 9.99283E-005 0.0261757 0.0476188 9.99283E-005 9.99283E-005
9.99193E-005 9.99193E-005 9.99193E-005 9.99193E-005 0.850298 0.133251 0.00598943 9.99193E-005 0.00956255 9.99193E-005 9.99193E-005 9.99193E-005 9.99193E-005
9.99461E-005 0.0123775 0.00986366 0.000602869 0.786469 0.161526 9.99461E-005 9.99461E-005 0.00752599 9.99461E-005 0.0210349 9.99461E-005 9.99461E-005
9.99192E-005 9.99192E-005 9.99192E-005 9.99192E-005 0.951817 0.0220113 9.99192E-005 0.0142338 9.99192E-005 9.99192E-005 9.99192E-005 9.99192E-005 0.0110382
9.99103E-005 9.99103E-005 9.99103E-005 9.99103E-005 0.806931 0.181443 9.99103E-005 9.99103E-005 9.99103E-005 9.99103E-005 0.0106271 9.99103E-005 9.99103E-005
0.00370826 0.0194128 9.99461E-005 9.99461E-005 0.767183 0.0425169 9.99461E-005 0.136508 0.00239869 9.99461E-005 9.99461E-005 9.99461E-005 0.027673
9.99013E-005 9.99013E-005 9.99013E-005 9.99013E-005 0.945855 0.0530464 9.99013E-005 9.99013E-005 9.99013E-005 9.99013E-005 9.99013E-005 9.99013E-005 9.99013E-005
9.99372E-005 0.0302625 9.99372E-005 0.162933 0.000620549 9.99372E-005 9.99372E-005 0.295953 9.99372E-005 0.124112 9.99372E-005 9.99372E-005 0.38542
9.98921E-005 9.98921E-005 9.98921E-005 9.98921E-005 9.98921E-005 9.98921E-005 9.98921E-005 9.98921E-005 0.998801 9.98921E-005 9.98921E-005 9.98921E-005 9.98921E-005
9.99102E-005 9.99102E-005 9.99102E-005 9.99102E-005 0.00474292 9.99102E-005 0.983116 9.99102E-005 0.0111422 9.99102E-005 9.99102E-005 9.99102E-005 9.99102E-005
9.99103E-005 9.99103E-005 9.99103E-005 9.99103E-005 9.99103E-005 0.0573902 9.99103E-005 9.99103E-005 9.99103E-005 9.99103E-005 0.000621088 9.99103E-005 0.94099
9.9901E-005 9.9901E-005 9.9901E-005 9.9901E-005 9.9901E-005 9.9901E-005 0.70995 9.9901E-005 9.9901E-005 9.9901E-005 9.9901E-005 9.9901E-005 0.288951
9.99013E-005 0.0212104 9.99013E-005 9.99013E-005 9.99013E-005 9.99013E-005 9.99013E-005 9.99013E-005 9.99013E-005 9.99013E-005 9.99013E-005 9.99013E-005 0.977691
0.0145923 9.99372E-005 0.130608 9.99372E-005 0.0154497 9.99372E-005 9.99372E-005 9.99372E-005 9.99372E-005 0.0361826 0.0520166 9.99372E-005 0.750452
0.0502525 0.00629688 9.99461E-005 0.0862548 0.0991089 9.99461E-005 9.99461E-005 0.104153 0.0044292 9.99461E-005 9.99461E-005 9.99461E-005 0.648905
9.99104E-005 9.99104E-005 9.99104E-005 9.99104E-005 9.99104E-005 9.99104E-005 9.99104E-005 9.99104E-005 9.99104E-005 0.0230498 9.99104E-005 0.0150469 0.960904
9.99103E-005 9.99103E-005 9.99103E-005 9.99103E-005 9.99103E-005 9.99103E-005 9.99103E-005 9.99103E-005 0.00365883 9.99103E-005 9.99103E-005 0.0478923 0.94745
9.99281E-005 0.048703 9.99281E-005 9.99281E-005 9.99281E-005 0.0655437 9.99281E-005 9.99281E-005 9.99281E-005 0.0112381 0.0662688 9.99281E-005 0.807447
9.99105E-005 9.99105E-005 9.99105E-005 9.99105E-005 9.99105E-005 9.99105E-005 9.99105E-005 9.99105E-005 9.99105E-005 9.99105E-005 0.00906921 0.0441049 0.945827
0.0434533 9.99012E-005 9.99012E-005 9.99012E-005 9.99012E-005 9.99012E-005 9.99012E-005 9.99012E-005 9.99012E-005 9.99012E-005 9.99012E-005 9.99012E-005 0.955448
9.99012E-005 9.99012E-005 0.0146316 9.99012E-005 9.99012E-005 9.99012E-005 9.99012E-005 9.99012E-005 9.99012E-005 9.99012E-005 9.99012E-005 9.99012E-005 0.984269
0.00182243 0.00758325 9.99192E-005 0.978911 9.99192E-005 9.99192E-005 9.99192E-005 0.010784 9.99192E-005 9.99192E-005 9.99192E-005 9.99192E-005 9.99192E-005
9.99102E-005 9.99102E-005 0.0857711 0.910898 9.99102E-005 9.99102E-005 9.99102E-005 9.99102E-005 9.99102E-005 9.99102E-005 0.00233168 9.99102E-005 9.99102E-005
9.99372E-005 9.99372E-005 9.99372E-005 0.902736 0.00894754 0.0383379 9.99372E-005 9.99372E-005 0.00680817 9.99372E-005 9.99372E-005 0.0257561 0.0167146
0.129581 9.99282E-005 9.99282E-005 0.457536 9.99282E-005 9.99282E-005 0.014441 9.99282E-005 9.99282E-005 0.0132385 0.384404 9.99282E-005 9.99282E-005
0.0842738 0.0407413 9.99328E-005 0.247679 9.99328E-005 9.99328E-005 9.99328E-005 9.99328E-005 9.99328E-005 0.241289 0.385217 9.99328E-005 9.99328E-005
9.99013E-005 9.99013E-005 9.99013E-005 9.99013E-005 9.99013E-005 9.99013E-005 9.99013E-005 9.99013E-005 9.99013E-005 9.99013E-005 0.971941 9.99013E-005 0.0269597
9.98921E-005 9.98921E-005 9.98921E-005 9.98921E-005 9.98921E-005 9.98921E-005 9.98921E-005 9.98921E-005 9.98921E-005 9.98921E-005 0.998801 9.98921E-005 9.98921E-005
0.121226 9.99282E-005 0.0324652 0.380845 9.99282E-005 9.99282E-005 9.99282E-005 9.99282E-005 9.99282E-005 0.0339105 0.430753 9.99282E-005 9.99282E-005
0.168962 9.99282E-005 9.99282E-005 0.302624 9.99282E-005 9.99282E-005 9.99282E-005 9.99282E-005 9.99282E-005 0.0834931 0.429706 9.99282E-005 0.0144153
9.99102E-005 9.99102E-005 9.99102E-005 9.99102E-005 9.99102E-005 0.00713846 9.99102E-005 0.0516431 9.99102E-005 9.99102E-005 0.940219 9.99102E-005 9.99102E-005
9.98922E-005 9.98922E-005 9.98922E-005 9.98922E-005 9.98922E-005 9.98922E-005 9.98922E-005 9.98922E-005 9.98922E-005 9.98922E-005 0.998801 9.98922E-005 9.98922E-005
0.142395 9.99192E-005 0.0455748 0.455394 9.99192E-005 9.99192E-005 9.99192E-005 9.99192E-005 9.99192E-005 9.99192E-005 0.355737 9.99192E-005 9.99192E-005
9.99013E-005 9.99013E-005 9.99013E-005 9.99013E-005 9.99013E-005 9.99013E-005 9.99013E-005 0.00916623 9.99013E-005 9.99013E-005 0.989735 9.99013E-005 9.99013E-005
9.99011E-005 9.99011E-005 9.99011E-005 9.99011E-005 9.99011E-005 9.99011E-005 9.99011E-005 9.99011E-005 0.00989229 9.99011E-005 0.989009 9.99011E-005 9.99011E-005
9.99013E-005 9.99013E-005 9.99013E-005 9.99013E-005 9.99013E-005 9.99013E-005 0.0115753 9.99013E-005 9.99013E-005 9.99013E-005 0.987326 9.99013E-005 9.99013E-005
9.99013E-005 9.99013E-005 9.99013E-005 0.0527954 9.99013E-005 9.99013E-005 9.99013E-005 9.99013E-005 9.99013E-005 9.99013E-005 0.946106 9.99013E-005 9.99013E-005
9.99012E-005 0.0315214 9.99012E-005 9.99012E-005 9.99012E-005 9.99012E-005 9.99012E-005 9.99012E-005 9.99012E-005 9.99012E-005 0.96738 9.99012E-005 9.99012E-005
0.00635047 9.99104E-005 0.946392 9.99104E-005 9.99104E-005 0.0462588 9.99104E-005 9.99104E-005 9.99104E-005 9.99104E-005 9.99104E-005 9.99104E-005 9.99104E-005
9.99371E-005 0.00336855 9.99371E-005 0.0110014 0.857054 0.0731655 9.99371E-005 9.99371E-005 0.00538388 9.99371E-005 9.99371E-005 0.0493271 9.99371E-005
9.99102E-005 0.0384536 9.99102E-005 9.99102E-005 0.945465 9.99102E-005 9.99102E-005 0.0150823 9.99102E-005 9.99102E-005 9.99102E-005 9.99102E-005 9.99102E-005
9.99013E-005 9.99013E-005 9.99013E-005 9.99013E-005 9.99013E-005 9.99013E-005 9.99013E-005 9.99013E-005 9.99013E-005 0.973808 0.0250933 9.99013E-005 9.99013E-005
0.163376 9.99192E-005 9.99192E-005 9.99192E-005 9.99192E-005 9.99192E-005 0.0260922 9.99192E-005 9.99192E-005 0.759295 0.0503371 9.99192E-005 9.99192E-005
0.214445 9.99103E-005 9.99103E-005 9.99103E-005 9.99103E-005 9.99103E-005 9.99103E-005 9.99103E-005 9.99103E-005 0.746299 0.0382568 9.99103E-005 9.99103E-005
9.99013E-005 9.99013E-005 9.99013E-005 9.99013E-005 9.99013E-005 0.0193008 9.99013E-005 9.99013E-005 9.99013E-005 0.9796 9.99013E-005 9.99013E-005 9.99013E-005
0.429945 9.99282E-005 9.99282E-005 0.00889923 9.99282E-005 9.99282E-005 0.00602926 9.99282E-005 9.99282E-005 0.521094 9.99282E-005 9.99282E-005 0.0332334
0.248839 0.0188712 9.99371E-005 0.00766654 9.99371E-005 9.99371E-005 0.00248947 0.00782319 9.99371E-005 0.713611 9.99371E-005 9.99371E-005 9.99371E-005
0.326424 0.027774 9.99283E-005 9.99283E-005 9.99283E-005 9.99283E-005 0.0252016 9.99283E-005 9.99283E-005 0.605347 0.0144547 9.99283E-005 9.99283E-005
0.380497 9.99462E-005 9.99462E-005 9.99462E-005 9.99462E-005 9.99462E-005 0.00306139 0.00265619 9.99462E-005 0.570015 0.00369804 0.00684602 0.0326263
0.0874946 9.99103E-005 0.0690325 9.99103E-005 9.99103E-005 9.99103E-005 9.99103E-005 9.99103E-005 9.99103E-005 0.842474 9.99103E-005 9.99103E-005 9.99103E-005
0.0189002 9.99192E-005 9.99192E-005 9.99192E-005 9.99192E-005 9.99192E-005 9.99192E-005 0.0320944 0.0063829 0.941723 9.99192E-005 9.99192E-005 9.99192E-005
9.98924E-005 9.98924E-005 9.98924E-005 9.98924E-005 9.98924E-005 9.98924E-005 9.98924E-005 9.98924E-005 9.98924E-005 0.998801 9.98924E-005 9.98924E-005 9.98924E-005
0.069535 0.00703869 9.99372E-005 9.99372E-005 9.99372E-005 9.99372E-005 0.0404306 9.99372E-005 0.0127459 0.821156 9.99372E-005 9.99372E-005 0.0483947
0.0320433 9.99103E-005 9.99103E-005 9.99103E-005 9.99103E-005 9.99103E-005 9.99103E-005 9.99103E-005 9.99103E-005 0.944377 9.99103E-005 9.99103E-005 0.0225808
0.106561 9.99102E-005 9.99102E-005 9.99102E-005 9.99102E-005 9.99102E-005 9.99102E-005 9.99102E-005 9.99102E-005 0.871276 0.0211636 9.99102E-005 9.99102E-005
0.0260316 9.99282E-005 9.99282E-005 0.0241485 9.99282E-005 9.99282E-005 0.0140862 9.99282E-005 9.99282E-005 0.928685 9.99282E-005 0.00624903 9.99282E-005
0.330858 0.0185931 9.99282E-005 9.99282E-005 9.99282E-005 0.0491827 0.0302401 9.99282E-005 9.99282E-005 0.570327 9.99282E-005 9.99282E-005 9.99282E-005
0.067133 9.99192E-005 9.99192E-005 9.99192E-005 9.99192E-005 9.99192E-005 0.0251063 9.99192E-005 9.99192E-005 0.847304 0.0595576 9.99192E-005 9.99192E-005
0.174607 9.99103E-005 9.99103E-005 9.99103E-005 0.0237371 9.99103E-005 9.99103E-005 9.99103E-005 9.99103E-005 0.800657 9.99103E-005 9.99103E-005 9.99103E-005
0.0688207 9.99193E-005 9.99193E-005 9.99193E-005 9.99193E-005 9.99193E-005 9.99193E-005 9.99193E-005 0.00698698 0.920553 0.00274004 9.99193E-005 9.99193E-005
0.531343 9.99282E-005 0.0551848 9.99282E-005 9.99282E-005 9.99282E-005 0.0280628 9.99282E-005 9.99282E-005 0.355865 0.0287459 9.99282E-005 9.99282E-005
0.381497 9.99192E-005 9.99192E-005 9.99192E-005 9.99192E-005 9.99192E-005 0.00589163 9.99192E-005 9.99192E-005 0.588894 0.0228181 9.99192E-005 9.99192E-005
9.99013E-005 9.99013E-005 9.99013E-005 9.99013E-005 9.99013E-005 9.99013E-005 9.99013E-005 0.0693724 9.99013E-005 0.929529 9.99013E-005 9.99013E-005 9.99013E-005
0.559248 9.99192E-005 9.99192E-005 9.99192E-005 9.99192E-005 9.99192E-005 0.0225001 9.99192E-005 9.99192E-005 0.408081 9.99192E-005 0.00927087 9.99192E-005
0.0932235 0.0105977 9.99372E-005 0.000533223 9.99372E-005 9.99372E-005 9.99372E-005 9.99372E-005 0.000520884 0.803953 9.99372E-005 9.99372E-005 0.0904725
0.240697 9.99102E-005 9.99102E-005 0.00533426 9.99102E-005 9.99102E-005 9.99102E-005 9.99102E-005 9.99102E-005 0.752969 9.99102E-005 9.99102E-005 9.99102E-005
0.120595 0.0123615 9.99282E-005 9.99282E-005 9.99282E-005 9.99282E-005 0.0350687 9.99282E-005 9.99282E-005 0.800006 9.99282E-005 0.03117 9.99282E-005
0.0028683 9.99192E-005 9.99192E-005 0.499147 9.99192E-005 9.99192E-005 9.99192E-005 9.99192E-005 9.99192E-005 0.158767 0.338318 9.99192E-005 9.99192E-005
9.99281E-005 9.99281E-005 0.259279 0.400146 9.99281E-005 9.99281E-005 0.0513887 9.99281E-005 9.99281E-005 0.0945796 0.193807 9.99281E-005 9.99281E-005
0.0560752 0.0109372 9.99283E-005 0.44071 9.99283E-005 9.99283E-005 9.99283E-005 9.99283E-005 9.99283E-005 0.259753 0.231726 9.99283E-005 9.99283E-005
9.99282E-005 9.99282E-005 0.051099 9.99282E-005 0.000802734 0.699396 9.99282E-005 0.228436 9.99282E-005 9.99282E-005 0.0194661 9.99282E-005 9.99282E-005
9.98919E-005 9.98919E-005 9.98919E-005 9.98919E-005 9.98919E-005 0.998801 9.98919E-005 9.98919E-005 9.98919E-005 9.98919E-005 9.98919E-005 9.98919E-005 9.98919E-005
9.99014E-005 9.99014E-005 9.99014E-005 9.99014E-005 9.99014E-005 0.984477 9.99014E-005 9.99014E-005 9.99014E-005 9.99014E-005 9.99014E-005 9.99014E-005 0.0144236
9.99101E-005 0.00428101 9.99101E-005 9.99101E-005 9.99101E-005 0.992002 9.99101E-005 9.99101E-005 9.99101E-005 9.99101E-005 9.99101E-005 0.0027181 9.99101E-005
9.99103E-005 9.99103E-005 9.99103E-005 9.99103E-005 0.0829584 0.910354 9.99103E-005 0.00568849 9.99103E-005 9.99103E-005 9.99103E-005 9.99103E-005 9.99103E-005
9.98923E-005 9.98923E-005 9.98923E-005 9.98923E-005 9.98923E-005 0.998801 9.98923E-005 9.98923E-005 9.98923E-005 9.98923E-005 9.98923E-005 9.98923E-005 9.98923E-005
9.99461E-005 0.0464565 0.0495616 9.99461E-005 0.14825 0.464748 9.99461E-005 0.24529 0.0186693 9.99461E-005 0.0264245 9.99461E-005 9.99461E-005
9.99102E-005 9.99102E-005 9.99102E-005 9.99102E-005 0.979866 9.99102E-005 0.0112559 9.99102E-005 0.00787926 9.99102E-005 9.99102E-005 9.99102E-005 9.99102E-005
9.98923E-005 9.98923E-005 9.98923E-005 9.98923E-005 0.998801 9.98923E-005 9.98923E-005 9.98923E-005 9.98923E-005 9.98923E-005 9.98923E-005 9.98923E-005 9.98923E-005
9.99282E-005 0.0582239 9.99282E-005 9.99282E-005 0.813824 9.99282E-005 9.99282E-005 0.0925869 0.0121516 9.99282E-005 0.0224139 9.99282E-005 9.99282E-005
0.371415 0.0197167 0.334514 9.99372E-005 0.0136073 0.168065 9.99372E-005 9.99372E-005 9.99372E-005 0.0919822 9.99372E-005 9.99372E-005 9.99372E-005
0.0982435 0.0303576 0.0821736 9.9955E-005 9.9955E-005 9.9955E-005 0.0284521 0.630526 0.00838621 9.9955E-005 9.9955E-005 0.0687654 0.0525959
9.9919E-005 0.0123931 9.9919E-005 9.9919E-005 9.9919E-005 9.9919E-005 0.858107 0.106142 9.9919E-005 9.9919E-005 9.9919E-005 0.0224586 9.9919E-005
9.99192E-005 9.99192E-005 9.99192E-005 0.898165 9.99192E-005 9.99192E-005 9.99192E-005 9.99192E-005 0.00814647 0.0575747 9.99192E-005 9.99192E-005 0.0352146
9.99282E-005 9.99282E-005 9.99282E-005 0.898882 9.99282E-005 9.99282E-005 9.99282E-005 0.0265001 9.99282E-005 9.99282E-005 0.0408465 0.0299365 0.00303586
0.0592622 9.99009E-005 9.99009E-005 9.99009E-005 9.99009E-005 9.99009E-005 0.939639 9.99009E-005 9.99009E-005 9.99009E-005 9.99009E-005 9.99009E-005 9.99009E-005
0.252944 9.99283E-005 9.99283E-005 9.99283E-005 9.99283E-005 9.99283E-005 9.99283E-005 0.021546 9.99283E-005 0.717766 0.00257308 9.99283E-005 0.004372
0.998801 9.98923E-005 9.98923E-005 9.98923E-005 9.98923E-005 9.98923E-005 9.98923E-005 9.98923E-005 9.98923E-005 9.98923E-005 9.98923E-005 9.98923E-005 9.98923E-005
0.283608 0.00670555 0.0162175 9.99461E-005 9.99461E-005 9.99461E-005 0.0336728 0.0338972 0.000421187 0.624878 9.99461E-005 9.99461E-005 9.99461E-005
0.998801 9.9892E-005 9.9892E-005 9.9892E-005 9.9892E-005 9.9892E-005 9.9892E-005 9.9892E-005 9.9892E-005 9.9892E-005 9.9892E-005 9.9892E-005 9.9892E-005
9.99281E-005 9.99281E-005 9.99281E-005 9.99281E-005 9.99281E-005 0.0100768 9.99281E-005 0.00477658 0.0125559 0.95288 9.99281E-005 9.99281E-005 0.0189116
0.10098 9.99372E-005 9.99372E-005 9.99372E-005 9.99372E-005 9.99372E-005 0.00201646 9.99372E-005 0.00611281 0.86617 0.0190567 9.99372E-005 0.00496424
0.0666008 0.00321404 9.99551E-005 9.99551E-005 9.99551E-005 0.0171564 9.99551E-005 9.99551E-005 0.00179553 0.883726 0.022968 0.0025761 0.00146359
0.998801 9.9892E-005 9.9892E-005 9.9892E-005 9.9892E-005 9.9892E-005 9.9892E-005 9.9892E-005 9.9892E-005 9.9892E-005 9.9892E-005 9.9892E-005 9.9892E-005
0.224941 9.99192E-005 9.99192E-005 9.99192E-005 0.035025 9.99192E-005 0.0222646 9.99192E-005 9.99192E-005 0.71687 9.99192E-005 9.99192E-005 9.99192E-005
0.107129 9.99103E-005 9.99103E-005 9.99103E-005 9.99103E-005 9.99103E-005 9.99103E-005 9.99103E-005 9.99103E-005 0.84175 0.0501228 9.99103E-005 9.99103E-005
0.803868 9.99103E-005 9.99103E-005 0.0139083 9.99103E-005 9.99103E-005 9.99103E-005 9.99103E-005 9.99103E-005 0.181225 9.99103E-005 9.99103E-005 9.99103E-005
0.951262 9.99102E-005 9.99102E-005 9.99102E-005 9.99102E-005 9.99102E-005 9.99102E-005 9.99102E-005 9.99102E-005 0.0358377 0.0119009 9.99102E-005 9.99102E-005
0.768129 9.99191E-005 9.99191E-005 9.99191E-005 9.99191E-005 9.99191E-005 9.99191E-005 0.0629147 0.000168216 0.167889 9.99191E-005 9.99191E-005 9.99191E-005
0.1485 0.0283061 9.99192E-005 9.99192E-005 9.99192E-005 9.99192E-005 0.00896797 9.99192E-005 9.99192E-005 0.813326 9.99192E-005 9.99192E-005 9.99192E-005
0.527543 9.99192E-005 9.99192E-005 9.99192E-005 9.99192E-005 9.99192E-005 0.0199185 9.99192E-005 9.99192E-005 0.38475 9.99192E-005 9.99192E-005 0.0668891
0.0418766 0.0629966 0.588823 9.994E-005 0.0177843 0.145983 9.994E-005 9.994E-005 9.994E-005 9.994E-005 0.0542974 0.0876392 9.994E-005
9.99372E-005 0.00621088 0.816189 9.99372E-005 9.99372E-005 0.0261244 9.99372E-005 9.99372E-005 9.99372E-005 0.0106291 0.00198457 0.138163 9.99372E-005
9.99372E-005 0.085912 0.578399 0.0206598 0.107505 9.99372E-005 9.99372E-005 9.99372E-005 9.99372E-005 9.99372E-005 0.0234255 0.183399 9.99372E-005
9.98924E-005 9.98924E-005 9.98924E-005 9.98924E-005 0.998801 9.98924E-005 9.98924E-005 9.98924E-005 9.98924E-005 9.98924E-005 9.98924E-005 9.98924E-005 9.98924E-005
9.99103E-005 0.0240994 9.99103E-005 9.99103E-005 0.963474 9.99103E-005 9.99103E-005 9.99103E-005 9.99103E-005 9.99103E-005 9.99103E-005 0.0114274 9.99103E-005
9.99104E-005 9.99104E-005 0.0507338 9.99104E-005 0.909459 9.99104E-005 9.99104E-005 9.99104E-005 9.99104E-005 9.99104E-005 9.99104E-005 9.99104E-005 0.0388082
9.99282E-005 0.034059 9.99282E-005 0.022683 0.812087 0.0213506 9.99282E-005 0.109021 9.99282E-005 9.99282E-005 9.99282E-005 9.99282E-005 9.99282E-005
9.99013E-005 9.99013E-005 9.99013E-005 0.993068 9.99013E-005 9.99013E-005 9.99013E-005 0.00583304 9.99013E-005 9.99013E-005 9.99013E-005 9.99013E-005 9.99013E-005
9.99102E-005 9.99102E-005 9.99102E-005 0.989789 9.99102E-005 0.00776008 9.99102E-005 9.99102E-005 9.99102E-005 9.99102E-005 9.99102E-005 9.99102E-005 0.00145147
9.99103E-005 9.99103E-005 9.99103E-005 0.947002 0.0054831 0.0465161 9.99103E-005 9.99103E-005 9.99103E-005 9.99103E-005 9.99103E-005 9.99103E-005 9.99103E-005
0.00780757 0.028679 0.782845 9.99372E-005 9.99372E-005 0.00566552 9.99372E-005 0.151208 9.99372E-005 9.99372E-005 9.99372E-005 9.99372E-005 0.0230949
9.99282E-005 9.99282E-005 0.92584 0.0349714 9.99282E-005 9.99282E-005 0.00696797 0.0202148 0.0112066 9.99282E-005 9.99282E-005 9.99282E-005 9.99282E-005
0.0277419 9.99551E-005 0.65776 0.0491609 9.99551E-005 0.0109012 9.99551E-005 0.180088 9.99551E-005 0.0460797 9.99551E-005 0.011428 0.0163402
9.99192E-005 9.99192E-005 0.897805 0.0356436 9.99192E-005 9.99192E-005 0.027387 9.99192E-005 9.99192E-005 0.0382651 9.99192E-005 9.99192E-005 9.99192E-005
