9.99372E-005 9.99372E-005 9.99372E-005 9.99372E-005 0.956441 0.015426 9.99372E-005 0.0144623 9.99372E-005 0.00306658 0.00990405 9.99372E-005
9.99102E-005 9.99102E-005 9.99102E-005 9.99102E-005 0.989127 9.99102E-005 9.99102E-005 0.0098738 9.99102E-005 9.99102E-005 9.99102E-005 9.99102E-005
9.99192E-005 9.99192E-005 9.99192E-005 9.99192E-005 0.851312 0.120248 9.99192E-005 0.0275406 9.99192E-005 9.99192E-005 9.99192E-005 9.99192E-005
0.0859837 0.0270519 9.99462E-005 0.116196 0.679718 9.99462E-005 9.99462E-005 0.0045424 9.99462E-005 9.99462E-005 0.0859089 9.99462E-005
9.99282E-005 9.99282E-005 9.99282E-005 9.99282E-005 0.877315 0.0401431 9.99282E-005 0.0107881 9.99282E-005 9.99282E-005 0.0709541 9.99282E-005
9.99011E-005 9.99011E-005 9.99011E-005 9.99011E-005 0.998901 9.99011E-005 9.99011E-005 9.99011E-005 9.99011E-005 9.99011E-005 9.99011E-005 9.99011E-005
9.99101E-005 9.99101E-005 9.99101E-005 9.99101E-005 0.987186 9.99101E-005 9.99101E-005 0.0118149 9.99101E-005 9.99101E-005 9.99101E-005 9.99101E-005
0.0661675 9.99551E-005 9.99551E-005 0.0411498 0.756977 9.99551E-005 0.0260424 9.99551E-005 0.0567273 0.0139743 0.038462 9.99551E-005
0.0507392 0.0728668 0.0101321 0.0319973 0.831975 9.99461E-005 9.99461E-005 9.99461E-005 9.99461E-005 0.00169005 9.99461E-005 9.99461E-005
0.0693119 0.103929 9.99192E-005 9.99192E-005 0.82586 9.99192E-005 9.99192E-005 9.99192E-005 9.99192E-005 9.99192E-005 9.99192E-005 9.99192E-005
9.99192E-005 9.99192E-005 0.0595348 9.99192E-005 0.86795 9.99192E-005 9.99192E-005 9.99192E-005 9.99192E-005 0.071616 9.99192E-005 9.99192E-005
0.101891 9.99641E-005 9.99641E-005 0.0192395 0.600961 0.0168581 0.00493307 0.0725266 0.0157052 9.99641E-005 0.167485 9.99641E-005
0.0128854 9.99641E-005 9.99641E-005 0.0251119 0.697427 0.0675522 9.99641E-005 0.0182902 0.0660254 9.99641E-005 0.0768076 0.0355002
9.99462E-005 9.99462E-005 0.0579327 0.0508461 0.627358 0.129186 0.0167529 9.99462E-005 9.99462E-005 9.99462E-005 0.117325 9.99462E-005
0.159897 0.0894258 9.99641E-005 0.122716 0.425719 0.0326168 0.0470667 9.99641E-005 9.99641E-005 0.0595033 0.0626552 9.99641E-005
0.233971 9.99372E-005 9.99372E-005 0.0952213 0.455967 0.204137 0.0100036 9.99372E-005 9.99372E-005 9.99372E-005 9.99372E-005 9.99372E-005
0.166908 9.99372E-005 9.99372E-005 0.0900037 0.506565 0.110279 9.99372E-005 9.99372E-005 9.99372E-005 9.99372E-005 0.125544 9.99372E-005
0.145314 9.99551E-005 9.99551E-005 0.0258725 0.485487 0.222291 0.00080936 9.99551E-005 9.99551E-005 0.0341949 0.0855326 9.99551E-005
0.21503 9.99461E-005 0.0310718 9.99461E-005 0.0842297 0.0860614 9.99461E-005 0.571579 9.99461E-005 9.99461E-005 0.0114288 9.99461E-005
0.881907 9.99282E-005 9.99282E-005 9.99282E-005 0.0491266 9.99282E-005 9.99282E-005 0.0616673 9.99282E-005 9.99282E-005 0.00649986 9.99282E-005
0.878615 9.99103E-005 9.99103E-005 9.99103E-005 9.99103E-005 9.99103E-005 9.99103E-005 0.120386 9.99103E-005 9.99103E-005 9.99103E-005 9.99103E-005
0.603221 9.99551E-005 0.0362135 9.99551E-005 0.0528875 9.99551E-005 9.99551E-005 0.275847 0.00584623 0.00960471 0.0158801 9.99551E-005
0.844424 9.99371E-005 0.0468729 9.99371E-005 9.99371E-005 9.99371E-005 9.99371E-005 0.0669091 9.99371E-005 0.0256068 9.99371E-005 0.015488
9.99009E-005 9.99009E-005 9.99009E-005 9.99009E-005 9.99009E-005 9.99009E-005 9.99009E-005 0.998901 9.99009E-005 9.99009E-005 9.99009E-005 9.99009E-005
9.99011E-005 9.99011E-005 9.99011E-005 9.99011E-005 9.99011E-005 9.99011E-005 9.99011E-005 0.998901 9.99011E-005 9.99011E-005 9.99011E-005 9.99011E-005
9.99012E-005 9.99012E-005 9.99012E-005 9.99012E-005 9.99012E-005 9.99012E-005 9.99012E-005 0.998901 9.99012E-005 9.99012E-005 9.99012E-005 9.99012E-005
0.703399 0.0222587 0.00223904 0.097346 9.99641E-005 0.0318476 0.010239 0.0764593 9.99641E-005 9.99641E-005 0.0558117 9.99641E-005
0.226392 0.00023785 9.99191E-005 9.99191E-005 9.99191E-005 9.99191E-005 9.99191E-005 0.772471 9.99191E-005 9.99191E-005 9.99191E-005 9.99191E-005
0.892854 9.99372E-005 9.99372E-005 0.0333993 9.99372E-005 0.0199847 9.99372E-005 0.0456791 9.99372E-005 0.00738335 9.99372E-005 9.99372E-005
9.99011E-005 9.99011E-005 9.99011E-005 9.99011E-005 9.99011E-005 9.99011E-005 9.99011E-005 0.998901 9.99011E-005 9.99011E-005 9.99011E-005 9.99011E-005
0.662922 0.000534204 9.99371E-005 9.99371E-005 0.0795567 9.99371E-005 9.99371E-005 0.172028 0.0842594 9.99371E-005 9.99371E-005 9.99371E-005
9.99012E-005 9.99012E-005 9.99012E-005 9.99012E-005 9.99012E-005 9.99012E-005 9.99012E-005 0.998901 9.99012E-005 9.99012E-005 9.99012E-005 9.99012E-005
0.742409 0.00243471 9.99282E-005 9.99282E-005 9.99282E-005 0.131527 9.99282E-005 0.12283 9.99282E-005 9.99282E-005 9.99282E-005 9.99282E-005
0.669094 0.0254099 0.0308601 9.99282E-005 9.99282E-005 9.99282E-005 9.99282E-005 0.273836 9.99282E-005 9.99282E-005 9.99282E-005 9.99282E-005
0.63274 9.99461E-005 9.99461E-005 9.99461E-005 9.99461E-005 0.0159334 9.99461E-005 0.189707 0.0485612 9.99461E-005 0.0548992 0.0575601
0.810422 9.99282E-005 9.99282E-005 9.99282E-005 0.0235666 9.99282E-005 9.99282E-005 0.157434 0.00777873 9.99282E-005 9.99282E-005 9.99282E-005
0.712399 9.99372E-005 9.99372E-005 0.107854 0.0414541 9.99372E-005 9.99372E-005 0.127024 9.99372E-005 0.0105695 9.99372E-005 9.99372E-005
0.0334687 0.0366431 0.0288476 9.99551E-005 0.0624108 0.125131 0.00403013 9.99551E-005 9.99551E-005 9.99551E-005 0.708969 9.99551E-005
9.99102E-005 9.99102E-005 0.00244614 9.99102E-005 9.99102E-005 9.99102E-005 9.99102E-005 9.99102E-005 9.99102E-005 9.99102E-005 0.996555 9.99102E-005
9.99372E-005 0.0461479 9.99372E-005 9.99372E-005 9.99372E-005 0.123233 0.018408 0.0226894 9.99372E-005 9.99372E-005 0.788822 9.99372E-005
9.99282E-005 0.00871328 9.99282E-005 9.99282E-005 9.99282E-005 0.139753 9.99282E-005 9.99282E-005 9.99282E-005 0.00915394 0.84158 9.99282E-005
9.99282E-005 9.99282E-005 9.99282E-005 9.99282E-005 9.99282E-005 0.203683 0.0281438 0.0174565 9.99282E-005 9.99282E-005 0.749917 9.99282E-005
9.99192E-005 9.99192E-005 9.99192E-005 0.0119479 9.99192E-005 0.0180592 9.99192E-005 9.99192E-005 9.99192E-005 9.99192E-005 0.969094 9.99192E-005
9.99192E-005 9.99192E-005 9.99192E-005 9.99192E-005 9.99192E-005 0.238497 0.000304764 9.99192E-005 9.99192E-005 9.99192E-005 0.760299 9.99192E-005
9.99372E-005 9.99372E-005 9.99372E-005 0.071718 0.0268484 0.0602479 9.99372E-005 0.0255169 9.99372E-005 9.99372E-005 0.814969 9.99372E-005
9.99282E-005 9.99282E-005 9.99282E-005 9.99282E-005 9.99282E-005 0.0645159 0.00102742 0.00883355 9.99282E-005 9.99282E-005 0.924824 9.99282E-005
9.99641E-005 0.106326 9.99641E-005 0.601983 0.105189 0.0141632 9.99641E-005 0.0476068 0.0251237 9.99641E-005 0.0807426 0.018466
9.99019E-005 9.99019E-005 9.99019E-005 9.99019E-005 9.99019E-005 9.99019E-005 9.99019E-005 9.99019E-005 9.99019E-005 0.998901 9.99019E-005 9.99019E-005
9.99368E-005 0.013561 0.0205511 9.99368E-005 9.99368E-005 9.99368E-005 9.99368E-005 9.99368E-005 9.99368E-005 0.911083 0.053881 0.000224466
9.99193E-005 9.99193E-005 9.99193E-005 0.918759 9.99193E-005 0.0674683 0.0128737 9.99193E-005 9.99193E-005 9.99193E-005 9.99193E-005 9.99193E-005
9.99278E-005 0.0834389 9.99278E-005 0.317698 9.99278E-005 9.99278E-005 9.99278E-005 9.99278E-005 9.99278E-005 0.541582 9.99278E-005 0.0564816
9.99103E-005 9.99103E-005 9.99103E-005 0.976246 9.99103E-005 9.99103E-005 9.99103E-005 0.0227549 9.99103E-005 9.99103E-005 9.99103E-005 9.99103E-005
0.0916914 9.99372E-005 9.99372E-005 0.80324 9.99372E-005 9.99372E-005 0.0298894 9.99372E-005 9.99372E-005 9.99372E-005 0.0154142 0.0590657
9.99641E-005 9.99641E-005 0.0244902 0.732028 0.0372601 9.99641E-005 9.99641E-005 0.0355186 0.0293687 0.0225858 0.115096 0.00325274
9.99283E-005 0.0176469 9.99283E-005 0.916498 0.0188539 9.99283E-005 9.99283E-005 9.99283E-005 9.99283E-005 9.99283E-005 9.99283E-005 0.0462022
9.99193E-005 9.99193E-005 0.0145371 0.975987 0.00857658 9.99193E-005 9.99193E-005 9.99193E-005 9.99193E-005 9.99193E-005 9.99193E-005 9.99193E-005
9.994E-005 9.994E-005 0.0328445 0.762844 9.994E-005 0.07935 0.0452889 0.0588673 9.994E-005 9.994E-005 9.994E-005 0.0202051
9.99282E-005 9.99282E-005 9.99282E-005 0.943148 0.0326432 9.99282E-005 0.0193896 9.99282E-005 9.99282E-005 0.00402025 9.99282E-005 9.99282E-005
9.99102E-005 9.99102E-005 0.0333447 0.965656 9.99102E-005 9.99102E-005 9.99102E-005 9.99102E-005 9.99102E-005 9.99102E-005 9.99102E-005 9.99102E-005
0.0251492 0.0565502 9.99192E-005 0.917401 9.99192E-005 9.99192E-005 9.99192E-005 9.99192E-005 9.99192E-005 9.99192E-005 9.99192E-005 9.99192E-005
0.0167243 9.99461E-005 9.99461E-005 0.0838383 0.0704847 0.00567353 9.99461E-005 0.0131793 0.8095 9.99461E-005 9.99461E-005 9.99461E-005
0.131689 9.99282E-005 9.99282E-005 0.135672 0.00719737 9.99282E-005 9.99282E-005 9.99282E-005 0.724642 9.99282E-005 9.99282E-005 9.99282E-005
9.99282E-005 9.99282E-005 9.99282E-005 0.160069 0.0575306 9.99282E-005 9.99282E-005 9.99282E-005 0.708908 9.99282E-005 0.072693 9.99282E-005
9.99192E-005 9.99192E-005 9.99192E-005 9.99192E-005 9.99192E-005 9.99192E-005 0.131669 9.99192E-005 0.839774 9.99192E-005 9.99192E-005 0.0276581
9.99371E-005 9.99371E-005 0.00985768 9.99371E-005 9.99371E-005 9.99371E-005 0.207901 0.0167874 0.525497 9.99371E-005 9.99371E-005 0.239257
9.99283E-005 0.0127573 9.99283E-005 0.00371424 9.99283E-005 9.99283E-005 0.971453 9.99283E-005 9.99283E-005 9.99283E-005 0.011276 9.99283E-005
9.99011E-005 9.99011E-005 9.99011E-005 9.99011E-005 9.99011E-005 9.99011E-005 0.998901 9.99011E-005 9.99011E-005 9.99011E-005 9.99011E-005 9.99011E-005
9.99461E-005 0.00999397 0.0501555 9.99461E-005 9.99461E-005 9.99461E-005 0.267401 9.99461E-005 0.669434 9.99461E-005 0.00101573 0.00139931
9.99281E-005 9.99281E-005 0.043757 9.99281E-005 9.99281E-005 9.99281E-005 0.257771 9.99281E-005 0.591165 9.99281E-005 9.99281E-005 0.106508
0.0152654 9.99192E-005 9.99192E-005 9.99192E-005 9.99192E-005 0.0347125 0.949123 9.99192E-005 9.99192E-005 9.99192E-005 9.99192E-005 9.99192E-005
9.99012E-005 9.99012E-005 9.99012E-005 9.99012E-005 9.99012E-005 9.99012E-005 0.998901 9.99012E-005 9.99012E-005 9.99012E-005 9.99012E-005 9.99012E-005
0.00588059 9.99282E-005 0.0175623 9.99282E-005 9.99282E-005 9.99282E-005 0.172046 9.99282E-005 0.803711 9.99282E-005 9.99282E-005 9.99282E-005
9.99192E-005 9.99192E-005 9.99192E-005 0.0337893 9.99192E-005 9.99192E-005 0.964842 0.000469746 9.99192E-005 9.99192E-005 9.99192E-005 9.99192E-005
9.99191E-005 9.99191E-005 9.99191E-005 9.99191E-005 9.99191E-005 9.99191E-005 0.949497 9.99191E-005 0.0455503 0.00405388 9.99191E-005 9.99191E-005
9.99013E-005 9.99013E-005 9.99013E-005 9.99013E-005 9.99013E-005 9.99013E-005 0.998901 9.99013E-005 9.99013E-005 9.99013E-005 9.99013E-005 9.99013E-005
9.99192E-005 9.99192E-005 0.00795307 9.99192E-005 9.99192E-005 9.99192E-005 0.889797 9.99192E-005 0.10135 9.99192E-005 9.99192E-005 9.99192E-005
9.99192E-005 9.99192E-005 0.00664142 9.99192E-005 9.99192E-005 9.99192E-005 0.959726 0.0327331 9.99192E-005 9.99192E-005 9.99192E-005 9.99192E-005
0.943039 9.99193E-005 0.00658962 9.99193E-005 9.99193E-005 0.0494726 9.99193E-005 9.99193E-005 9.99193E-005 9.99193E-005 9.99193E-005 9.99193E-005
9.99461E-005 9.99461E-005 9.99461E-005 9.99461E-005 0.0236635 0.110787 9.99461E-005 0.0205227 0.0199393 0.00838554 0.816103 9.99461E-005
9.99282E-005 9.99282E-005 0.00288736 9.99282E-005 9.99282E-005 0.0193858 9.99282E-005 0.0365702 9.99282E-005 9.99282E-005 0.940357 9.99282E-005
9.99192E-005 0.29912 9.99192E-005 9.99192E-005 9.99192E-005 9.99192E-005 0.0412791 9.99192E-005 9.99192E-005 9.99192E-005 9.99192E-005 0.658702
9.99192E-005 0.176546 9.99192E-005 9.99192E-005 9.99192E-005 9.99192E-005 0.0357139 9.99192E-005 9.99192E-005 9.99192E-005 9.99192E-005 0.786841
9.99201E-005 0.130753 0.0135022 9.99201E-005 9.99201E-005 9.99201E-005 0.0180037 9.99201E-005 9.99201E-005 9.99201E-005 9.99201E-005 0.836942
9.99101E-005 0.982329 0.0166719 9.99101E-005 9.99101E-005 9.99101E-005 9.99101E-005 9.99101E-005 9.99101E-005 9.99101E-005 9.99101E-005 9.99101E-005
9.99282E-005 0.020837 0.0669579 0.0405244 9.99282E-005 9.99282E-005 9.99282E-005 9.99282E-005 9.99282E-005 9.99282E-005 9.99282E-005 0.870881
9.99371E-005 0.272637 0.0393802 9.99371E-005 9.99371E-005 9.99371E-005 9.99371E-005 0.0146528 0.0493136 9.99371E-005 9.99371E-005 0.623317
9.99372E-005 0.246211 0.108556 9.99372E-005 9.99372E-005 9.99372E-005 0.00253807 0.0434649 9.99372E-005 9.99372E-005 9.99372E-005 0.598531
9.99462E-005 0.28276 0.160372 0.0483152 9.99462E-005 9.99462E-005 0.0127868 9.99462E-005 9.99462E-005 9.99462E-005 0.0084888 0.486677
0.0591761 0.328292 9.99192E-005 9.99192E-005 9.99192E-005 9.99192E-005 9.99192E-005 9.99192E-005 9.99192E-005 9.99192E-005 9.99192E-005 0.611633
9.99102E-005 0.997914 0.00108674 9.99102E-005 9.99102E-005 9.99102E-005 9.99102E-005 9.99102E-005 9.99102E-005 9.99102E-005 9.99102E-005 9.99102E-005
9.99011E-005 0.998901 9.99011E-005 9.99011E-005 9.99011E-005 9.99011E-005 9.99011E-005 9.99011E-005 9.99011E-005 9.99011E-005 9.99011E-005 9.99011E-005
9.99462E-005 0.340552 0.0725635 0.0179308 9.99462E-005 9.99462E-005 0.0126878 9.99462E-005 9.99462E-005 0.0492368 9.99462E-005 0.50643
9.99192E-005 0.406978 9.99192E-005 0.0231921 9.99192E-005 9.99192E-005 9.99192E-005 9.99192E-005 9.99192E-005 9.99192E-005 9.99192E-005 0.568931
9.99281E-005 0.592355 0.07902 9.99281E-005 9.99281E-005 9.99281E-005 0.0350294 9.99281E-005 9.99281E-005 9.99281E-005 9.99281E-005 0.292797
9.99282E-005 0.826708 0.0737152 9.99282E-005 9.99282E-005 9.99282E-005 9.99282E-005 9.99282E-005 0.0136598 9.99282E-005 9.99282E-005 0.0851178
9.99371E-005 0.313519 0.0869846 9.99371E-005 9.99371E-005 0.0634188 9.99371E-005 0.00929815 9.99371E-005 9.99371E-005 9.99371E-005 0.526079
9.99192E-005 0.179333 9.99192E-005 9.99192E-005 9.99192E-005 9.99192E-005 0.0336388 9.99192E-005 9.99192E-005 9.99192E-005 9.99192E-005 0.786129
9.99372E-005 0.291924 0.0452024 9.99372E-005 9.99372E-005 0.0193795 9.99372E-005 9.99372E-005 9.99372E-005 9.99372E-005 0.0141656 0.628629
9.99282E-005 0.521336 0.0746955 9.99282E-005 9.99282E-005 9.99282E-005 9.99282E-005 9.99282E-005 0.0291837 9.99282E-005 9.99282E-005 0.373985
0.078456 9.99282E-005 0.0866835 9.99282E-005 9.99282E-005 9.99282E-005 9.99282E-005 9.99282E-005 9.99282E-005 0.00105275 9.99282E-005 0.833008
0.00484386 0.012957 0.0764406 9.99282E-005 9.99282E-005 9.99282E-005 9.99282E-005 9.99282E-005 9.99282E-005 9.99282E-005 9.99282E-005 0.904959
9.99192E-005 0.975081 9.99192E-005 9.99192E-005 9.99192E-005 0.0123343 0.0116856 9.99192E-005 9.99192E-005 9.99192E-005 9.99192E-005 9.99192E-005
9.99191E-005 9.99191E-005 0.0672186 9.99191E-005 0.0149158 9.99191E-005 9.99191E-005 9.99191E-005 9.99191E-005 9.99191E-005 9.99191E-005 0.916966
9.99461E-005 0.340127 0.0427821 0.0916012 9.99461E-005 9.99461E-005 9.99461E-005 0.0072335 9.99461E-005 0.0102621 9.99461E-005 0.507395
9.99281E-005 0.28202 0.046396 9.99281E-005 9.99281E-005 9.99281E-005 9.99281E-005 9.99281E-005 0.00595876 9.99281E-005 9.99281E-005 0.664825
9.99461E-005 0.511038 0.0264837 9.99461E-005 0.0100651 9.99461E-005 9.99461E-005 0.0195994 9.99461E-005 0.0182557 9.99461E-005 0.413958
9.99281E-005 0.0152059 9.99281E-005 9.99281E-005 9.99281E-005 9.99281E-005 0.167301 9.99281E-005 0.812466 9.99281E-005 9.99281E-005 0.00422748
0.205585 9.9946E-005 9.9946E-005 9.9946E-005 9.9946E-005 9.9946E-005 0.0281387 0.0189777 0.700587 0.0104255 9.9946E-005 0.0356863
9.99372E-005 0.187071 9.99372E-005 9.99372E-005 9.99372E-005 9.99372E-005 0.0859933 0.000429094 0.700745 9.99372E-005 9.99372E-005 0.025062
0.112613 9.99371E-005 9.99371E-005 9.99371E-005 0.0088496 0.802155 0.0516299 9.99371E-005 9.99371E-005 9.99371E-005 0.0240526 9.99371E-005
9.99009E-005 9.99009E-005 9.99009E-005 9.99009E-005 9.99009E-005 0.998901 9.99009E-005 9.99009E-005 9.99009E-005 9.99009E-005 9.99009E-005 9.99009E-005
9.99192E-005 9.99192E-005 9.99192E-005 0.0469237 9.99192E-005 0.951715 9.99192E-005 9.99192E-005 9.99192E-005 9.99192E-005 9.99192E-005 0.000461664
9.99101E-005 9.99101E-005 9.99101E-005 9.99101E-005 9.99101E-005 0.998824 9.99101E-005 0.000176766 9.99101E-005 9.99101E-005 9.99101E-005 9.99101E-005
9.99103E-005 9.99103E-005 9.99103E-005 9.99103E-005 9.99103E-005 0.908296 9.99103E-005 9.99103E-005 9.99103E-005 9.99103E-005 0.0907045 9.99103E-005
9.99012E-005 9.99012E-005 9.99012E-005 9.99012E-005 9.99012E-005 0.998901 9.99012E-005 9.99012E-005 9.99012E-005 9.99012E-005 9.99012E-005 9.99012E-005
0.0731564 9.99551E-005 9.99551E-005 9.99551E-005 0.100036 0.528079 0.0173369 0.0496788 9.99551E-005 0.0418975 0.189316 9.99551E-005
9.99192E-005 9.99192E-005 9.99192E-005 9.99192E-005 9.99192E-005 9.99192E-005 9.99192E-005 0.00634854 9.99192E-005 0.0136561 0.979096 9.99192E-005
9.99013E-005 9.99013E-005 9.99013E-005 9.99013E-005 9.99013E-005 9.99013E-005 9.99013E-005 9.99013E-005 9.99013E-005 9.99013E-005 0.998901 9.99013E-005
9.99462E-005 9.99462E-005 9.99462E-005 9.99462E-005 0.00400074 9.99462E-005 0.00895714 0.0758339 0.0127316 9.99462E-005 0.87083 0.0270467
0.360874 0.100887 0.0981079 9.99551E-005 9.99551E-005 0.159719 9.99551E-005 0.0120458 9.99551E-005 9.99551E-005 0.00804049 0.259825
0.17722 0.0369718 9.9964E-005 0.184827 0.408528 0.0550305 9.9964E-005 0.0477727 9.9964E-005 0.0620863 0.0271651 9.9964E-005
0.0253045 9.99548E-005 9.99548E-005 9.99548E-005 0.098671 0.016443 0.0312706 0.026699 9.99548E-005 0.727195 9.99548E-005 0.0739171
9.99192E-005 0.0822556 9.99192E-005 0.254466 9.99192E-005 9.99192E-005 9.99192E-005 9.99192E-005 0.662379 9.99192E-005 9.99192E-005 9.99192E-005
9.99282E-005 9.99282E-005 9.99282E-005 0.208437 0.120958 9.99282E-005 0.0144773 9.99282E-005 0.655328 9.99282E-005 9.99282E-005 9.99282E-005
9.99186E-005 9.99186E-005 0.0559777 9.99186E-005 9.99186E-005 9.99186E-005 9.99186E-005 9.99186E-005 9.99186E-005 0.668248 9.99186E-005 0.274874
9.993E-005 0.284685 0.114095 0.0293489 9.993E-005 9.993E-005 0.00894347 9.993E-005 9.993E-005 9.993E-005 9.993E-005 0.562228
9.99103E-005 9.99103E-005 0.897861 9.99103E-005 9.99103E-005 9.99103E-005 9.99103E-005 9.99103E-005 9.99103E-005 9.99103E-005 9.99103E-005 0.10114
0.0240066 0.387578 0.164949 9.99551E-005 9.99551E-005 9.99551E-005 9.99551E-005 0.0011562 0.0318076 0.0400271 9.99551E-005 0.349976
9.99009E-005 9.99009E-005 0.998901 9.99009E-005 9.99009E-005 9.99009E-005 9.99009E-005 9.99009E-005 9.99009E-005 9.99009E-005 9.99009E-005 9.99009E-005
9.99192E-005 0.996249 0.000179892 9.99192E-005 9.99192E-005 9.99192E-005 9.99192E-005 9.99192E-005 9.99192E-005 9.99192E-005 9.99192E-005 0.00267224
9.99461E-005 0.389645 0.0472641 0.00230216 9.99461E-005 9.99461E-005 0.0194016 9.99461E-005 0.0251178 9.99461E-005 9.99461E-005 0.51567
9.99372E-005 0.279705 0.00524896 9.99372E-005 9.99372E-005 0.0223866 0.0094622 9.99372E-005 9.99372E-005 9.99372E-005 9.99372E-005 0.682498
9.99009E-005 9.99009E-005 0.998901 9.99009E-005 9.99009E-005 9.99009E-005 9.99009E-005 9.99009E-005 9.99009E-005 9.99009E-005 9.99009E-005 9.99009E-005
9.99372E-005 0.247666 0.0589913 9.99372E-005 9.99372E-005 9.99372E-005 9.99372E-005 9.99372E-005 0.00678009 9.99372E-005 0.0369228 0.648941
9.99372E-005 0.291593 0.0516753 9.99372E-005 9.99372E-005 9.99372E-005 0.00982713 9.99372E-005 0.0456061 9.99372E-005 9.99372E-005 0.600599
9.99193E-005 9.99193E-005 0.0136432 9.99193E-005 9.99193E-005 0.0059318 9.99193E-005 9.99193E-005 9.99193E-005 9.99193E-005 9.99193E-005 0.979526
9.99102E-005 9.99102E-005 9.99102E-005 9.99102E-005 9.99102E-005 9.99102E-005 9.99102E-005 9.99102E-005 9.99102E-005 9.99102E-005 0.00354755 0.995453
0.0631261 9.99281E-005 0.0299955 9.99281E-005 9.99281E-005 9.99281E-005 9.99281E-005 9.99281E-005 9.99281E-005 9.99281E-005 0.00783918 0.89824
0.00836606 0.30007 0.0212444 9.99372E-005 9.99372E-005 9.99372E-005 9.99372E-005 0.0194329 9.99372E-005 9.99372E-005 9.99372E-005 0.650187
9.99372E-005 0.26708 0.182745 0.0494569 9.99372E-005 9.99372E-005 9.99372E-005 9.99372E-005 9.99372E-005 0.0141534 9.99372E-005 0.485865
0.665781 9.99552E-005 0.029966 9.99552E-005 0.0184979 0.165683 0.05813 0.057368 9.99552E-005 9.99552E-005 0.00407357 9.99552E-005
0.832403 0.0042576 9.99551E-005 9.99551E-005 0.093937 0.0189544 0.0155242 0.0317166 0.00270714 9.99551E-005 9.99551E-005 9.99551E-005
0.624939 9.99551E-005 9.99551E-005 9.99551E-005 0.16095 9.99551E-005 0.000317252 0.0995424 0.0087867 9.99551E-005 0.0792272 0.0257377
9.99103E-005 9.99103E-005 9.99103E-005 9.99103E-005 9.99103E-005 9.99103E-005 9.99103E-005 9.99103E-005 9.99103E-005 9.99103E-005 0.990741 0.00826012
9.99192E-005 9.99192E-005 0.00466197 9.99192E-005 9.99192E-005 9.99192E-005 9.99192E-005 0.0353501 9.99192E-005 9.99192E-005 0.959089 9.99192E-005
0.0597481 9.99193E-005 9.99193E-005 0.0198956 9.99193E-005 9.99193E-005 9.99193E-005 9.99193E-005 9.99193E-005 9.99193E-005 0.919457 9.99193E-005
9.99282E-005 9.99282E-005 9.99282E-005 0.0379894 9.99282E-005 0.0683904 9.99282E-005 0.0380896 9.99282E-005 9.99282E-005 0.854731 9.99282E-005
9.99282E-005 9.99282E-005 9.99282E-005 0.178272 0.0640221 9.99282E-005 9.99282E-005 9.99282E-005 0.752149 0.00475764 9.99282E-005 9.99282E-005
9.99281E-005 9.99281E-005 9.99281E-005 0.216037 0.0297359 0.056083 9.99281E-005 9.99281E-005 0.697345 9.99281E-005 9.99281E-005 9.99281E-005
0.0368241 9.99462E-005 9.99462E-005 0.0415604 0.044311 0.0693795 9.99462E-005 9.99462E-005 0.788621 9.99462E-005 0.0187042 9.99462E-005
0.812504 0.00559526 0.0231161 9.99641E-005 0.0338302 0.0593671 0.00225786 0.0508846 9.99641E-005 9.99641E-005 0.0120451 9.99641E-005
0.958622 9.99282E-005 9.99282E-005 9.99282E-005 9.99282E-005 9.99282E-005 9.99282E-005 0.00300734 0.02496 0.0126108 9.99282E-005 9.99282E-005
0.667167 0.107447 9.99551E-005 9.99551E-005 0.112854 0.0491885 0.0151456 0.039973 0.00772502 9.99551E-005 9.99551E-005 9.99551E-005
0.881868 0.0593321 9.993E-005 9.993E-005 9.993E-005 9.993E-005 9.993E-005 0.0127999 0.0400651 0.00523579 9.993E-005 9.993E-005
