0.0123223 0.0162291 9.99551E-005 0.00500368 9.99551E-005 9.99551E-005 9.99551E-005 0.0502119 0.00132102 0.0251325 9.99551E-005 0.88928
9.99102E-005 9.99102E-005 9.99102E-005 9.99102E-005 9.99102E-005 9.99102E-005 9.99102E-005 9.99102E-005 9.99102E-005 0.0208915 9.99102E-005 0.978109
9.99282E-005 9.99282E-005 9.99282E-005 9.99282E-005 9.99282E-005 0.0456053 9.99282E-005 9.99282E-005 0.0928188 0.0388233 9.99282E-005 0.821953
9.99372E-005 9.99372E-005 9.99372E-005 0.082152 9.99372E-005 0.36704 9.99372E-005 0.00883763 9.99372E-005 9.99372E-005 0.0858784 0.455392
9.99371E-005 9.99371E-005 9.99371E-005 9.99371E-005 9.99371E-005 0.0973904 9.99371E-005 0.107415 0.00727771 0.0352737 9.99371E-005 0.751944
9.99011E-005 9.99011E-005 9.99011E-005 9.99011E-005 9.99011E-005 9.99011E-005 9.99011E-005 9.99011E-005 9.99011E-005 9.99011E-005 9.99011E-005 0.998901
9.99102E-005 9.99102E-005 9.99102E-005 9.99102E-005 9.99102E-005 9.99102E-005 9.99102E-005 9.99102E-005 9.99102E-005 0.0126502 9.99102E-005 0.986351
0.0148523 9.99461E-005 0.134667 0.00240279 9.99461E-005 9.99461E-005 9.99461E-005 0.0872161 9.99461E-005 9.99461E-005 0.0267584 0.733504
9.99371E-005 9.99371E-005 9.99371E-005 0.0500231 0.0361708 9.99371E-005 0.0390371 9.99371E-005 9.99371E-005 9.99371E-005 0.0237804 0.850289
9.99282E-005 9.99282E-005 9.99282E-005 9.99282E-005 0.000554853 9.99282E-005 0.081044 9.99282E-005 9.99282E-005 9.99282E-005 0.0740899 0.843512
9.99192E-005 9.99192E-005 9.99192E-005 9.99192E-005 0.086682 9.99192E-005 0.0201737 9.99192E-005 9.99192E-005 9.99192E-005 9.99192E-005 0.892245
9.99102E-005 9.99102E-005 9.99102E-005 9.99102E-005 9.99102E-005 0.979173 9.99102E-005 9.99102E-005 9.99102E-005 0.0198277 9.99102E-005 9.99102E-005
9.99192E-005 9.99192E-005 0.020714 9.99192E-005 9.99192E-005 0.816877 9.99192E-005 9.99192E-005 9.99192E-005 9.99192E-005 9.99192E-005 0.16151
9.99014E-005 9.99014E-005 9.99014E-005 9.99014E-005 9.99014E-005 0.998901 9.99014E-005 9.99014E-005 9.99014E-005 9.99014E-005 9.99014E-005 9.99014E-005
9.99372E-005 0.0284767 9.99372E-005 0.000127913 0.0712054 0.881767 0.0177229 9.99372E-005 9.99372E-005 9.99372E-005 9.99372E-005 9.99372E-005
9.99173E-005 9.99173E-005 9.99173E-005 9.99173E-005 9.99173E-005 0.92819 9.99173E-005 9.99173E-005 0.0708112 9.99173E-005 9.99173E-005 9.99173E-005
0.00514787 9.99102E-005 9.99102E-005 9.99102E-005 9.99102E-005 0.993853 9.99102E-005 9.99102E-005 9.99102E-005 9.99102E-005 9.99102E-005 9.99102E-005
0.0140463 9.99371E-005 9.99371E-005 9.99371E-005 0.00370819 0.778989 9.99371E-005 9.99371E-005 0.139113 9.99371E-005 9.99371E-005 0.0634434
9.99551E-005 0.0025548 9.99551E-005 0.04262 9.99551E-005 9.99551E-005 9.99551E-005 0.012536 0.09535 0.544713 0.228685 0.0730411
9.99201E-005 9.99201E-005 9.99201E-005 9.99201E-005 9.99201E-005 0.0827562 9.99201E-005 0.0340443 9.99201E-005 0.0458849 0.836515 9.99201E-005
9.99192E-005 9.99192E-005 9.99192E-005 9.99192E-005 9.99192E-005 9.99192E-005 9.99192E-005 0.0192278 9.99192E-005 0.102254 0.877619 9.99192E-005
0.00876458 9.99551E-005 0.00482293 9.99551E-005 9.99551E-005 9.99551E-005 0.0172864 0.00348558 9.99551E-005 0.231801 0.638823 0.0945174
9.99282E-005 9.99282E-005 9.99282E-005 9.99282E-005 0.0411426 9.99282E-005 0.021637 9.99282E-005 9.99282E-005 0.0463981 0.890023 9.99282E-005
9.99009E-005 9.99009E-005 9.99009E-005 9.99009E-005 9.99009E-005 9.99009E-005 9.99009E-005 9.99009E-005 9.99009E-005 0.998901 9.99009E-005 9.99009E-005
9.99011E-005 9.99011E-005 9.99011E-005 9.99011E-005 9.99011E-005 9.99011E-005 9.99011E-005 9.99011E-005 9.99011E-005 0.998901 9.99011E-005 9.99011E-005
9.99012E-005 9.99012E-005 9.99012E-005 9.99012E-005 9.99012E-005 9.99012E-005 9.99012E-005 9.99012E-005 9.99012E-005 0.998901 9.99012E-005 9.99012E-005
9.99462E-005 0.0375083 9.99462E-005 0.0912482 9.99462E-005 9.99462E-005 9.99462E-005 0.0442386 0.0139794 0.0567734 0.755652 9.99462E-005
9.99281E-005 0.012059 9.99281E-005 9.99281E-005 9.99281E-005 9.99281E-005 9.99281E-005 9.99281E-005 9.99281E-005 0.77139 0.201579 0.0141728
9.99282E-005 9.99282E-005 9.99282E-005 0.0214112 9.99282E-005 9.99282E-005 9.99282E-005 9.99282E-005 0.0140843 0.0162621 0.947443 9.99282E-005
9.99011E-005 9.99011E-005 9.99011E-005 9.99011E-005 9.99011E-005 9.99011E-005 9.99011E-005 9.99011E-005 9.99011E-005 0.998901 9.99011E-005 9.99011E-005
9.99282E-005 9.99282E-005 0.0493999 9.99282E-005 9.99282E-005 9.99282E-005 9.99282E-005 9.99282E-005 9.99282E-005 0.151938 0.735462 0.0624004
9.99102E-005 9.99102E-005 9.99102E-005 9.99102E-005 0.00152621 9.99102E-005 9.99102E-005 9.99102E-005 9.99102E-005 0.997475 9.99102E-005 9.99102E-005
9.99192E-005 9.99192E-005 9.99192E-005 9.99192E-005 9.99192E-005 9.99192E-005 9.99192E-005 9.99192E-005 0.123517 0.0918645 0.78372 9.99192E-005
9.99372E-005 0.00248397 9.99372E-005 9.99372E-005 9.99372E-005 9.99372E-005 0.0148756 9.99372E-005 9.99372E-005 0.258726 0.701388 0.0218268
9.99551E-005 9.99551E-005 0.0429938 9.99551E-005 0.00054309 9.99551E-005 0.0241112 0.0187321 0.0374005 0.152604 0.723115 9.99551E-005
9.99282E-005 9.99282E-005 9.99282E-005 0.0207333 9.99282E-005 9.99282E-005 9.99282E-005 9.99282E-005 9.99282E-005 0.119549 0.823538 0.0353803
0.0111096 9.99372E-005 9.99372E-005 0.0972868 9.99372E-005 0.00874038 9.99372E-005 9.99372E-005 9.99372E-005 0.0834159 0.798748 9.99372E-005
9.99641E-005 0.0104852 0.00455076 9.99641E-005 9.99641E-005 0.0678958 0.0343522 0.728212 0.0677075 9.99641E-005 0.0382756 0.0481206
9.99102E-005 9.99102E-005 9.99102E-005 9.99102E-005 0.0121943 9.99102E-005 9.99102E-005 0.986807 9.99102E-005 9.99102E-005 9.99102E-005 9.99102E-005
9.99552E-005 0.029466 0.00110824 9.99552E-005 9.99552E-005 9.99552E-005 0.0194747 0.78285 0.144366 0.0124535 9.99552E-005 0.0097816
0.0175339 9.99282E-005 9.99282E-005 9.99282E-005 9.99282E-005 9.99282E-005 9.99282E-005 0.845481 0.134146 9.99282E-005 9.99282E-005 0.00203978
0.0173235 0.0343387 9.99371E-005 9.99371E-005 9.99371E-005 9.99371E-005 9.99371E-005 0.741133 0.190321 0.016185 9.99371E-005 9.99371E-005
9.99282E-005 9.99282E-005 9.99282E-005 0.0188723 9.99282E-005 9.99282E-005 9.99282E-005 0.959197 0.00872334 0.0124076 9.99282E-005 9.99282E-005
9.99193E-005 0.0124614 9.99193E-005 9.99193E-005 9.99193E-005 9.99193E-005 9.99193E-005 0.806357 0.180282 9.99193E-005 9.99193E-005 9.99193E-005
0.00566843 9.99461E-005 9.99461E-005 0.0383633 9.99461E-005 0.134169 9.99461E-005 0.799736 0.00894699 0.0125164 9.99461E-005 9.99461E-005
9.99192E-005 9.99192E-005 9.99192E-005 9.99192E-005 9.99192E-005 9.99192E-005 9.99192E-005 0.95835 0.0352987 0.00545204 9.99192E-005 9.99192E-005
9.99462E-005 9.99462E-005 0.179029 0.399435 9.99462E-005 0.26348 0.0928631 0.0371281 9.99462E-005 0.0274643 9.99462E-005 9.99462E-005
0.998901 9.99011E-005 9.99011E-005 9.99011E-005 9.99011E-005 9.99011E-005 9.99011E-005 9.99011E-005 9.99011E-005 9.99011E-005 9.99011E-005 9.99011E-005
0.00656159 9.99191E-005 9.99191E-005 9.99191E-005 0.980168 9.99191E-005 9.99191E-005 0.012371 9.99191E-005 9.99191E-005 9.99191E-005 9.99191E-005
9.99193E-005 0.0182136 9.99193E-005 0.90209 9.99193E-005 9.99193E-005 9.99193E-005 9.99193E-005 0.0787967 9.99193E-005 9.99193E-005 9.99193E-005
9.991E-005 9.991E-005 9.991E-005 0.281212 0.717789 9.991E-005 9.991E-005 9.991E-005 9.991E-005 9.991E-005 9.991E-005 9.991E-005
9.99103E-005 9.99103E-005 9.99103E-005 0.976864 9.99103E-005 9.99103E-005 9.99103E-005 9.99103E-005 9.99103E-005 0.0221367 9.99103E-005 9.99103E-005
9.99461E-005 0.0286606 0.0102676 0.836427 9.99461E-005 9.99461E-005 0.0146255 0.0293104 9.99461E-005 9.99461E-005 0.0801088 9.99461E-005
0.0146915 9.9973E-005 0.115612 0.662101 0.00255188 9.9973E-005 0.00573025 0.11672 9.9973E-005 0.0371449 0.0150731 0.0300757
9.99193E-005 9.99193E-005 9.99193E-005 0.935701 9.99193E-005 9.99193E-005 0.0288138 9.99193E-005 9.99193E-005 9.99193E-005 9.99193E-005 0.034586
0.000523386 9.99193E-005 9.99193E-005 0.960279 9.99193E-005 9.99193E-005 9.99193E-005 9.99193E-005 9.99193E-005 9.99193E-005 9.99193E-005 0.0382987
9.99371E-005 0.0558875 9.99371E-005 0.77942 9.99371E-005 9.99371E-005 0.02181 9.99371E-005 0.103202 0.0389807 9.99371E-005 9.99371E-005
9.99192E-005 9.99192E-005 9.99192E-005 0.94858 0.00558101 9.99192E-005 9.99192E-005 9.99192E-005 9.99192E-005 9.99192E-005 9.99192E-005 0.0449394
9.99102E-005 9.99102E-005 9.99102E-005 0.979503 9.99102E-005 9.99102E-005 0.0194975 9.99102E-005 9.99102E-005 9.99102E-005 9.99102E-005 9.99102E-005
9.99102E-005 9.99102E-005 9.99102E-005 0.963352 9.99102E-005 9.99102E-005 9.99102E-005 9.99102E-005 9.99102E-005 9.99102E-005 0.0356494 9.99102E-005
9.99192E-005 9.99192E-005 0.966522 9.99192E-005 9.99192E-005 0.0182604 9.99192E-005 9.99192E-005 9.99192E-005 9.99192E-005 0.0143179 9.99192E-005
9.99192E-005 9.99192E-005 0.937459 9.99192E-005 9.99192E-005 9.99192E-005 9.99192E-005 9.99192E-005 0.019045 9.99192E-005 0.0425963 9.99192E-005
0.0190312 0.0294136 0.855146 0.018425 9.99461E-005 9.99461E-005 9.99461E-005 0.0517267 9.99461E-005 9.99461E-005 9.99461E-005 0.0256583
9.99282E-005 0.381658 0.469655 9.99282E-005 0.0208409 9.99282E-005 0.127046 9.99282E-005 9.99282E-005 9.99282E-005 9.99282E-005 9.99282E-005
9.99282E-005 0.343067 0.316375 9.99282E-005 9.99282E-005 9.99282E-005 0.29885 9.99282E-005 9.99282E-005 0.0409082 9.99282E-005 9.99282E-005
9.99193E-005 0.983702 9.99193E-005 0.00913097 9.99193E-005 9.99193E-005 9.99193E-005 0.00626771 9.99193E-005 9.99193E-005 9.99193E-005 9.99193E-005
9.99011E-005 0.998901 9.99011E-005 9.99011E-005 9.99011E-005 9.99011E-005 9.99011E-005 9.99011E-005 9.99011E-005 9.99011E-005 9.99011E-005 9.99011E-005
9.99282E-005 0.431804 0.405115 9.99282E-005 9.99282E-005 9.99282E-005 0.132062 9.99282E-005 9.99282E-005 9.99282E-005 0.0302192 9.99282E-005
9.99282E-005 0.401889 0.279452 0.0730776 9.99282E-005 9.99282E-005 0.244781 9.99282E-005 9.99282E-005 9.99282E-005 9.99282E-005 9.99282E-005
9.99191E-005 0.951977 9.99191E-005 9.99191E-005 9.99191E-005 0.0353457 9.99191E-005 9.99191E-005 0.0117781 9.99191E-005 9.99191E-005 9.99191E-005
9.99012E-005 0.998901 9.99012E-005 9.99012E-005 9.99012E-005 9.99012E-005 9.99012E-005 9.99012E-005 9.99012E-005 9.99012E-005 9.99012E-005 9.99012E-005
0.000857973 0.341503 0.495015 9.99372E-005 9.99372E-005 9.99372E-005 0.10777 9.99372E-005 9.99372E-005 9.99372E-005 0.0541553 9.99372E-005
9.99192E-005 0.985308 9.99192E-005 0.0135028 9.99192E-005 9.99192E-005 9.99192E-005 0.000289616 9.99192E-005 9.99192E-005 9.99192E-005 9.99192E-005
0.0182157 0.980785 9.99101E-005 9.99101E-005 9.99101E-005 9.99101E-005 9.99101E-005 9.99101E-005 9.99101E-005 9.99101E-005 9.99101E-005 9.99101E-005
9.99013E-005 0.998901 9.99013E-005 9.99013E-005 9.99013E-005 9.99013E-005 9.99013E-005 9.99013E-005 9.99013E-005 9.99013E-005 9.99013E-005 9.99013E-005
9.99192E-005 0.931779 0.0576259 9.99192E-005 9.99192E-005 9.99192E-005 0.00969577 9.99192E-005 9.99192E-005 9.99192E-005 9.99192E-005 9.99192E-005
9.99102E-005 0.965387 9.99102E-005 9.99102E-005 9.99102E-005 9.99102E-005 9.99102E-005 9.99102E-005 9.99102E-005 0.0336138 9.99102E-005 9.99102E-005
9.99103E-005 9.99103E-005 9.99103E-005 9.99103E-005 9.99103E-005 9.99103E-005 9.99103E-005 9.99103E-005 0.0478262 9.99103E-005 0.951175 9.99103E-005
0.0104227 9.99461E-005 0.00803381 9.99461E-005 9.99461E-005 9.99461E-005 9.99461E-005 0.847624 0.0918547 0.0260588 9.99461E-005 0.0154063
9.99192E-005 9.99192E-005 9.99192E-005 9.99192E-005 9.99192E-005 9.99192E-005 9.99192E-005 0.93483 0.0170273 0.0472433 9.99192E-005 9.99192E-005
9.99102E-005 0.0516389 9.99102E-005 9.99102E-005 9.99102E-005 9.99102E-005 0.947362 9.99102E-005 9.99102E-005 9.99102E-005 9.99102E-005 9.99102E-005
9.99193E-005 0.0623175 9.99193E-005 9.99193E-005 0.0135836 9.99193E-005 0.9232 9.99193E-005 9.99193E-005 9.99193E-005 9.99193E-005 9.99193E-005
9.99128E-005 0.0462603 9.99128E-005 9.99128E-005 9.99128E-005 9.99128E-005 0.952741 9.99128E-005 9.99128E-005 9.99128E-005 9.99128E-005 9.99128E-005
9.99192E-005 9.99192E-005 9.99192E-005 0.0358536 9.99192E-005 9.99192E-005 0.942185 9.99192E-005 0.0210622 9.99192E-005 9.99192E-005 9.99192E-005
9.99283E-005 9.99283E-005 0.0201056 0.0488493 0.00975107 9.99283E-005 0.920495 9.99283E-005 9.99283E-005 9.99283E-005 9.99283E-005 9.99283E-005
9.99282E-005 9.99282E-005 0.04269 9.99282E-005 0.00411506 9.99282E-005 0.934639 9.99282E-005 9.99282E-005 0.017756 9.99282E-005 9.99282E-005
9.99462E-005 0.00382272 9.99462E-005 9.99462E-005 0.010057 9.99462E-005 0.932169 9.99462E-005 0.00483104 0.0431916 0.00532848 9.99462E-005
9.99283E-005 9.99283E-005 0.0331118 0.0315671 9.99283E-005 9.99283E-005 0.912875 0.0216469 9.99283E-005 9.99283E-005 9.99283E-005 9.99283E-005
0.00411482 9.99192E-005 9.99192E-005 9.99192E-005 9.99192E-005 9.99192E-005 0.904389 9.99192E-005 9.99192E-005 9.99192E-005 0.0905967 9.99192E-005
0.00435709 9.99281E-005 9.99281E-005 0.0411525 9.99281E-005 0.0392236 0.914467 9.99281E-005 9.99281E-005 9.99281E-005 9.99281E-005 9.99281E-005
9.99193E-005 9.99193E-005 0.00895261 9.99193E-005 9.99193E-005 9.99193E-005 0.954595 9.99193E-005 0.035553 9.99193E-005 9.99193E-005 9.99193E-005
9.99283E-005 0.0311712 9.99283E-005 0.0583875 0.0332019 9.99283E-005 0.87644 9.99283E-005 9.99283E-005 9.99283E-005 9.99283E-005 9.99283E-005
9.99102E-005 9.99102E-005 9.99102E-005 0.0924129 9.99102E-005 9.99102E-005 0.906588 9.99102E-005 9.99102E-005 9.99102E-005 9.99102E-005 9.99102E-005
9.99102E-005 0.0361618 9.99102E-005 9.99102E-005 9.99102E-005 9.99102E-005 0.962839 9.99102E-005 9.99102E-005 9.99102E-005 9.99102E-005 9.99102E-005
9.99192E-005 9.99192E-005 0.0431322 9.99192E-005 9.99192E-005 9.99192E-005 0.93254 9.99192E-005 9.99192E-005 9.99192E-005 9.99192E-005 0.0234289
9.99371E-005 9.99371E-005 9.99371E-005 9.99371E-005 0.0253103 9.99371E-005 0.889986 9.99371E-005 0.0625353 0.0114586 9.99371E-005 0.0100101
9.99192E-005 0.0671719 9.99192E-005 9.99192E-005 0.0151862 9.99192E-005 0.916743 9.99192E-005 9.99192E-005 9.99192E-005 9.99192E-005 9.99192E-005
9.99462E-005 0.0113335 0.00268459 9.99462E-005 0.000340683 9.99462E-005 0.937052 0.0296967 9.99462E-005 9.99462E-005 9.99462E-005 0.0182929
0.00409725 9.99193E-005 0.0370722 9.99193E-005 9.99193E-005 9.99193E-005 0.957931 9.99193E-005 9.99193E-005 9.99193E-005 9.99193E-005 9.99193E-005
0.00363302 0.0416118 9.99372E-005 9.99372E-005 0.00100751 9.99372E-005 0.867405 9.99372E-005 9.99372E-005 9.99372E-005 0.0856429 9.99372E-005
9.99192E-005 0.000562135 9.99192E-005 9.99192E-005 9.99192E-005 0.0484699 0.950069 9.99192E-005 9.99192E-005 9.99192E-005 9.99192E-005 9.99192E-005
9.99372E-005 0.0114997 9.99372E-005 9.99372E-005 0.00590457 0.0813725 0.89086 9.99372E-005 0.00966351 9.99372E-005 9.99372E-005 9.99372E-005
9.99282E-005 9.99282E-005 9.99282E-005 9.99282E-005 0.0212578 0.0108385 0.944555 9.99282E-005 9.99282E-005 9.99282E-005 9.99282E-005 0.0225489
0.00406177 9.99461E-005 0.0257805 0.0919065 0.0264277 9.99461E-005 0.836023 9.99461E-005 9.99461E-005 0.0152008 9.99461E-005 9.99461E-005
9.99102E-005 9.99102E-005 0.06558 9.99102E-005 9.99102E-005 9.99102E-005 0.933421 9.99102E-005 9.99102E-005 9.99102E-005 9.99102E-005 9.99102E-005
0.00550435 9.99371E-005 9.99371E-005 9.99371E-005 0.0287689 9.99371E-005 0.894177 9.99371E-005 9.99371E-005 0.0194624 9.99371E-005 0.0513881
9.99192E-005 0.312038 0.538753 9.99192E-005 9.99192E-005 9.99192E-005 0.14831 9.99192E-005 9.99192E-005 9.99192E-005 9.99192E-005 9.99192E-005
9.99371E-005 0.196216 0.400612 9.99371E-005 0.0438671 9.99371E-005 0.0885411 9.99371E-005 9.99371E-005 9.99371E-005 0.270064 9.99371E-005
9.99372E-005 0.261141 0.403695 9.99372E-005 9.99372E-005 0.00167869 0.297327 9.99372E-005 9.99372E-005 9.99372E-005 0.0354584 9.99372E-005
9.99461E-005 0.0237052 9.99461E-005 9.99461E-005 0.00257808 0.148592 9.99461E-005 0.00407588 0.752325 9.99461E-005 0.0681243 9.99461E-005
9.99009E-005 9.99009E-005 9.99009E-005 9.99009E-005 9.99009E-005 9.99009E-005 9.99009E-005 9.99009E-005 0.998901 9.99009E-005 9.99009E-005 9.99009E-005
9.99192E-005 9.99192E-005 9.99192E-005 0.0237347 9.99192E-005 9.99192E-005 9.99192E-005 0.023157 0.952209 9.99192E-005 9.99192E-005 9.99192E-005
9.99101E-005 9.99101E-005 9.99101E-005 9.99101E-005 9.99101E-005 9.99101E-005 9.99101E-005 9.99101E-005 0.992982 0.00601911 9.99101E-005 9.99101E-005
9.99103E-005 9.99103E-005 9.99103E-005 9.99103E-005 9.99103E-005 9.99103E-005 9.99103E-005 0.0673196 0.931681 9.99103E-005 9.99103E-005 9.99103E-005
9.99013E-005 9.99013E-005 9.99013E-005 9.99013E-005 9.99013E-005 9.99013E-005 9.99013E-005 9.99013E-005 0.998901 9.99013E-005 9.99013E-005 9.99013E-005
0.0209104 0.0159116 9.99731E-005 0.0282394 9.99731E-005 0.0971108 9.99731E-005 0.157813 0.535746 0.0460253 0.0582601 0.0396838
0.000412654 9.99282E-005 9.99282E-005 9.99282E-005 0.014139 9.99282E-005 9.99282E-005 0.984542 9.99282E-005 0.00010654 9.99282E-005 9.99282E-005
9.99012E-005 9.99012E-005 9.99012E-005 9.99012E-005 9.99012E-005 9.99012E-005 9.99012E-005 0.998901 9.99012E-005 9.99012E-005 9.99012E-005 9.99012E-005
0.00834109 0.0132541 9.99462E-005 9.99462E-005 9.99462E-005 0.0516847 9.99462E-005 0.846714 0.00870247 0.0707037 9.99462E-005 9.99462E-005
9.99283E-005 9.99283E-005 9.99283E-005 9.99283E-005 9.99283E-005 9.99283E-005 0.454599 0.0421112 0.117971 9.99283E-005 0.384519 9.99283E-005
9.99551E-005 9.99551E-005 9.99551E-005 0.0880674 0.0522319 0.724603 0.0401908 9.99551E-005 9.99551E-005 0.05037 0.0371723 0.00686474
9.99279E-005 9.99279E-005 9.99279E-005 9.99279E-005 0.884066 0.0860291 9.99279E-005 9.99279E-005 9.99279E-005 0.0133774 9.99279E-005 0.0157282
0.000365166 9.99282E-005 0.915153 0.0526997 9.99282E-005 9.99282E-005 0.0309829 9.99282E-005 9.99282E-005 9.99282E-005 9.99282E-005 9.99282E-005
9.99192E-005 0.0152115 0.930893 9.99192E-005 9.99192E-005 9.99192E-005 9.99192E-005 9.99192E-005 9.99192E-005 9.99192E-005 9.99192E-005 0.0529967
9.99098E-005 9.99098E-005 9.99098E-005 9.99098E-005 0.901735 9.99098E-005 0.0972655 9.99098E-005 9.99098E-005 9.99098E-005 9.99098E-005 9.99098E-005
9.99462E-005 0.00778882 9.99462E-005 0.0364715 9.99462E-005 0.00819554 0.934893 9.99462E-005 9.99462E-005 0.00645173 9.99462E-005 0.00559969
9.99193E-005 9.99193E-005 9.99193E-005 9.99193E-005 9.99193E-005 9.99193E-005 0.965215 0.0213103 0.0125751 9.99193E-005 9.99193E-005 9.99193E-005
0.00146319 0.00567393 9.99461E-005 9.99461E-005 0.0350739 0.0678327 0.881216 9.99461E-005 9.99461E-005 0.00814019 9.99461E-005 9.99461E-005
9.99103E-005 9.99103E-005 9.99103E-005 9.99103E-005 9.99103E-005 9.99103E-005 0.988004 0.0109966 9.99103E-005 9.99103E-005 9.99103E-005 9.99103E-005
0.0172212 9.99371E-005 9.99371E-005 0.0700626 9.99371E-005 0.00183264 0.901772 9.99371E-005 0.00841192 9.99371E-005 9.99371E-005 9.99371E-005
9.99372E-005 0.0349861 0.011093 0.0359408 0.00993047 9.99372E-005 0.90735 9.99372E-005 9.99372E-005 9.99372E-005 9.99372E-005 9.99372E-005
9.99282E-005 0.0312429 9.99282E-005 9.99282E-005 9.99282E-005 9.99282E-005 0.927374 9.99282E-005 0.0377961 0.00278803 9.99282E-005 9.99282E-005
9.99104E-005 9.99104E-005 9.99104E-005 9.99104E-005 9.99104E-005 9.99104E-005 0.995351 9.99104E-005 9.99104E-005 0.0036496 9.99104E-005 9.99104E-005
9.99282E-005 9.99282E-005 0.0211428 9.99282E-005 0.0147473 9.99282E-005 0.913869 0.0494419 9.99282E-005 9.99282E-005 9.99282E-005 9.99282E-005
9.99462E-005 0.044645 0.0101791 0.00423588 0.0116319 9.99462E-005 0.919819 9.99462E-005 9.99462E-005 0.00888951 9.99462E-005 9.99462E-005
9.99193E-005 9.99193E-005 9.99193E-005 9.99193E-005 9.99193E-005 9.99193E-005 0.972663 0.0142007 0.0122367 9.99193E-005 9.99193E-005 9.99193E-005
9.993E-005 0.0317057 9.993E-005 9.993E-005 9.993E-005 9.993E-005 0.926062 0.00653071 0.0170446 9.993E-005 0.0179573 9.993E-005
0.00835614 9.99282E-005 9.99282E-005 9.99282E-005 9.99282E-005 0.0640083 0.891185 9.99282E-005 9.99282E-005 9.99282E-005 0.0356515 9.99282E-005
9.99372E-005 9.99372E-005 0.00749239 0.0155768 9.99372E-005 9.99372E-005 0.929391 9.99372E-005 9.99372E-005 0.00962544 0.0372151 9.99372E-005
9.99193E-005 9.99193E-005 9.99193E-005 0.0701699 0.0320949 9.99193E-005 0.896836 9.99193E-005 9.99193E-005 9.99193E-005 9.99193E-005 9.99193E-005
9.99462E-005 0.063847 9.99462E-005 9.99462E-005 9.99462E-005 9.99462E-005 9.99462E-005 0.0250789 0.12161 0.0493836 0.650524 0.088957
9.99372E-005 9.99372E-005 9.99372E-005 9.99372E-005 9.99372E-005 9.99372E-005 9.99372E-005 0.0292687 0.0245931 0.027438 0.822034 0.0959667
9.99461E-005 0.0130832 9.99461E-005 9.99461E-005 9.99461E-005 0.125617 9.99461E-005 0.0782713 9.99461E-005 0.0843618 0.603714 0.0943529
9.99013E-005 9.99013E-005 9.99013E-005 9.99013E-005 9.99013E-005 9.99013E-005 9.99013E-005 0.998901 9.99013E-005 9.99013E-005 9.99013E-005 9.99013E-005
9.99192E-005 9.99192E-005 9.99192E-005 9.99192E-005 0.000101307 9.99192E-005 9.99192E-005 0.981264 9.99192E-005 0.0177357 9.99192E-005 9.99192E-005
9.99194E-005 9.99194E-005 9.99194E-005 0.0388744 9.99194E-005 9.99194E-005 9.99194E-005 0.909962 9.99194E-005 9.99194E-005 0.050264 9.99194E-005
9.99371E-005 9.99371E-005 0.0188141 9.99371E-005 9.99371E-005 0.0897606 9.99371E-005 0.82205 0.0447842 0.0238918 9.99371E-005 9.99371E-005
9.99103E-005 9.99103E-005 0.958719 9.99103E-005 9.99103E-005 0.040282 9.99103E-005 9.99103E-005 9.99103E-005 9.99103E-005 9.99103E-005 9.99103E-005
9.99192E-005 9.99192E-005 0.979094 0.0152266 9.99192E-005 9.99192E-005 9.99192E-005 9.99192E-005 0.00478014 9.99192E-005 9.99192E-005 9.99192E-005
9.99372E-005 9.99372E-005 0.916284 9.99372E-005 9.99372E-005 0.0124017 9.99372E-005 0.0412354 0.0290249 9.99372E-005 0.000354194 9.99372E-005
0.0122193 0.00304525 9.99641E-005 0.00104961 9.99641E-005 0.0737791 9.99641E-005 0.0205478 0.0314746 0.0273594 0.830125 9.99641E-005
0.0101992 9.99283E-005 0.0490754 9.99283E-005 9.99283E-005 0.0200434 9.99283E-005 9.99283E-005 9.99283E-005 9.99283E-005 0.919883 9.99283E-005
9.99551E-005 0.0192286 0.03218 0.0849093 9.99551E-005 9.99551E-005 0.0314222 9.99551E-005 0.0424514 9.99551E-005 0.710837 0.0784719
0.00610031 0.00242633 0.0771174 9.99641E-005 0.0218604 9.99641E-005 0.0101234 9.99641E-005 0.00234226 9.99641E-005 0.870716 0.00891386
