0.0258415 9.99551E-005 0.0251298 9.99551E-005 9.99551E-005 9.99551E-005 9.99551E-005 0.00281256 0.904555 0.0186191 0.022542
0.0229185 9.99191E-005 9.99191E-005 9.99191E-005 9.99191E-005 9.99191E-005 9.99191E-005 9.99191E-005 0.976182 9.99191E-005 9.99191E-005
0.0350253 9.99282E-005 0.091047 9.99282E-005 9.99282E-005 9.99282E-005 9.99282E-005 9.99282E-005 0.873128 9.99282E-005 9.99282E-005
9.99551E-005 9.99551E-005 0.0136701 0.00164214 9.99551E-005 0.138112 0.111323 9.99551E-005 0.682866 0.0518866 9.99551E-005
0.0251409 9.99371E-005 0.0566105 9.99371E-005 9.99371E-005 9.99371E-005 9.99371E-005 9.99371E-005 0.861013 0.0565364 9.99371E-005
9.99101E-005 9.99101E-005 9.99101E-005 9.99101E-005 9.99101E-005 9.99101E-005 9.99101E-005 9.99101E-005 0.999001 9.99101E-005 9.99101E-005
9.99101E-005 9.99101E-005 9.99101E-005 9.99101E-005 9.99101E-005 9.99101E-005 9.99101E-005 9.99101E-005 0.999001 9.99101E-005 9.99101E-005
9.99372E-005 0.160652 9.99372E-005 9.99372E-005 9.99372E-005 9.99372E-005 0.0156418 9.99372E-005 0.742394 0.080613 9.99372E-005
9.99461E-005 9.99461E-005 9.99461E-005 0.0740418 9.99461E-005 0.0311464 0.0383419 9.99461E-005 0.841808 9.99461E-005 0.0140624
9.99282E-005 9.99282E-005 9.99282E-005 0.104282 9.99282E-005 9.99282E-005 0.05935 9.99282E-005 0.835569 9.99282E-005 9.99282E-005
9.99281E-005 9.99281E-005 9.99281E-005 9.99281E-005 0.0702459 9.99281E-005 9.99281E-005 9.99281E-005 0.875168 9.99281E-005 0.0537867
0.0352076 0.0270311 0.0228242 9.99641E-005 9.99641E-005 0.000163856 0.165737 9.99641E-005 0.590511 0.158126 9.99641E-005
0.00641447 0.108121 0.122075 9.9982E-005 0.0245893 0.0106232 0.0395699 9.9982E-005 0.660042 0.0245602 0.00380453
9.99552E-005 9.99552E-005 0.075434 9.99552E-005 0.0583607 0.0395661 9.99552E-005 0.0234764 0.640006 0.162657 9.99552E-005
9.9982E-005 0.107269 0.0680115 0.0536484 9.9982E-005 0.115174 0.0915406 0.0161376 0.391 0.088918 0.0681012
9.99641E-005 0.0477537 0.218824 9.99641E-005 9.99641E-005 0.0690622 0.132704 0.00453931 0.517899 0.00881734 9.99641E-005
0.00142055 9.99551E-005 0.0599501 9.99551E-005 9.99551E-005 0.116101 0.110615 9.99551E-005 0.597316 0.114098 9.99551E-005
9.9964E-005 9.9964E-005 0.225692 9.9964E-005 9.9964E-005 0.0185765 0.0913679 0.00250091 0.521989 0.091622 0.0478517
0.539274 9.99551E-005 0.0672718 9.99551E-005 9.99551E-005 0.0402103 0.232294 9.99551E-005 0.0999078 0.0205421 9.99551E-005
0.0261869 9.99372E-005 9.99372E-005 9.99372E-005 9.99372E-005 9.99372E-005 0.909814 9.99372E-005 0.0214561 0.0418439 9.99372E-005
0.0955396 9.99282E-005 9.99282E-005 9.99282E-005 9.99282E-005 9.99282E-005 0.889732 9.99282E-005 9.99282E-005 0.0139288 9.99282E-005
0.244467 9.99461E-005 9.99461E-005 9.99461E-005 0.0426205 9.99461E-005 0.634898 9.99461E-005 0.0622457 0.0151692 9.99461E-005
0.0484281 9.99371E-005 9.99371E-005 9.99371E-005 0.0617708 9.99371E-005 0.864613 9.99371E-005 9.99371E-005 9.99371E-005 0.0244886
0.999001 9.99101E-005 9.99101E-005 9.99101E-005 9.99101E-005 9.99101E-005 9.99101E-005 9.99101E-005 9.99101E-005 9.99101E-005 9.99101E-005
0.998728 9.99191E-005 9.99191E-005 9.99191E-005 9.99191E-005 9.99191E-005 0.000373102 9.99191E-005 9.99191E-005 9.99191E-005 9.99191E-005
0.999001 9.99101E-005 9.99101E-005 9.99101E-005 9.99101E-005 9.99101E-005 9.99101E-005 9.99101E-005 9.99101E-005 9.99101E-005 9.99101E-005
0.0524872 9.99551E-005 9.99551E-005 0.0283283 9.99551E-005 0.106734 0.75241 0.02033 9.99551E-005 0.0392107 9.99551E-005
0.760215 9.99371E-005 9.99371E-005 9.99371E-005 9.99371E-005 9.99371E-005 0.212215 0.00719118 0.0196798 9.99371E-005 9.99371E-005
0.0282307 9.99372E-005 0.0191112 9.99372E-005 9.99372E-005 0.0451537 0.906805 9.99372E-005 9.99372E-005 9.99372E-005 9.99372E-005
0.999001 9.99101E-005 9.99101E-005 9.99101E-005 9.99101E-005 9.99101E-005 9.99101E-005 9.99101E-005 9.99101E-005 9.99101E-005 9.99101E-005
0.151562 0.0793145 9.99372E-005 9.99372E-005 9.99372E-005 9.99372E-005 0.693895 9.99372E-005 0.0745294 9.99372E-005 9.99372E-005
0.999001 9.99102E-005 9.99102E-005 9.99102E-005 9.99102E-005 9.99102E-005 9.99102E-005 9.99102E-005 9.99102E-005 9.99102E-005 9.99102E-005
0.0816466 9.99282E-005 0.117556 9.99282E-005 9.99282E-005 9.99282E-005 0.799998 9.99282E-005 9.99282E-005 9.99282E-005 9.99282E-005
0.2366 9.99372E-005 9.99372E-005 0.0359298 9.99372E-005 9.99372E-005 0.724893 0.00187803 9.99372E-005 9.99372E-005 9.99372E-005
0.129633 9.99461E-005 0.0444734 0.0532741 9.99461E-005 9.99461E-005 0.759018 0.0130022 9.99461E-005 9.99461E-005 9.99461E-005
0.138322 9.99282E-005 9.99282E-005 9.99282E-005 9.99282E-005 9.99282E-005 0.838085 9.99282E-005 0.022794 9.99282E-005 9.99282E-005
0.0920511 9.99462E-005 9.99462E-005 9.99462E-005 0.0104704 0.0929876 0.798673 9.99462E-005 0.00521841 9.99462E-005 9.99462E-005
9.99731E-005 0.0226422 0.0836287 0.0382014 0.00153509 9.99731E-005 0.048198 0.0107072 0.0856078 0.70918 9.99731E-005
9.99102E-005 9.99102E-005 9.99102E-005 9.99102E-005 9.99102E-005 9.99102E-005 9.99102E-005 9.99102E-005 9.99102E-005 0.999001 9.99102E-005
0.0118663 9.99641E-005 0.107988 0.014954 9.99641E-005 9.99641E-005 0.00742028 0.05142 0.0117433 0.794208 9.99641E-005
9.99372E-005 9.99372E-005 0.14585 9.99372E-005 9.99372E-005 9.99372E-005 9.99372E-005 9.99372E-005 0.0213477 0.826918 0.00518527
0.021761 9.99461E-005 0.188517 9.99461E-005 9.99461E-005 9.99461E-005 9.99461E-005 0.0272292 9.99461E-005 0.756066 0.00582656
9.99282E-005 9.99282E-005 0.014704 9.99282E-005 9.99282E-005 0.00651503 9.99282E-005 9.99282E-005 9.99282E-005 0.977982 9.99282E-005
9.99193E-005 9.99193E-005 0.218923 9.99193E-005 9.99193E-005 9.99193E-005 9.99193E-005 9.99193E-005 9.99193E-005 0.780178 9.99193E-005
0.0271349 0.00799817 0.0698229 9.99551E-005 9.99551E-005 0.0680795 9.99551E-005 9.99551E-005 0.0230703 0.803394 9.99551E-005
9.99192E-005 9.99192E-005 0.0793711 9.99192E-005 9.99192E-005 9.99192E-005 9.99192E-005 9.99192E-005 9.99192E-005 0.91973 9.99192E-005
0.0409383 0.142372 0.0482513 0.120155 9.99641E-005 0.513449 9.99641E-005 9.99641E-005 0.0625391 0.071895 9.99641E-005
9.99108E-005 9.99108E-005 9.99108E-005 9.99108E-005 9.99108E-005 9.99108E-005 9.99108E-005 9.99108E-005 9.99108E-005 9.99108E-005 0.999001
9.99278E-005 9.99278E-005 9.99278E-005 0.0254628 9.99278E-005 9.99278E-005 9.99278E-005 9.99278E-005 9.99278E-005 0.0506327 0.923105
9.99282E-005 9.99282E-005 0.0770344 9.99282E-005 9.99282E-005 0.908779 9.99282E-005 0.0133873 9.99282E-005 9.99282E-005 9.99282E-005
9.99278E-005 9.99278E-005 9.99278E-005 0.131516 9.99278E-005 0.323375 9.99278E-005 9.99278E-005 9.99278E-005 9.99278E-005 0.544309
0.0258133 9.99192E-005 9.99192E-005 9.99192E-005 9.99192E-005 0.973287 9.99192E-005 9.99192E-005 9.99192E-005 9.99192E-005 9.99192E-005
9.99551E-005 0.0349681 9.99551E-005 0.030936 9.99551E-005 0.771894 0.109172 0.0338237 9.99551E-005 0.0187066 9.99551E-005
0.0362555 0.073572 9.9973E-005 9.9973E-005 0.0285504 0.711017 0.00175532 9.9973E-005 0.031197 0.112659 0.00469397
9.99283E-005 9.99283E-005 9.99283E-005 0.0238601 9.99283E-005 0.943047 9.99283E-005 9.99283E-005 0.0322937 9.99283E-005 9.99283E-005
9.99193E-005 9.99193E-005 9.99193E-005 9.99193E-005 9.99193E-005 0.95794 9.99193E-005 9.99193E-005 0.0411607 9.99193E-005 9.99193E-005
0.0488323 9.99461E-005 0.0741914 0.0268403 9.99461E-005 0.80275 9.99461E-005 0.046786 9.99461E-005 9.99461E-005 9.99461E-005
9.99192E-005 9.99192E-005 9.99192E-005 9.99192E-005 9.99192E-005 0.978348 9.99192E-005 9.99192E-005 0.0207526 9.99192E-005 9.99192E-005
9.99191E-005 9.99191E-005 9.99191E-005 9.99191E-005 0.0489473 0.950153 9.99191E-005 9.99191E-005 9.99191E-005 9.99191E-005 9.99191E-005
9.99282E-005 9.99282E-005 9.99282E-005 0.0238651 9.99282E-005 0.943764 0.0315713 9.99282E-005 9.99282E-005 9.99282E-005 9.99282E-005
9.99192E-005 0.963522 9.99192E-005 9.99192E-005 9.99192E-005 9.99192E-005 0.035579 9.99192E-005 9.99192E-005 9.99192E-005 9.99192E-005
9.99282E-005 0.89424 9.99282E-005 9.99282E-005 9.99282E-005 9.99282E-005 0.0937977 0.0111629 9.99282E-005 9.99282E-005 9.99282E-005
0.00677356 0.867761 0.0114113 9.99731E-005 0.00531523 0.00493858 9.99731E-005 0.00668291 0.0280829 0.0687346 9.99731E-005
9.99282E-005 0.495076 9.99282E-005 9.99282E-005 0.15339 9.99282E-005 9.99282E-005 0.350735 9.99282E-005 9.99282E-005 9.99282E-005
0.0403401 0.286481 9.99461E-005 0.0367879 0.270664 9.99461E-005 9.99461E-005 0.365127 9.99461E-005 9.99461E-005 9.99461E-005
9.99282E-005 9.99282E-005 9.99282E-005 9.99282E-005 9.99282E-005 0.0236639 9.99282E-005 0.972957 9.99282E-005 0.00257952 9.99282E-005
9.99101E-005 9.99101E-005 9.99101E-005 9.99101E-005 9.99101E-005 9.99101E-005 9.99101E-005 0.999001 9.99101E-005 9.99101E-005 9.99101E-005
9.99372E-005 0.414114 9.99372E-005 9.99372E-005 0.175762 9.99372E-005 0.0124789 0.396945 9.99372E-005 9.99372E-005 9.99372E-005
9.99461E-005 0.362322 9.99461E-005 0.0281412 0.215501 0.00374011 9.99461E-005 0.389696 9.99461E-005 9.99461E-005 9.99461E-005
9.99282E-005 9.99282E-005 0.0266824 9.99282E-005 9.99282E-005 9.99282E-005 0.00116968 0.971349 9.99282E-005 9.99282E-005 9.99282E-005
9.99102E-005 9.99102E-005 9.99102E-005 9.99102E-005 9.99102E-005 9.99102E-005 9.99102E-005 0.999001 9.99102E-005 9.99102E-005 9.99102E-005
9.99371E-005 0.505353 9.99371E-005 9.99371E-005 0.125841 9.99371E-005 0.0379846 0.330122 9.99371E-005 9.99371E-005 9.99371E-005
9.99192E-005 9.99192E-005 9.99192E-005 9.99192E-005 9.99192E-005 0.0199335 9.99192E-005 0.979167 9.99192E-005 9.99192E-005 9.99192E-005
9.99102E-005 9.99102E-005 9.99102E-005 9.99102E-005 9.99102E-005 9.99102E-005 9.99102E-005 0.999001 9.99102E-005 9.99102E-005 9.99102E-005
9.99192E-005 9.99192E-005 9.99192E-005 0.00329174 9.99192E-005 9.99192E-005 9.99192E-005 0.995809 9.99192E-005 9.99192E-005 9.99192E-005
9.99282E-005 0.0719369 9.99282E-005 9.99282E-005 0.00114951 9.99282E-005 9.99282E-005 0.926114 9.99282E-005 9.99282E-005 9.99282E-005
0.0327654 9.99281E-005 9.99281E-005 0.00399856 9.99281E-005 9.99281E-005 9.99281E-005 0.962437 9.99281E-005 9.99281E-005 9.99281E-005
9.99283E-005 9.99283E-005 0.0558697 9.99283E-005 0.0114353 9.99283E-005 0.931896 9.99283E-005 9.99283E-005 9.99283E-005 9.99283E-005
0.0253132 0.00909239 0.0856086 9.99551E-005 9.99551E-005 9.99551E-005 9.99551E-005 9.99551E-005 0.0268415 0.84635 0.0062943
0.0426209 9.99371E-005 0.00688145 9.99371E-005 0.00196529 9.99371E-005 9.99371E-005 9.99371E-005 9.99371E-005 0.947833 9.99371E-005
9.99281E-005 9.99281E-005 9.99281E-005 0.757128 0.220122 9.99281E-005 9.99281E-005 0.02195 9.99281E-005 9.99281E-005 9.99281E-005
9.99282E-005 9.99282E-005 9.99282E-005 0.631382 0.3122 9.99282E-005 9.99282E-005 0.0556182 9.99282E-005 9.99282E-005 9.99282E-005
9.99282E-005 9.99282E-005 9.99282E-005 0.456106 0.501616 9.99282E-005 9.99282E-005 0.0414784 9.99282E-005 9.99282E-005 9.99282E-005
9.99102E-005 9.99102E-005 9.99102E-005 0.999001 9.99102E-005 9.99102E-005 9.99102E-005 9.99102E-005 9.99102E-005 9.99102E-005 9.99102E-005
9.99372E-005 0.0548579 9.99372E-005 0.210041 0.714656 0.0197449 9.99372E-005 9.99372E-005 9.99372E-005 9.99372E-005 9.99372E-005
0.0112147 0.011938 9.99371E-005 0.540495 0.435653 9.99371E-005 9.99371E-005 9.99371E-005 9.99371E-005 9.99371E-005 9.99371E-005
0.0392153 9.99372E-005 9.99372E-005 0.490013 0.454558 9.99372E-005 9.99372E-005 0.0155134 9.99372E-005 9.99372E-005 9.99372E-005
9.99462E-005 0.00367179 9.99462E-005 0.419199 0.526859 0.049073 0.000597612 9.99462E-005 9.99462E-005 9.99462E-005 9.99462E-005
9.99372E-005 9.99372E-005 9.99372E-005 0.660527 0.275542 9.99372E-005 0.0583438 9.99372E-005 9.99372E-005 9.99372E-005 0.00488785
9.99191E-005 9.99191E-005 9.99191E-005 0.997992 9.99191E-005 9.99191E-005 9.99191E-005 9.99191E-005 0.00110847 9.99191E-005 9.99191E-005
9.99102E-005 9.99102E-005 9.99102E-005 0.999001 9.99102E-005 9.99102E-005 9.99102E-005 9.99102E-005 9.99102E-005 9.99102E-005 9.99102E-005
9.99461E-005 9.99461E-005 9.99461E-005 0.485757 0.403538 0.0371391 9.99461E-005 0.0254124 9.99461E-005 9.99461E-005 0.0475543
9.99282E-005 9.99282E-005 9.99282E-005 0.660515 0.300313 0.0383726 9.99282E-005 9.99282E-005 9.99282E-005 9.99282E-005 9.99282E-005
9.99281E-005 9.99281E-005 9.99281E-005 0.588879 0.38931 9.99281E-005 9.99281E-005 0.0210115 9.99281E-005 9.99281E-005 9.99281E-005
9.99282E-005 0.0135234 9.99282E-005 0.714689 0.270988 9.99282E-005 9.99282E-005 9.99282E-005 9.99282E-005 9.99282E-005 9.99282E-005
0.0154239 0.0176477 0.0316415 0.583885 0.340152 9.99551E-005 9.99551E-005 9.99551E-005 9.99551E-005 9.99551E-005 0.0107503
9.99282E-005 9.99282E-005 9.99282E-005 0.519687 0.424173 9.99282E-005 9.99282E-005 0.0553405 9.99282E-005 9.99282E-005 9.99282E-005
9.99282E-005 9.99282E-005 9.99282E-005 0.537777 0.44732 9.99282E-005 9.99282E-005 9.99282E-005 9.99282E-005 0.0141042 9.99282E-005
9.99192E-005 9.99192E-005 9.99192E-005 0.643833 0.355268 9.99192E-005 9.99192E-005 9.99192E-005 9.99192E-005 9.99192E-005 9.99192E-005
9.994E-005 9.994E-005 9.994E-005 0.214252 0.669267 9.994E-005 0.0663384 0.0332024 9.994E-005 9.994E-005 0.0163403
9.993E-005 9.993E-005 9.993E-005 0.234901 0.74029 9.993E-005 0.00164242 0.0224664 9.993E-005 9.993E-005 9.993E-005
9.99282E-005 9.99282E-005 0.0210456 0.967409 9.99282E-005 9.99282E-005 9.99282E-005 0.0107461 9.99282E-005 9.99282E-005 9.99282E-005
9.99281E-005 9.99281E-005 9.99281E-005 0.0824203 0.903642 9.99281E-005 9.99281E-005 9.99281E-005 0.0131382 9.99281E-005 9.99281E-005
0.0177216 0.0393881 9.99551E-005 0.426985 0.460397 0.0534694 9.99551E-005 9.99551E-005 9.99551E-005 9.99551E-005 0.00153875
9.99281E-005 0.0120341 9.99281E-005 0.528613 0.458553 9.99281E-005 9.99281E-005 9.99281E-005 9.99281E-005 9.99281E-005 9.99281E-005
0.0167799 9.99461E-005 9.99461E-005 0.71301 0.237529 9.99461E-005 9.99461E-005 9.99461E-005 0.00525045 9.99461E-005 0.026831
9.99371E-005 0.55531 9.99371E-005 0.0309423 0.0853152 9.99371E-005 9.99371E-005 0.327733 9.99371E-005 9.99371E-005 9.99371E-005
9.9955E-005 0.43909 9.9955E-005 0.0159264 0.0951012 9.9955E-005 0.252528 0.189038 9.9955E-005 9.9955E-005 0.00781685
0.0146661 0.427862 9.99462E-005 0.264817 0.05514 9.99462E-005 9.99462E-005 0.236916 9.99462E-005 9.99462E-005 9.99462E-005
9.99461E-005 9.99461E-005 0.792073 9.99461E-005 9.99461E-005 9.99461E-005 0.107116 0.0477853 0.0425116 9.99461E-005 0.00991387
9.99101E-005 9.99101E-005 0.999001 9.99101E-005 9.99101E-005 9.99101E-005 9.99101E-005 9.99101E-005 9.99101E-005 9.99101E-005 9.99101E-005
9.99193E-005 9.99193E-005 0.968715 9.99193E-005 9.99193E-005 0.0303855 9.99193E-005 9.99193E-005 9.99193E-005 9.99193E-005 9.99193E-005
0.0201524 9.99191E-005 0.978948 9.99191E-005 9.99191E-005 9.99191E-005 9.99191E-005 9.99191E-005 9.99191E-005 9.99191E-005 9.99191E-005
9.99192E-005 9.99192E-005 0.956412 9.99192E-005 9.99192E-005 9.99192E-005 9.99192E-005 9.99192E-005 9.99192E-005 0.0426889 9.99192E-005
9.99102E-005 9.99102E-005 0.999001 9.99102E-005 9.99102E-005 9.99102E-005 9.99102E-005 9.99102E-005 9.99102E-005 9.99102E-005 9.99102E-005
0.0269957 9.99641E-005 0.51746 9.99641E-005 9.99641E-005 9.99641E-005 0.153478 0.0303655 0.0661126 0.164564 0.040625
9.99192E-005 9.99192E-005 9.99192E-005 9.99192E-005 9.99192E-005 9.99192E-005 9.99192E-005 9.99192E-005 9.99192E-005 0.97671 0.0223905
9.99102E-005 9.99102E-005 9.99102E-005 9.99102E-005 9.99102E-005 9.99102E-005 9.99102E-005 9.99102E-005 9.99102E-005 0.999001 9.99102E-005
0.073826 9.99462E-005 9.99462E-005 9.99462E-005 0.0285478 9.99462E-005 9.99462E-005 0.00232858 0.0246378 0.87006 9.99462E-005
0.00205848 9.99551E-005 0.146604 0.18637 0.279913 9.99551E-005 0.354813 9.99551E-005 9.99551E-005 0.0297418 9.99551E-005
0.0267202 9.9982E-005 0.0357534 0.0437298 0.0120585 0.149654 0.19705 9.9982E-005 0.428234 0.0342333 0.0723672
0.031052 9.99548E-005 0.0301287 9.99548E-005 0.082854 9.99548E-005 9.99548E-005 0.0552969 0.121172 9.99548E-005 0.678996
9.99282E-005 0.860531 9.99282E-005 0.0908867 9.99282E-005 0.0477826 9.99282E-005 9.99282E-005 9.99282E-005 9.99282E-005 9.99282E-005
9.99371E-005 0.855995 9.99371E-005 9.99371E-005 9.99371E-005 0.0663897 9.99371E-005 0.0201142 0.0568011 9.99371E-005 9.99371E-005
9.99276E-005 9.99276E-005 9.99276E-005 0.0871703 0.246724 9.99276E-005 9.99276E-005 9.99276E-005 9.99276E-005 9.99276E-005 0.665306
0.00134817 9.99462E-005 9.99462E-005 0.508212 0.466565 0.00451761 9.99462E-005 0.0187572 9.99462E-005 9.99462E-005 9.99462E-005
9.99102E-005 9.99102E-005 9.99102E-005 9.99102E-005 0.999001 9.99102E-005 9.99102E-005 9.99102E-005 9.99102E-005 9.99102E-005 9.99102E-005
0.00616248 9.99551E-005 9.99551E-005 0.459232 0.473669 9.99551E-005 0.0305523 0.00383466 9.99551E-005 9.99551E-005 0.0260498
9.99101E-005 9.99101E-005 9.99101E-005 9.99101E-005 0.999001 9.99101E-005 9.99101E-005 9.99101E-005 9.99101E-005 9.99101E-005 9.99101E-005
9.99281E-005 9.99281E-005 9.99281E-005 0.957887 0.0235185 0.0177948 9.99281E-005 9.99281E-005 9.99281E-005 9.99281E-005 9.99281E-005
9.99461E-005 0.018127 9.99461E-005 0.615316 0.333422 0.00556164 9.99461E-005 0.0269741 9.99461E-005 9.99461E-005 9.99461E-005
9.99461E-005 9.99461E-005 0.010376 0.598628 0.356564 0.00466859 9.99461E-005 0.0291639 9.99461E-005 9.99461E-005 9.99461E-005
9.99101E-005 9.99101E-005 9.99101E-005 9.99101E-005 0.999001 9.99101E-005 9.99101E-005 9.99101E-005 9.99101E-005 9.99101E-005 9.99101E-005
9.99372E-005 9.99372E-005 9.99372E-005 0.530759 0.434421 9.99372E-005 9.99372E-005 0.00654361 9.99372E-005 0.0275776 9.99372E-005
9.99282E-005 9.99282E-005 9.99282E-005 0.579159 0.373843 9.99282E-005 9.99282E-005 0.0461978 9.99282E-005 9.99282E-005 9.99282E-005
9.99282E-005 0.032069 9.99282E-005 0.392461 0.57467 9.99282E-005 9.99282E-005 9.99282E-005 9.99282E-005 9.99282E-005 9.99282E-005
9.99461E-005 9.99461E-005 0.0144856 0.262708 0.70922 9.99461E-005 0.00578217 0.0072049 9.99461E-005 9.99461E-005 9.99461E-005
9.99282E-005 9.99282E-005 9.99282E-005 0.362477 0.560227 9.99282E-005 0.0764959 9.99282E-005 9.99282E-005 9.99282E-005 9.99282E-005
0.0317243 9.99282E-005 9.99282E-005 0.621752 0.345724 9.99282E-005 9.99282E-005 9.99282E-005 9.99282E-005 9.99282E-005 9.99282E-005
9.99282E-005 9.99282E-005 9.99282E-005 0.388443 0.544329 0.0664287 9.99282E-005 9.99282E-005 9.99282E-005 9.99282E-005 9.99282E-005
0.0768081 9.99551E-005 0.182436 9.99551E-005 0.0472811 9.99551E-005 0.609591 0.042213 0.0411708 9.99551E-005 9.99551E-005
0.0150007 0.00189015 0.00325228 0.00940469 9.99641E-005 9.99641E-005 0.84529 9.99641E-005 0.123186 0.00157599 9.99641E-005
0.0834361 0.00601353 9.99641E-005 0.00203654 9.99641E-005 9.99641E-005 0.610309 0.0348704 0.155432 0.107502 9.99641E-005
9.99193E-005 9.99193E-005 9.99193E-005 9.99193E-005 0.0140267 9.99193E-005 9.99193E-005 9.99193E-005 9.99193E-005 0.985074 9.99193E-005
0.0207445 9.99282E-005 9.99282E-005 9.99282E-005 9.99282E-005 0.00368884 9.99282E-005 9.99282E-005 9.99282E-005 0.974767 9.99282E-005
9.99283E-005 9.99283E-005 9.99283E-005 9.99283E-005 9.99283E-005 0.0562302 0.0333985 9.99283E-005 9.99283E-005 0.909572 9.99283E-005
0.0306561 0.0486802 0.100925 9.99371E-005 9.99371E-005 9.99371E-005 9.99371E-005 9.99371E-005 9.99371E-005 0.819039 9.99371E-005
9.99103E-005 0.999001 9.99103E-005 9.99103E-005 9.99103E-005 9.99103E-005 9.99103E-005 9.99103E-005 9.99103E-005 9.99103E-005 9.99103E-005
9.99281E-005 0.954822 0.026362 9.99281E-005 9.99281E-005 0.0180165 9.99281E-005 9.99281E-005 9.99281E-005 9.99281E-005 9.99281E-005
9.99282E-005 0.928779 0.0303583 9.99282E-005 9.99282E-005 9.99282E-005 9.99282E-005 9.99282E-005 9.99282E-005 0.0400637 9.99282E-005
0.02985 9.99731E-005 0.0667654 0.0115761 0.000293712 9.99731E-005 0.827851 0.0114544 0.040109 0.0118003 9.99731E-005
9.99461E-005 0.0194475 0.00803014 9.99461E-005 9.99461E-005 9.99461E-005 0.910766 9.99461E-005 0.0232905 9.99461E-005 0.0378663
0.00767333 0.034376 0.0785846 0.0911621 9.99641E-005 0.0237192 0.67631 9.99641E-005 0.0877753 9.99641E-005 9.99641E-005
9.99461E-005 0.0653656 9.99461E-005 0.0382536 9.99461E-005 9.99461E-005 0.877894 0.00372378 9.99461E-005 9.99461E-005 0.0141635
