0.0200223 9.99372E-005 0.0324379 0.0214212 0.0178649 0.907325 9.99372E-005 9.99372E-005 0.000229415 9.99372E-005 9.99372E-005 9.99372E-005 9.99372E-005
9.99012E-005 9.99012E-005 9.99012E-005 9.99012E-005 0.00720889 0.991692 9.99012E-005 9.99012E-005 9.99012E-005 9.99012E-005 9.99012E-005 9.99012E-005 9.99012E-005
0.0935486 9.99102E-005 9.99102E-005 9.99102E-005 0.0387679 0.866684 9.99102E-005 9.99102E-005 9.99102E-005 9.99102E-005 9.99102E-005 9.99102E-005 9.99102E-005
0.00551285 9.99462E-005 0.0794153 0.0665777 9.99462E-005 0.714083 9.99462E-005 9.99462E-005 9.99462E-005 9.99462E-005 0.0248367 0.096181 0.0127933
0.0231897 9.99192E-005 9.99192E-005 0.0837627 0.0284694 0.863679 9.99192E-005 9.99192E-005 9.99192E-005 9.99192E-005 9.99192E-005 9.99192E-005 9.99192E-005
9.98921E-005 9.98921E-005 9.98921E-005 9.98921E-005 9.98921E-005 0.998801 9.98921E-005 9.98921E-005 9.98921E-005 9.98921E-005 9.98921E-005 9.98921E-005 9.98921E-005
9.99012E-005 9.99012E-005 9.99012E-005 9.99012E-005 0.00899854 0.989903 9.99012E-005 9.99012E-005 9.99012E-005 9.99012E-005 9.99012E-005 9.99012E-005 9.99012E-005
9.99462E-005 9.99462E-005 0.0145647 0.0779701 9.99462E-005 0.75113 9.99462E-005 0.00608888 0.00360735 9.99462E-005 9.99462E-005 0.0296458 0.116393
9.99414E-005 0.00272647 0.0636362 9.99414E-005 9.99414E-005 0.780796 0.00185078 9.99414E-005 9.99414E-005 9.99414E-005 0.0636355 0.0866551 9.99414E-005
9.99192E-005 0.0414347 9.99192E-005 9.99192E-005 9.99192E-005 0.804422 9.99192E-005 9.99192E-005 9.99192E-005 9.99192E-005 0.0523625 0.100881 9.99192E-005
9.99192E-005 9.99192E-005 9.99192E-005 9.99192E-005 9.99192E-005 0.871247 0.0542885 9.99192E-005 0.061955 0.0116097 9.99192E-005 9.99192E-005 9.99192E-005
0.00908716 9.99462E-005 9.99462E-005 0.163435 0.0533584 0.619227 9.99462E-005 0.0148612 9.99462E-005 9.99462E-005 9.99462E-005 0.125044 0.0143877
0.111484 9.99551E-005 0.0096159 0.0546916 9.99551E-005 0.670087 9.99551E-005 9.99551E-005 0.0126828 0.00907383 9.99551E-005 0.0097642 0.122101
0.113264 9.99462E-005 0.0617439 0.139009 9.99462E-005 0.619328 0.0369387 0.00598654 9.99462E-005 0.0231297 9.99462E-005 9.99462E-005 9.99462E-005
0.0250247 9.99641E-005 0.10535 0.0846834 9.99641E-005 0.412551 9.99641E-005 0.029517 0.0749964 9.99641E-005 0.0532127 0.12814 0.0861252
0.189601 9.99551E-005 0.0851099 0.0330739 9.99551E-005 0.502191 9.99551E-005 0.0239439 0.0219372 9.99551E-005 9.99551E-005 0.127615 0.016028
0.0818235 9.99282E-005 0.0949679 0.122119 9.99282E-005 0.555015 9.99282E-005 9.99282E-005 9.99282E-005 9.99282E-005 9.99282E-005 0.145276 9.99282E-005
0.278796 9.99371E-005 9.99371E-005 0.0810012 0.00328791 0.489012 9.99371E-005 9.99371E-005 0.0723261 9.99371E-005 9.99371E-005 0.0748779 9.99371E-005
0.100251 9.99461E-005 0.0240272 9.99461E-005 0.543603 0.0750713 0.0242056 0.000266873 9.99461E-005 9.99461E-005 9.99461E-005 0.231976 9.99461E-005
9.99193E-005 9.99193E-005 9.99193E-005 0.0283588 0.0496316 0.038571 9.99193E-005 9.99193E-005 9.99193E-005 9.99193E-005 9.99193E-005 0.882539 9.99193E-005
9.99103E-005 9.99103E-005 9.99103E-005 0.0167041 0.100382 9.99103E-005 9.99103E-005 9.99103E-005 9.99103E-005 9.99103E-005 9.99103E-005 0.881915 9.99103E-005
9.99372E-005 9.99372E-005 9.99372E-005 0.014746 0.239996 0.0611669 0.0407275 9.99372E-005 9.99372E-005 0.0199376 9.99372E-005 0.622727 9.99372E-005
9.99281E-005 9.99281E-005 9.99281E-005 9.99281E-005 0.0496067 9.99281E-005 0.0605427 9.99281E-005 0.036195 0.000465489 9.99281E-005 0.852391 9.99281E-005
9.98919E-005 9.98919E-005 9.98919E-005 9.98919E-005 0.998801 9.98919E-005 9.98919E-005 9.98919E-005 9.98919E-005 9.98919E-005 9.98919E-005 9.98919E-005 9.98919E-005
9.99012E-005 9.99012E-005 9.99012E-005 9.99012E-005 0.996253 9.99012E-005 9.99012E-005 9.99012E-005 9.99012E-005 9.99012E-005 9.99012E-005 0.00264766 9.99012E-005
9.98922E-005 9.98922E-005 9.98922E-005 9.98922E-005 0.998801 9.98922E-005 9.98922E-005 9.98922E-005 9.98922E-005 9.98922E-005 9.98922E-005 9.98922E-005 9.98922E-005
9.99372E-005 0.047115 0.0754289 0.0584198 0.0585595 9.99372E-005 9.99372E-005 0.00788314 9.99372E-005 9.99372E-005 9.99372E-005 0.751894 9.99372E-005
9.99281E-005 9.99281E-005 9.99281E-005 9.99281E-005 0.777319 0.0157241 9.99281E-005 0.00948618 9.99281E-005 9.99281E-005 0.0153395 0.181331 9.99281E-005
0.00778774 9.99193E-005 0.0140958 9.99193E-005 0.0229945 9.99193E-005 9.99193E-005 9.99193E-005 9.99193E-005 9.99193E-005 9.99193E-005 0.954223 9.99193E-005
9.98921E-005 9.98921E-005 9.98921E-005 9.98921E-005 0.998801 9.98921E-005 9.98921E-005 9.98921E-005 9.98921E-005 9.98921E-005 9.98921E-005 9.98921E-005 9.98921E-005
9.99282E-005 9.99282E-005 9.99282E-005 9.99282E-005 0.160312 0.0678985 9.99282E-005 9.99282E-005 9.99282E-005 9.99282E-005 0.0118645 0.695765 0.0633604
9.98922E-005 9.98922E-005 9.98922E-005 9.98922E-005 0.998801 9.98922E-005 9.98922E-005 9.98922E-005 9.98922E-005 9.98922E-005 9.98922E-005 9.98922E-005 9.98922E-005
0.108386 9.99102E-005 9.99102E-005 9.99102E-005 0.0859921 9.99102E-005 9.99102E-005 9.99102E-005 9.99102E-005 9.99102E-005 9.99102E-005 0.804623 9.99102E-005
9.99103E-005 9.99103E-005 9.99103E-005 9.99103E-005 0.261611 9.99103E-005 9.99103E-005 9.99103E-005 9.99103E-005 9.99103E-005 0.0722357 0.665154 9.99103E-005
0.0317849 9.99461E-005 9.99461E-005 0.0239223 0.170647 9.99461E-005 9.99461E-005 0.000401168 9.99461E-005 0.0581904 0.0346194 0.679835 9.99461E-005
9.99192E-005 9.99192E-005 0.0253582 9.99192E-005 0.122048 0.00330591 9.99192E-005 9.99192E-005 9.99192E-005 9.99192E-005 9.99192E-005 0.848389 9.99192E-005
9.99551E-005 0.0038148 0.12094 9.99551E-005 0.0911596 0.00126739 0.00113925 9.99551E-005 0.00286872 9.99551E-005 0.0079368 0.770374 9.99551E-005
0.0648013 0.0265464 9.99641E-005 0.729886 9.99641E-005 0.0693906 0.00144599 0.0107893 9.99641E-005 9.99641E-005 0.0124344 0.050711 0.0335949
9.99012E-005 9.99012E-005 9.99012E-005 0.986813 9.99012E-005 9.99012E-005 9.99012E-005 9.99012E-005 0.0120882 9.99012E-005 9.99012E-005 9.99012E-005 9.99012E-005
0.100012 9.99282E-005 9.99282E-005 0.789343 0.0195293 9.99282E-005 9.99282E-005 0.02552 9.99282E-005 9.99282E-005 0.0647961 9.99282E-005 9.99282E-005
0.162624 9.99193E-005 9.99193E-005 0.827137 9.99193E-005 9.99193E-005 9.99193E-005 9.99193E-005 0.00226932 9.99193E-005 0.00707099 9.99193E-005 9.99193E-005
0.192358 9.99282E-005 9.99282E-005 0.750473 0.0228071 9.99282E-005 9.99282E-005 0.0327557 0.000806643 9.99282E-005 9.99282E-005 9.99282E-005 9.99282E-005
0.0109974 9.99281E-005 0.00865728 0.963373 0.0147056 9.99281E-005 0.00146704 9.99281E-005 9.99281E-005 9.99281E-005 9.99281E-005 9.99281E-005 9.99281E-005
0.219913 9.99013E-005 9.99013E-005 0.778988 9.99013E-005 9.99013E-005 9.99013E-005 9.99013E-005 9.99013E-005 9.99013E-005 9.99013E-005 9.99013E-005 9.99013E-005
0.0367838 9.99372E-005 0.0689666 0.832548 0.0206708 0.0293672 9.99372E-005 9.99372E-005 9.99372E-005 9.99372E-005 9.99372E-005 0.0109638 9.99372E-005
0.0379528 9.99192E-005 9.99192E-005 0.948619 0.00649888 9.99192E-005 9.99192E-005 9.99192E-005 9.99192E-005 9.99192E-005 0.00603019 9.99192E-005 9.99192E-005
0.0129314 0.0798608 0.502689 0.0756692 0.0395898 0.128305 9.99551E-005 9.99551E-005 9.99551E-005 9.99551E-005 0.0154117 9.99551E-005 0.145043
9.9893E-005 9.9893E-005 9.9893E-005 9.9893E-005 9.9893E-005 9.9893E-005 9.9893E-005 9.9893E-005 0.998801 9.9893E-005 9.9893E-005 9.9893E-005 9.9893E-005
9.99187E-005 9.99187E-005 9.99187E-005 0.0299955 9.99187E-005 9.99187E-005 0.0397137 9.99187E-005 0.914352 9.99187E-005 0.0150399 9.99187E-005 9.99187E-005
0.0610063 9.99193E-005 0.917521 9.99193E-005 9.99193E-005 9.99193E-005 9.99193E-005 0.0161465 9.99193E-005 9.99193E-005 0.00442639 9.99193E-005 9.99193E-005
9.99097E-005 0.144308 0.32951 9.99097E-005 9.99097E-005 9.99097E-005 9.99097E-005 9.99097E-005 0.525183 9.99097E-005 9.99097E-005 9.99097E-005 9.99097E-005
9.99013E-005 9.99013E-005 0.980064 9.99013E-005 0.0188374 9.99013E-005 9.99013E-005 9.99013E-005 9.99013E-005 9.99013E-005 9.99013E-005 9.99013E-005 9.99013E-005
9.994E-005 9.994E-005 0.811438 0.018158 9.994E-005 9.994E-005 9.994E-005 0.0223638 9.994E-005 0.00107819 0.0469613 0.0832799 0.0161208
9.99551E-005 0.00194153 0.679396 0.131207 0.0290967 0.0392179 0.0270145 9.99551E-005 0.00534828 9.99551E-005 9.99551E-005 9.99551E-005 0.0862782
9.99104E-005 0.0491757 0.917104 9.99104E-005 9.99104E-005 0.032721 9.99104E-005 9.99104E-005 9.99104E-005 9.99104E-005 9.99104E-005 9.99104E-005 9.99104E-005
9.98924E-005 9.98924E-005 0.998801 9.98924E-005 9.98924E-005 9.98924E-005 9.98924E-005 9.98924E-005 9.98924E-005 9.98924E-005 9.98924E-005 9.98924E-005 9.98924E-005
0.0801514 0.0165877 0.793641 9.993E-005 0.0301233 9.993E-005 9.993E-005 0.0528368 9.993E-005 9.993E-005 0.0259606 9.993E-005 9.993E-005
9.99013E-005 9.99013E-005 0.976803 9.99013E-005 9.99013E-005 0.0220978 9.99013E-005 9.99013E-005 9.99013E-005 9.99013E-005 9.99013E-005 9.99013E-005 9.99013E-005
9.99102E-005 9.99102E-005 0.967555 9.99102E-005 9.99102E-005 9.99102E-005 0.0235697 9.99102E-005 9.99102E-005 0.00787662 9.99102E-005 9.99102E-005 9.99102E-005
9.99102E-005 9.99102E-005 0.909232 9.99102E-005 9.99102E-005 9.99102E-005 9.99102E-005 9.99102E-005 9.99102E-005 9.99102E-005 0.0574245 0.0323446 9.99102E-005
9.99192E-005 9.99192E-005 9.99192E-005 9.99192E-005 9.99192E-005 9.99192E-005 9.99192E-005 9.99192E-005 9.99192E-005 0.01125 0.0121396 0.0301759 0.945535
0.00953659 9.99102E-005 9.99102E-005 9.99102E-005 9.99102E-005 9.99102E-005 9.99102E-005 9.99102E-005 9.99102E-005 9.99102E-005 9.99102E-005 0.0766794 0.912785
0.0188747 9.99103E-005 9.99103E-005 0.059275 9.99103E-005 9.99103E-005 9.99103E-005 9.99103E-005 9.99103E-005 9.99103E-005 9.99103E-005 9.99103E-005 0.920851
9.99192E-005 9.99192E-005 9.99192E-005 9.99192E-005 9.99192E-005 9.99192E-005 0.0423157 0.355581 9.99192E-005 0.108047 9.99192E-005 9.99192E-005 0.493158
9.99281E-005 0.174774 9.99281E-005 9.99281E-005 0.0243398 9.99281E-005 9.99281E-005 0.319821 9.99281E-005 0.127194 9.99281E-005 9.99281E-005 0.353072
9.99014E-005 9.99014E-005 9.99014E-005 9.99014E-005 9.99014E-005 9.99014E-005 9.99014E-005 0.978653 9.99014E-005 9.99014E-005 0.0202478 9.99014E-005 9.99014E-005
9.98921E-005 9.98921E-005 9.98921E-005 9.98921E-005 9.98921E-005 9.98921E-005 9.98921E-005 0.998801 9.98921E-005 9.98921E-005 9.98921E-005 9.98921E-005 9.98921E-005
9.99201E-005 0.10222 9.99201E-005 9.99201E-005 9.99201E-005 9.99201E-005 0.0415266 0.414266 9.99201E-005 9.99201E-005 9.99201E-005 0.0125147 0.428673
9.99371E-005 0.12427 0.0110134 9.99371E-005 9.99371E-005 9.99371E-005 0.0766998 0.375428 9.99371E-005 0.0394128 9.99371E-005 9.99371E-005 0.372476
0.0332364 9.99102E-005 9.99102E-005 9.99102E-005 9.99102E-005 9.99102E-005 9.99102E-005 0.952077 9.99102E-005 9.99102E-005 9.99102E-005 0.0136878 9.99102E-005
9.98922E-005 9.98922E-005 9.98922E-005 9.98922E-005 9.98922E-005 9.98922E-005 9.98922E-005 0.998801 9.98922E-005 9.98922E-005 9.98922E-005 9.98922E-005 9.98922E-005
9.99282E-005 0.0927963 9.99282E-005 9.99282E-005 9.99282E-005 9.99282E-005 0.0405706 0.338512 9.99282E-005 9.99282E-005 9.99282E-005 0.0476825 0.479639
9.99103E-005 9.99103E-005 0.0244908 0.00142031 9.99103E-005 9.99103E-005 9.99103E-005 0.97309 9.99103E-005 9.99103E-005 9.99103E-005 9.99103E-005 9.99103E-005
9.99191E-005 9.99191E-005 0.00690949 9.99191E-005 9.99191E-005 9.99191E-005 9.99191E-005 0.978098 0.00920396 9.99191E-005 9.99191E-005 9.99191E-005 0.00488892
9.99013E-005 9.99013E-005 9.99013E-005 9.99013E-005 9.99013E-005 9.99013E-005 9.99013E-005 0.985223 9.99013E-005 9.99013E-005 0.0136779 9.99013E-005 9.99013E-005
9.99102E-005 0.0476259 9.99102E-005 9.99102E-005 9.99102E-005 9.99102E-005 9.99102E-005 0.911045 9.99102E-005 9.99102E-005 9.99102E-005 9.99102E-005 0.04033
9.99102E-005 0.0163277 9.99102E-005 9.99102E-005 0.0261255 9.99102E-005 9.99102E-005 0.956548 9.99102E-005 9.99102E-005 9.99102E-005 9.99102E-005 9.99102E-005
0.0559882 9.99103E-005 9.99103E-005 9.99103E-005 9.99103E-005 9.99103E-005 0.0310436 9.99103E-005 9.99103E-005 9.99103E-005 9.99103E-005 0.911969 9.99103E-005
0.102392 9.99371E-005 9.99371E-005 0.817285 0.0326895 0.0181217 0.00837268 9.99371E-005 0.0204405 9.99371E-005 9.99371E-005 9.99371E-005 9.99371E-005
9.99192E-005 9.99192E-005 9.99192E-005 0.958805 0.037521 0.00200993 0.000764899 9.99192E-005 9.99192E-005 9.99192E-005 9.99192E-005 9.99192E-005 9.99192E-005
9.99192E-005 0.827929 9.99192E-005 9.99192E-005 9.99192E-005 9.99192E-005 9.99192E-005 0.00611972 9.99192E-005 0.104507 0.0605454 9.99192E-005 9.99192E-005
9.99103E-005 0.780006 9.99103E-005 9.99103E-005 9.99103E-005 9.99103E-005 9.99103E-005 0.0272028 9.99103E-005 0.191792 9.99103E-005 9.99103E-005 9.99103E-005
9.98923E-005 0.998801 9.98923E-005 9.98923E-005 9.98923E-005 9.98923E-005 9.98923E-005 9.98923E-005 9.98923E-005 9.98923E-005 9.98923E-005 9.98923E-005 9.98923E-005
9.98921E-005 9.98921E-005 9.98921E-005 9.98921E-005 9.98921E-005 9.98921E-005 9.98921E-005 9.98921E-005 9.98921E-005 9.98921E-005 0.998801 9.98921E-005 9.98921E-005
9.99282E-005 0.116506 0.0341931 9.99282E-005 9.99282E-005 9.99282E-005 0.0271528 9.99282E-005 9.99282E-005 0.81627 0.00507913 9.99282E-005 9.99282E-005
9.99281E-005 0.672482 9.99281E-005 9.99281E-005 0.0131705 9.99281E-005 0.00141071 9.99281E-005 9.99281E-005 0.301541 9.99281E-005 9.99281E-005 0.0105964
0.000585253 0.564122 9.99372E-005 9.99372E-005 0.0429399 9.99372E-005 0.0758334 9.99372E-005 9.99372E-005 0.300877 0.0149428 9.99372E-005 9.99372E-005
9.99282E-005 0.263553 0.0364434 9.99282E-005 9.99282E-005 9.99282E-005 0.0750463 9.99282E-005 9.99282E-005 0.486294 0.137865 9.99282E-005 9.99282E-005
9.99192E-005 0.724334 9.99192E-005 9.99192E-005 9.99192E-005 9.99192E-005 9.99192E-005 9.99192E-005 9.99192E-005 0.204918 0.00417551 0.0656731 9.99192E-005
9.98921E-005 9.98921E-005 9.98921E-005 9.98921E-005 9.98921E-005 9.98921E-005 9.98921E-005 9.98921E-005 9.98921E-005 9.98921E-005 0.998801 9.98921E-005 9.98921E-005
9.98921E-005 9.98921E-005 9.98921E-005 9.98921E-005 9.98921E-005 9.98921E-005 9.98921E-005 9.98921E-005 9.98921E-005 9.98921E-005 0.998801 9.98921E-005 9.98921E-005
9.99372E-005 0.887611 0.0483969 9.99372E-005 0.00114688 9.99372E-005 0.0297953 9.99372E-005 0.0132258 9.99372E-005 0.0191243 9.99372E-005 9.99372E-005
9.99192E-005 0.882273 0.0373751 9.99192E-005 9.99192E-005 9.99192E-005 9.99192E-005 9.99192E-005 9.99192E-005 0.071429 0.00802377 9.99192E-005 9.99192E-005
9.99191E-005 0.750903 9.99191E-005 9.99191E-005 9.99191E-005 9.99191E-005 0.0579823 0.000777268 9.99191E-005 9.99191E-005 0.189438 9.99191E-005 9.99191E-005
9.99192E-005 0.448966 9.99192E-005 9.99192E-005 9.99192E-005 9.99192E-005 0.0587228 9.99192E-005 9.99192E-005 9.99192E-005 0.472386 9.99192E-005 0.0190262
0.0418438 0.250316 9.99461E-005 9.99461E-005 0.00604507 9.99461E-005 0.0491119 9.99461E-005 0.00838989 0.42995 0.213744 9.99461E-005 9.99461E-005
9.99013E-005 0.976364 9.99013E-005 9.99013E-005 9.99013E-005 9.99013E-005 9.99013E-005 0.0225369 9.99013E-005 9.99013E-005 9.99013E-005 9.99013E-005 9.99013E-005
0.0118606 0.922283 9.99192E-005 0.0209413 9.99192E-005 9.99192E-005 0.0440153 9.99192E-005 9.99192E-005 9.99192E-005 9.99192E-005 9.99192E-005 9.99192E-005
9.99103E-005 0.89093 9.99103E-005 9.99103E-005 9.99103E-005 9.99103E-005 0.0603581 9.99103E-005 9.99103E-005 9.99103E-005 0.0477131 9.99103E-005 9.99103E-005
9.99372E-005 0.253973 9.99372E-005 9.99372E-005 0.00884733 9.99372E-005 0.0631713 0.0122217 9.99372E-005 0.629092 9.99372E-005 0.0319941 9.99372E-005
9.99102E-005 0.149295 9.99102E-005 9.99102E-005 9.99102E-005 9.99102E-005 0.00899786 9.99102E-005 9.99102E-005 0.840708 9.99102E-005 9.99102E-005 9.99102E-005
9.99103E-005 0.0129633 9.99103E-005 9.99103E-005 9.99103E-005 9.99103E-005 9.99103E-005 0.0342995 9.99103E-005 9.99103E-005 0.951738 9.99103E-005 9.99103E-005
9.98921E-005 9.98921E-005 9.98921E-005 9.98921E-005 9.98921E-005 9.98921E-005 9.98921E-005 9.98921E-005 9.98921E-005 0.998801 9.98921E-005 9.98921E-005 9.98921E-005
9.99192E-005 0.908374 0.0707271 9.99192E-005 0.00845183 9.99192E-005 0.0115473 9.99192E-005 9.99192E-005 9.99192E-005 9.99192E-005 9.99192E-005 9.99192E-005
0.000498664 0.733436 9.99282E-005 9.99282E-005 9.99282E-005 9.99282E-005 0.0610646 9.99282E-005 9.99282E-005 0.157334 0.0468675 9.99282E-005 9.99282E-005
9.99371E-005 0.660202 9.99371E-005 9.99371E-005 0.0240771 0.00528489 0.0555796 9.99371E-005 0.0267847 9.99371E-005 0.227372 9.99371E-005 9.99371E-005
9.99371E-005 0.0351112 9.99371E-005 9.99371E-005 9.99371E-005 9.99371E-005 0.00828134 0.273975 9.99371E-005 0.0947149 0.00240015 9.99371E-005 0.584818
9.99371E-005 0.12076 9.99371E-005 9.99371E-005 9.99371E-005 9.99371E-005 9.99371E-005 0.179415 0.00642426 0.0310404 9.99371E-005 0.256301 0.40536
9.99372E-005 9.99372E-005 9.99372E-005 0.00383226 0.0137568 9.99372E-005 9.99372E-005 0.256619 9.99372E-005 0.146763 0.192315 9.99372E-005 0.386015
0.78812 9.99371E-005 9.99371E-005 0.024258 9.99371E-005 0.0221303 9.99371E-005 0.036401 0.0143899 9.99371E-005 9.99371E-005 0.114001 9.99371E-005
0.998801 9.98919E-005 9.98919E-005 9.98919E-005 9.98919E-005 9.98919E-005 9.98919E-005 9.98919E-005 9.98919E-005 9.98919E-005 9.98919E-005 9.98919E-005 9.98919E-005
0.965963 9.99013E-005 0.0329383 9.99013E-005 9.99013E-005 9.99013E-005 9.99013E-005 9.99013E-005 9.99013E-005 9.99013E-005 9.99013E-005 9.99013E-005 9.99013E-005
0.989873 9.99011E-005 9.99011E-005 9.99011E-005 0.00902815 9.99011E-005 9.99011E-005 9.99011E-005 9.99011E-005 9.99011E-005 9.99011E-005 9.99011E-005 9.99011E-005
0.92487 9.99013E-005 9.99013E-005 0.0740312 9.99013E-005 9.99013E-005 9.99013E-005 9.99013E-005 9.99013E-005 9.99013E-005 9.99013E-005 9.99013E-005 9.99013E-005
0.998801 9.98923E-005 9.98923E-005 9.98923E-005 9.98923E-005 9.98923E-005 9.98923E-005 9.98923E-005 9.98923E-005 9.98923E-005 9.98923E-005 9.98923E-005 9.98923E-005
0.544756 9.99641E-005 0.0157067 0.167526 0.0421994 0.0967136 9.99641E-005 0.0138433 0.030549 9.99641E-005 9.99641E-005 0.0881502 0.000156176
9.99102E-005 9.99102E-005 9.99102E-005 0.975188 0.0049518 9.99102E-005 9.99102E-005 9.99102E-005 0.0188608 9.99102E-005 9.99102E-005 9.99102E-005 9.99102E-005
9.98923E-005 9.98923E-005 9.98923E-005 0.998801 9.98923E-005 9.98923E-005 9.98923E-005 9.98923E-005 9.98923E-005 9.98923E-005 9.98923E-005 9.98923E-005 9.98923E-005
0.0070778 9.99372E-005 9.99372E-005 0.874114 0.0715484 9.99372E-005 9.99372E-005 0.000581067 9.99372E-005 0.0141751 9.99372E-005 9.99372E-005 0.0318041
0.143989 0.0616692 9.99551E-005 0.0221112 0.00406563 9.99551E-005 0.0617637 9.99551E-005 9.99551E-005 0.261952 0.086335 0.357615 9.99551E-005
0.0487164 9.9955E-005 0.149507 0.0349846 0.0363968 0.416135 9.9955E-005 9.9955E-005 0.0686838 0.0892618 9.9955E-005 0.155815 9.9955E-005
0.0162798 0.0107322 9.99638E-005 9.99638E-005 0.0276953 0.106526 0.0154741 0.0476802 0.705831 0.0568475 9.99638E-005 0.0125348 9.99638E-005
9.99102E-005 9.99102E-005 0.0691851 9.99102E-005 9.99102E-005 9.99102E-005 9.99102E-005 9.99102E-005 9.99102E-005 9.99102E-005 0.100094 9.99102E-005 0.829722
9.99192E-005 9.99192E-005 0.0196767 9.99192E-005 9.99192E-005 0.0728842 9.99192E-005 0.0265563 9.99192E-005 9.99192E-005 9.99192E-005 9.99192E-005 0.879984
9.99186E-005 0.2551 9.99186E-005 9.99186E-005 9.99186E-005 9.99186E-005 0.0417416 9.99186E-005 0.638029 0.0642303 9.99186E-005 9.99186E-005 9.99186E-005
0.00623587 0.751501 0.0259557 9.99462E-005 9.99462E-005 9.99462E-005 0.105202 9.99462E-005 9.99462E-005 0.0368784 0.0682981 0.00532946 9.99462E-005
0.000591569 0.0616778 9.99192E-005 9.99192E-005 9.99192E-005 9.99192E-005 0.893529 9.99192E-005 9.99192E-005 0.0433022 9.99192E-005 9.99192E-005 9.99192E-005
9.99461E-005 0.620013 9.99461E-005 9.99461E-005 9.99461E-005 0.0118095 0.127892 9.99461E-005 0.0287924 0.0541722 0.123322 0.0333993 9.99461E-005
9.98919E-005 9.98919E-005 9.98919E-005 9.98919E-005 9.98919E-005 9.98919E-005 0.998801 9.98919E-005 9.98919E-005 9.98919E-005 9.98919E-005 9.98919E-005 9.98919E-005
9.99102E-005 0.265831 0.0172145 9.99102E-005 9.99102E-005 9.99102E-005 9.99102E-005 9.99102E-005 9.99102E-005 9.99102E-005 0.715956 9.99102E-005 9.99102E-005
9.99372E-005 0.709237 9.99372E-005 9.99372E-005 9.99372E-005 9.99372E-005 0.0558104 0.00112455 9.99372E-005 0.124164 0.0931613 9.99372E-005 0.0158028
0.0413006 0.828002 9.99192E-005 9.99192E-005 9.99192E-005 9.99192E-005 9.99192E-005 9.99192E-005 9.99192E-005 0.104666 0.0251321 9.99192E-005 9.99192E-005
9.98919E-005 9.98919E-005 9.98919E-005 9.98919E-005 9.98919E-005 9.98919E-005 0.998801 9.98919E-005 9.98919E-005 9.98919E-005 9.98919E-005 9.98919E-005 9.98919E-005
9.99282E-005 0.728453 9.99282E-005 0.0358883 9.99282E-005 9.99282E-005 0.067954 9.99282E-005 9.99282E-005 0.152497 0.0144083 9.99282E-005 9.99282E-005
9.99193E-005 0.913143 9.99193E-005 9.99193E-005 0.00320512 9.99193E-005 0.0671315 0.0156212 9.99193E-005 9.99193E-005 9.99193E-005 9.99193E-005 9.99193E-005
9.98923E-005 9.98923E-005 9.98923E-005 9.98923E-005 9.98923E-005 9.98923E-005 9.98923E-005 9.98923E-005 9.98923E-005 0.998801 9.98923E-005 9.98923E-005 9.98923E-005
9.98921E-005 9.98921E-005 9.98921E-005 9.98921E-005 9.98921E-005 9.98921E-005 9.98921E-005 9.98921E-005 9.98921E-005 0.998801 9.98921E-005 9.98921E-005 9.98921E-005
9.98923E-005 9.98923E-005 9.98923E-005 9.98923E-005 9.98923E-005 9.98923E-005 9.98923E-005 9.98923E-005 9.98923E-005 0.998801 9.98923E-005 9.98923E-005 9.98923E-005
0.0136127 0.842545 9.994E-005 9.994E-005 0.0134495 9.994E-005 0.0064582 9.994E-005 9.994E-005 0.0947322 0.0164887 0.0121145 9.994E-005
9.993E-005 0.427616 0.0592235 9.993E-005 9.993E-005 9.993E-005 0.16295 9.993E-005 0.00471456 0.26604 0.0787563 9.993E-005 9.993E-005
0.146444 9.99462E-005 9.99462E-005 0.00585217 0.0611043 0.0604039 0.0248554 0.0544852 9.99462E-005 9.99462E-005 9.99462E-005 0.646256 9.99462E-005
0.0255874 9.99371E-005 9.99371E-005 0.0188915 0.0204112 0.105537 9.99371E-005 9.99371E-005 9.99371E-005 9.99371E-005 0.0217314 0.807142 9.99371E-005
9.99372E-005 0.0423649 9.99372E-005 0.0888663 0.0793266 0.166731 9.99372E-005 0.0051423 9.99372E-005 9.99372E-005 9.99372E-005 0.616869 9.99372E-005
9.99013E-005 0.00898888 9.99013E-005 0.989912 9.99013E-005 9.99013E-005 9.99013E-005 9.99013E-005 9.99013E-005 9.99013E-005 9.99013E-005 9.99013E-005 9.99013E-005
9.99103E-005 9.99103E-005 0.00945184 0.968664 0.0208851 9.99103E-005 9.99103E-005 9.99103E-005 9.99103E-005 9.99103E-005 9.99103E-005 9.99103E-005 9.99103E-005
0.00818267 9.99193E-005 0.0416317 0.903665 9.99193E-005 9.99193E-005 9.99193E-005 9.99193E-005 9.99193E-005 9.99193E-005 9.99193E-005 0.0456214 9.99193E-005
0.0527268 9.99282E-005 0.0213126 0.859622 0.0234078 9.99282E-005 9.99282E-005 9.99282E-005 9.99282E-005 9.99282E-005 9.99282E-005 9.99282E-005 0.0421313
9.98923E-005 9.98923E-005 9.98923E-005 9.98923E-005 9.98923E-005 9.98923E-005 9.98923E-005 9.98923E-005 9.98923E-005 9.98923E-005 9.98923E-005 9.98923E-005 0.998801
0.00465238 9.99102E-005 0.0387178 9.99102E-005 9.99102E-005 9.99102E-005 9.99102E-005 9.99102E-005 9.99102E-005 9.99102E-005 9.99102E-005 9.99102E-005 0.955631
0.0581134 9.99192E-005 9.99192E-005 0.00934619 9.99192E-005 9.99192E-005 9.99192E-005 9.99192E-005 9.99192E-005 9.99192E-005 9.99192E-005 0.0314096 0.900232
0.0207305 9.99462E-005 0.047975 0.0598078 0.0243214 9.99462E-005 0.00203485 0.00115787 9.99462E-005 9.99462E-005 9.99462E-005 0.843373 9.99462E-005
9.99193E-005 9.99193E-005 9.99193E-005 9.99193E-005 9.99193E-005 9.99193E-005 9.99193E-005 9.99193E-005 0.016312 0.000201541 9.99193E-005 0.937213 0.0453742
0.0407443 9.99551E-005 0.045232 9.99551E-005 0.00295531 0.114031 9.99551E-005 0.0159404 9.99551E-005 0.0170709 0.0719733 0.691553 9.99551E-005
0.00480075 9.99282E-005 9.99282E-005 9.99282E-005 9.99282E-005 9.99282E-005 9.99282E-005 9.99282E-005 0.0186823 9.99282E-005 0.0742516 0.872429 0.0290365
