9.99372E-005 9.99372E-005 0.0112014 9.99372E-005 9.99372E-005 0.0186765 0.020186 0.0130441 0.00951528 9.99372E-005 9.99372E-005 9.99372E-005 0.926677
9.99012E-005 9.99012E-005 9.99012E-005 9.99012E-005 9.99012E-005 0.0229442 9.99012E-005 9.99012E-005 9.99012E-005 9.99012E-005 9.99012E-005 9.99012E-005 0.975957
9.99102E-005 9.99102E-005 9.99102E-005 9.99102E-005 9.99102E-005 0.0491753 0.084745 9.99102E-005 9.99102E-005 9.99102E-005 9.99102E-005 9.99102E-005 0.865081
0.00482626 0.101185 9.99282E-005 9.99282E-005 0.224248 9.99282E-005 9.99282E-005 9.99282E-005 0.0131668 9.99282E-005 9.99282E-005 9.99282E-005 0.655774
9.99192E-005 9.99192E-005 9.99192E-005 9.99192E-005 9.99192E-005 0.0189466 0.0365675 9.99192E-005 0.0822111 9.99192E-005 9.99192E-005 9.99192E-005 0.861376
9.98922E-005 9.98922E-005 9.98922E-005 9.98922E-005 9.98922E-005 9.98922E-005 9.98922E-005 9.98922E-005 9.98922E-005 9.98922E-005 9.98922E-005 9.98922E-005 0.998801
9.99012E-005 9.99012E-005 9.99012E-005 9.99012E-005 9.99012E-005 0.0250072 9.99012E-005 9.99012E-005 9.99012E-005 9.99012E-005 9.99012E-005 9.99012E-005 0.973894
9.99103E-005 9.99103E-005 9.99103E-005 9.99103E-005 0.259704 9.99103E-005 9.99103E-005 9.99103E-005 9.99103E-005 9.99103E-005 9.99103E-005 0.0729942 0.666303
0.043305 0.073672 9.99191E-005 9.99191E-005 0.147643 9.99191E-005 9.99191E-005 9.99191E-005 9.99191E-005 9.99191E-005 9.99191E-005 9.99191E-005 0.73448
0.0881152 9.99281E-005 9.99281E-005 9.99281E-005 0.12843 9.99281E-005 9.99281E-005 9.99281E-005 9.99281E-005 0.00106806 0.00244838 9.99281E-005 0.779139
9.99192E-005 9.99192E-005 0.0588403 9.99192E-005 9.99192E-005 9.99192E-005 9.99192E-005 9.99192E-005 9.99192E-005 0.0505583 0.0234618 9.99192E-005 0.86624
9.99283E-005 9.99283E-005 9.99283E-005 9.99283E-005 0.285416 0.0376491 0.050148 9.99283E-005 0.0833923 9.99283E-005 9.99283E-005 9.99283E-005 0.542595
9.99372E-005 0.0171526 9.99372E-005 9.99372E-005 9.99372E-005 9.99372E-005 0.0676607 0.10795 0.0442757 9.99372E-005 9.99372E-005 0.130593 0.631668
9.99462E-005 0.0657699 9.99462E-005 0.00777182 0.0365939 9.99462E-005 0.122592 9.99462E-005 0.102154 0.0630204 9.99462E-005 9.99462E-005 0.601499
0.0764157 0.114709 0.0715816 0.0243894 0.0136713 9.99731E-005 0.0469136 0.115991 0.0653376 9.99731E-005 9.99731E-005 0.0687356 0.401955
9.99551E-005 0.0726727 0.001742 0.0204495 9.99551E-005 9.99551E-005 0.171138 0.196761 0.0501702 9.99551E-005 9.99551E-005 0.00883117 0.477736
9.99282E-005 0.0917312 9.99282E-005 9.99282E-005 9.99282E-005 9.99282E-005 0.103515 0.171485 0.0991448 9.99282E-005 9.99282E-005 9.99282E-005 0.533325
9.99281E-005 9.99281E-005 0.0597397 9.99281E-005 9.99281E-005 9.99281E-005 0.204228 0.224995 0.0609307 9.99281E-005 9.99281E-005 9.99281E-005 0.449307
9.99461E-005 0.00534525 9.99461E-005 9.99461E-005 9.99461E-005 0.491744 0.0723823 0.375191 0.00903371 0.00962918 9.99461E-005 9.99461E-005 0.036075
9.99282E-005 9.99282E-005 9.99282E-005 9.99282E-005 0.00686432 0.00735923 9.99282E-005 0.937141 0.00526624 9.99282E-005 9.99282E-005 9.99282E-005 0.0425694
9.99102E-005 9.99102E-005 9.99102E-005 9.99102E-005 9.99102E-005 0.0665179 0.00643376 0.926049 9.99102E-005 9.99102E-005 9.99102E-005 9.99102E-005 9.99102E-005
9.99371E-005 9.99371E-005 9.99371E-005 9.99371E-005 0.0927989 0.19421 9.99371E-005 0.638213 0.00314871 0.0293866 9.99371E-005 9.99371E-005 0.041543
9.99101E-005 9.99101E-005 0.0306801 9.99101E-005 9.99101E-005 9.99101E-005 9.99101E-005 0.934806 9.99101E-005 0.0335152 9.99101E-005 9.99101E-005 9.99101E-005
9.98919E-005 9.98919E-005 9.98919E-005 9.98919E-005 9.98919E-005 0.998801 9.98919E-005 9.98919E-005 9.98919E-005 9.98919E-005 9.98919E-005 9.98919E-005 9.98919E-005
9.99011E-005 9.99011E-005 9.99011E-005 9.99011E-005 0.00831862 0.990582 9.99011E-005 9.99011E-005 9.99011E-005 9.99011E-005 9.99011E-005 9.99011E-005 9.99011E-005
9.98922E-005 9.98922E-005 9.98922E-005 9.98922E-005 9.98922E-005 0.998801 9.98922E-005 9.98922E-005 9.98922E-005 9.98922E-005 9.98922E-005 9.98922E-005 9.98922E-005
9.99282E-005 0.0419893 9.99282E-005 0.00614068 0.909447 0.029405 9.99282E-005 9.99282E-005 9.99282E-005 9.99282E-005 0.0122188 9.99282E-005 9.99282E-005
0.0206983 9.99281E-005 9.99281E-005 9.99281E-005 0.00490387 0.73845 9.99281E-005 0.227849 9.99281E-005 9.99281E-005 9.99281E-005 9.99281E-005 0.00729907
9.99192E-005 0.00510817 9.99192E-005 9.99192E-005 0.0963563 9.99192E-005 0.00557133 0.892065 9.99192E-005 9.99192E-005 9.99192E-005 9.99192E-005 9.99192E-005
9.98922E-005 9.98922E-005 9.98922E-005 9.98922E-005 9.98922E-005 0.998801 9.98922E-005 9.98922E-005 9.98922E-005 9.98922E-005 9.98922E-005 9.98922E-005 9.98922E-005
9.99281E-005 9.99281E-005 9.99281E-005 9.99281E-005 0.753009 0.154564 9.99281E-005 0.000428346 9.99281E-005 9.99281E-005 9.99281E-005 0.0561291 0.0350705
9.98923E-005 9.98923E-005 9.98923E-005 9.98923E-005 9.98923E-005 0.998801 9.98923E-005 9.98923E-005 9.98923E-005 9.98923E-005 9.98923E-005 9.98923E-005 9.98923E-005
9.99192E-005 9.99192E-005 9.99192E-005 9.99192E-005 0.411133 0.0766923 0.100341 0.410935 9.99192E-005 9.99192E-005 9.99192E-005 9.99192E-005 9.99192E-005
0.0188283 9.99282E-005 9.99282E-005 9.99282E-005 0.2313 0.24259 9.99282E-005 0.477003 9.99282E-005 0.0294803 9.99282E-005 9.99282E-005 9.99282E-005
0.0368315 9.99102E-005 9.99102E-005 9.99102E-005 0.833664 0.128505 9.99102E-005 9.99102E-005 9.99102E-005 9.99102E-005 9.99102E-005 9.99102E-005 9.99102E-005
9.99012E-005 9.99012E-005 9.99012E-005 9.99012E-005 9.99012E-005 0.0672566 9.99012E-005 0.931644 9.99012E-005 9.99012E-005 9.99012E-005 9.99012E-005 9.99012E-005
9.99102E-005 0.0269405 9.99102E-005 9.99102E-005 0.911949 0.0601117 9.99102E-005 9.99102E-005 9.99102E-005 9.99102E-005 9.99102E-005 9.99102E-005 9.99102E-005
0.0298552 9.99462E-005 9.99462E-005 9.99462E-005 9.99462E-005 9.99462E-005 0.111369 0.075746 0.680386 0.0140942 9.99462E-005 0.0154786 0.0724718
9.98923E-005 9.98923E-005 9.98923E-005 9.98923E-005 9.98923E-005 9.98923E-005 9.98923E-005 9.98923E-005 0.998801 9.98923E-005 9.98923E-005 9.98923E-005 9.98923E-005
0.0491999 9.99372E-005 9.99372E-005 0.0237061 9.99372E-005 0.01037 0.104832 9.99372E-005 0.789806 9.99372E-005 9.99372E-005 9.99372E-005 0.0213858
0.0176166 9.99282E-005 0.0185777 9.99282E-005 0.0148503 9.99282E-005 0.129919 9.99282E-005 0.818237 9.99282E-005 9.99282E-005 9.99282E-005 9.99282E-005
9.99316E-005 9.99316E-005 9.99316E-005 0.0163128 9.99316E-005 0.0136087 0.168805 0.0592134 0.74126 9.99316E-005 9.99316E-005 9.99316E-005 9.99316E-005
9.99192E-005 0.00483597 9.99192E-005 9.99192E-005 0.0673959 9.99192E-005 0.0191619 9.99192E-005 0.907707 9.99192E-005 9.99192E-005 9.99192E-005 9.99192E-005
9.99192E-005 9.99192E-005 9.99192E-005 0.00973472 9.99192E-005 9.99192E-005 0.177247 0.0368357 0.775283 9.99192E-005 9.99192E-005 9.99192E-005 9.99192E-005
9.99461E-005 0.0590583 9.99461E-005 9.99461E-005 0.0841532 0.00792171 0.0481263 9.99461E-005 0.779541 0.000495357 9.99461E-005 9.99461E-005 0.0201039
9.99102E-005 9.99102E-005 9.99102E-005 9.99102E-005 9.99102E-005 0.0216448 0.0254137 9.99102E-005 0.951942 9.99102E-005 9.99102E-005 9.99102E-005 9.99102E-005
0.0918127 0.532066 9.99551E-005 9.99551E-005 0.0685057 0.0175603 0.0356807 9.99551E-005 0.0447511 9.99551E-005 9.99551E-005 0.140346 0.0687778
9.9893E-005 9.9893E-005 0.998801 9.9893E-005 9.9893E-005 9.9893E-005 9.9893E-005 9.9893E-005 9.9893E-005 9.9893E-005 9.9893E-005 9.9893E-005 9.9893E-005
0.0241061 9.99188E-005 0.905951 9.99188E-005 9.99188E-005 9.99188E-005 9.99188E-005 9.99188E-005 0.0558786 0.0131646 9.99188E-005 9.99188E-005 9.99188E-005
9.99103E-005 0.930665 9.99103E-005 0.00203351 9.99103E-005 9.99103E-005 0.0663028 9.99103E-005 9.99103E-005 9.99103E-005 9.99103E-005 9.99103E-005 9.99103E-005
0.0118606 0.322356 0.550063 9.99187E-005 9.99187E-005 9.99187E-005 9.99187E-005 9.99187E-005 9.99187E-005 9.99187E-005 0.114821 9.99187E-005 9.99187E-005
9.99013E-005 0.985158 9.99013E-005 9.99013E-005 9.99013E-005 0.013743 9.99013E-005 9.99013E-005 9.99013E-005 9.99013E-005 9.99013E-005 9.99013E-005 9.99013E-005
0.021602 0.805636 9.99372E-005 0.0103914 9.99372E-005 9.99372E-005 9.99372E-005 0.110904 0.000782541 9.99372E-005 9.99372E-005 0.0499848 9.99372E-005
9.99641E-005 0.655568 0.030797 0.0010977 0.00593274 0.0225361 9.99641E-005 9.99641E-005 0.118981 0.0330352 9.99641E-005 0.0792724 0.0523799
9.99103E-005 0.959443 9.99103E-005 9.99103E-005 9.99103E-005 9.99103E-005 9.99103E-005 9.99103E-005 9.99103E-005 9.99103E-005 0.0268207 9.99103E-005 0.0127371
9.99103E-005 0.958668 9.99103E-005 9.99103E-005 9.99103E-005 9.99103E-005 9.99103E-005 9.99103E-005 9.99103E-005 0.0076947 9.99103E-005 9.99103E-005 0.0326378
9.99371E-005 0.810276 9.99371E-005 0.0476109 9.99371E-005 0.0522164 0.0716433 9.99371E-005 9.99371E-005 0.00901621 0.00853744 9.99371E-005 9.99371E-005
9.99192E-005 0.954042 0.00142561 0.00556059 9.99192E-005 9.99192E-005 9.99192E-005 9.99192E-005 9.99192E-005 9.99192E-005 9.99192E-005 9.99192E-005 0.0380728
0.0202504 0.956831 9.99102E-005 9.99102E-005 9.99102E-005 9.99102E-005 9.99102E-005 9.99102E-005 9.99102E-005 0.0219194 9.99102E-005 9.99102E-005 9.99102E-005
0.0592266 0.915076 9.99102E-005 9.99102E-005 0.0246982 9.99102E-005 9.99102E-005 9.99102E-005 9.99102E-005 9.99102E-005 9.99102E-005 9.99102E-005 9.99102E-005
9.99103E-005 9.99103E-005 9.99103E-005 9.99103E-005 0.0339577 9.99103E-005 9.99103E-005 9.99103E-005 9.99103E-005 0.00300278 9.99103E-005 0.96204 9.99103E-005
9.99013E-005 9.99013E-005 9.99013E-005 9.99013E-005 9.99013E-005 9.99013E-005 9.99013E-005 0.0899154 9.99013E-005 9.99013E-005 9.99013E-005 0.908986 9.99013E-005
9.99193E-005 0.0154455 9.99193E-005 0.000685833 9.99193E-005 9.99193E-005 9.99193E-005 9.99193E-005 0.0597183 9.99193E-005 9.99193E-005 0.923251 9.99193E-005
0.0214873 9.99372E-005 9.99372E-005 0.411125 9.99372E-005 0.00097595 9.99372E-005 9.99372E-005 9.99372E-005 0.0306561 0.107681 0.427375 9.99372E-005
9.99282E-005 9.99282E-005 9.99282E-005 0.335607 9.99282E-005 0.0321015 9.99282E-005 9.99282E-005 9.99282E-005 0.0175595 0.306236 0.307696 9.99282E-005
0.011077 9.99103E-005 9.99103E-005 0.981795 9.99103E-005 9.99103E-005 9.99103E-005 0.00612908 9.99103E-005 9.99103E-005 9.99103E-005 9.99103E-005 9.99103E-005
9.98921E-005 9.98921E-005 9.98921E-005 0.998801 9.98921E-005 9.98921E-005 9.98921E-005 9.98921E-005 9.98921E-005 9.98921E-005 9.98921E-005 9.98921E-005 9.98921E-005
9.99372E-005 9.99372E-005 9.99372E-005 0.406216 0.0110242 9.99372E-005 9.99372E-005 9.99372E-005 0.0262101 0.0482928 0.0990573 0.4085 9.99372E-005
0.026588 0.0359757 9.99371E-005 0.421464 9.99371E-005 9.99371E-005 9.99371E-005 9.99371E-005 9.99371E-005 0.0867082 0.106353 0.322212 9.99371E-005
9.99192E-005 9.99192E-005 9.99192E-005 0.948185 9.99192E-005 9.99192E-005 0.035341 0.0147583 9.99192E-005 9.99192E-005 9.99192E-005 0.00081634 9.99192E-005
9.98922E-005 9.98922E-005 9.98922E-005 0.998801 9.98922E-005 9.98922E-005 9.98922E-005 9.98922E-005 9.98922E-005 9.98922E-005 9.98922E-005 9.98922E-005 9.98922E-005
9.99282E-005 9.99282E-005 9.99282E-005 0.372499 9.99282E-005 9.99282E-005 9.99282E-005 0.0600064 9.99282E-005 0.0427068 0.0981388 0.42585 9.99282E-005
9.99103E-005 0.00459799 9.99103E-005 0.981984 9.99103E-005 9.99103E-005 9.99103E-005 9.99103E-005 0.012419 9.99103E-005 9.99103E-005 9.99103E-005 9.99103E-005
9.99101E-005 9.99101E-005 0.00844323 0.984122 9.99101E-005 9.99101E-005 9.99101E-005 9.99101E-005 9.99101E-005 9.99101E-005 9.99101E-005 0.00643597 9.99101E-005
9.98923E-005 9.98923E-005 9.98923E-005 0.998801 9.98923E-005 9.98923E-005 9.98923E-005 9.98923E-005 9.98923E-005 9.98923E-005 9.98923E-005 9.98923E-005 9.98923E-005
9.99192E-005 9.99192E-005 9.99192E-005 0.94183 9.99192E-005 9.99192E-005 9.99192E-005 9.99192E-005 9.99192E-005 0.0115997 0.00186194 0.0438093 9.99192E-005
9.99101E-005 9.99101E-005 9.99101E-005 0.956705 9.99101E-005 0.0326797 9.99101E-005 9.99101E-005 9.99101E-005 0.00961569 9.99101E-005 9.99101E-005 9.99101E-005
9.99013E-005 9.99013E-005 9.99013E-005 9.99013E-005 0.986733 9.99013E-005 0.0121685 9.99013E-005 9.99013E-005 9.99013E-005 9.99013E-005 9.99013E-005 9.99013E-005
9.99371E-005 9.99371E-005 0.00567863 9.99371E-005 0.0578734 0.0247116 0.0727475 9.99371E-005 0.836425 0.00186473 9.99371E-005 9.99371E-005 9.99371E-005
9.99282E-005 9.99282E-005 9.99282E-005 9.99282E-005 0.0115977 0.0525019 0.00393418 9.99282E-005 0.927294 0.00387287 9.99282E-005 9.99282E-005 9.99282E-005
0.110083 9.99192E-005 9.99192E-005 0.0261776 9.99192E-005 0.0012357 9.99192E-005 9.99192E-005 9.99192E-005 9.99192E-005 0.861605 9.99192E-005 9.99192E-005
0.0610469 9.99103E-005 9.99103E-005 0.0467276 9.99103E-005 9.99103E-005 9.99103E-005 9.99103E-005 9.99103E-005 9.99103E-005 0.891226 9.99103E-005 9.99103E-005
9.99103E-005 9.99103E-005 9.99103E-005 0.0021124 9.99103E-005 9.99103E-005 9.99103E-005 9.99103E-005 9.99103E-005 0.00258622 0.994302 9.99103E-005 9.99103E-005
0.997379 9.99011E-005 9.99011E-005 9.99011E-005 9.99011E-005 9.99011E-005 9.99011E-005 9.99011E-005 9.99011E-005 0.00152189 9.99011E-005 9.99011E-005 9.99011E-005
0.035363 0.00633645 9.99283E-005 9.99283E-005 9.99283E-005 9.99283E-005 9.99283E-005 9.99283E-005 9.99283E-005 0.0963819 0.809664 0.0514548 9.99283E-005
0.0895535 9.99281E-005 9.99281E-005 9.99281E-005 9.99281E-005 0.0177197 9.99281E-005 9.99281E-005 9.99281E-005 0.0695139 0.794225 0.0281883 9.99281E-005
0.0278645 9.99283E-005 9.99283E-005 9.99283E-005 9.99283E-005 0.0470997 9.99283E-005 0.0256681 9.99283E-005 0.111922 0.786646 9.99283E-005 9.99283E-005
0.14215 0.044938 9.99372E-005 9.99372E-005 9.99372E-005 9.99372E-005 9.99372E-005 9.99372E-005 0.018414 0.114791 0.672372 0.0066354 9.99372E-005
0.0714618 9.99192E-005 9.99192E-005 9.99192E-005 9.99192E-005 9.99192E-005 9.99192E-005 0.0872367 9.99192E-005 0.0268822 0.81352 9.99192E-005 9.99192E-005
0.998801 9.98921E-005 9.98921E-005 9.98921E-005 9.98921E-005 9.98921E-005 9.98921E-005 9.98921E-005 9.98921E-005 9.98921E-005 9.98921E-005 9.98921E-005 9.98921E-005
0.998801 9.98921E-005 9.98921E-005 9.98921E-005 9.98921E-005 9.98921E-005 9.98921E-005 9.98921E-005 9.98921E-005 9.98921E-005 9.98921E-005 9.98921E-005 9.98921E-005
0.0425217 0.0728415 0.0166225 0.00609363 9.99462E-005 0.00238608 9.99462E-005 9.99462E-005 9.99462E-005 0.0503822 0.808553 9.99462E-005 9.99462E-005
0.120667 0.0437349 9.99103E-005 9.99103E-005 9.99103E-005 9.99103E-005 9.99103E-005 9.99103E-005 9.99103E-005 9.99103E-005 0.834599 9.99103E-005 9.99103E-005
0.215001 9.99191E-005 9.99191E-005 0.0190506 9.99191E-005 9.99191E-005 9.99191E-005 9.99191E-005 9.99191E-005 0.0607246 0.704324 9.99191E-005 9.99191E-005
0.472256 9.99192E-005 9.99192E-005 9.99192E-005 9.99192E-005 9.99192E-005 9.99192E-005 9.99192E-005 9.99192E-005 0.0593169 0.437917 0.0296107 9.99192E-005
0.215861 9.99371E-005 0.0209691 9.99371E-005 9.99371E-005 9.99371E-005 0.0301106 0.0564897 9.99371E-005 0.111198 0.564673 9.99371E-005 9.99371E-005
9.99013E-005 9.99013E-005 9.99013E-005 0.0412306 9.99013E-005 9.99013E-005 9.99013E-005 9.99013E-005 9.99013E-005 9.99013E-005 0.957671 9.99013E-005 9.99013E-005
0.0121837 9.99372E-005 9.99372E-005 0.00027711 9.99372E-005 9.99372E-005 0.0298121 9.99372E-005 0.0195168 0.0571451 0.880366 9.99372E-005 9.99372E-005
0.0669068 9.99193E-005 9.99193E-005 9.99193E-005 9.99193E-005 9.99193E-005 9.99193E-005 9.99193E-005 9.99193E-005 0.0509292 0.856082 0.0251822 9.99193E-005
0.0137235 9.99192E-005 9.99192E-005 9.99192E-005 0.112585 9.99192E-005 9.99192E-005 9.99192E-005 9.99192E-005 0.142995 0.729797 9.99192E-005 9.99192E-005
9.99103E-005 9.99103E-005 9.99103E-005 9.99103E-005 0.0360567 9.99103E-005 9.99103E-005 9.99103E-005 9.99103E-005 0.0964908 0.866453 9.99103E-005 9.99103E-005
0.937689 9.99103E-005 9.99103E-005 0.0106982 9.99103E-005 9.99103E-005 9.99103E-005 9.99103E-005 9.99103E-005 9.99103E-005 0.0506137 9.99103E-005 9.99103E-005
9.99102E-005 9.99102E-005 9.99102E-005 9.99102E-005 9.99102E-005 9.99102E-005 9.99102E-005 9.99102E-005 9.99102E-005 0.111599 0.85963 9.99102E-005 0.0277719
9.99282E-005 0.09588 9.99282E-005 9.99282E-005 0.0141443 0.0100328 9.99282E-005 9.99282E-005 9.99282E-005 0.0374396 0.841704 9.99282E-005 9.99282E-005
0.0693219 9.99192E-005 9.99192E-005 9.99192E-005 9.99192E-005 9.99192E-005 9.99192E-005 9.99192E-005 9.99192E-005 0.103006 0.812323 0.0144493 9.99192E-005
0.231519 0.0473326 0.0325793 9.99461E-005 9.99461E-005 0.0198575 9.99461E-005 9.99461E-005 9.99461E-005 0.0562535 0.608942 9.99461E-005 0.00291646
9.99101E-005 9.99101E-005 9.99101E-005 0.318622 9.99101E-005 9.99101E-005 9.99101E-005 9.99101E-005 9.99101E-005 9.99101E-005 0.147668 0.532712 9.99101E-005
9.993E-005 9.993E-005 0.00891237 0.202045 0.111663 9.993E-005 9.993E-005 0.166054 9.993E-005 9.993E-005 0.126613 0.384013 9.993E-005
0.0769708 9.99372E-005 9.99372E-005 0.265536 0.0468304 0.00469429 9.99372E-005 9.99372E-005 9.99372E-005 9.99372E-005 0.239839 0.36543 9.99372E-005
9.99282E-005 9.99282E-005 9.99282E-005 0.0311901 9.99282E-005 9.99282E-005 0.70604 0.200368 0.0317601 9.99282E-005 9.99282E-005 9.99282E-005 0.0298417
9.98919E-005 9.98919E-005 9.98919E-005 9.98919E-005 9.98919E-005 9.98919E-005 0.998801 9.98919E-005 9.98919E-005 9.98919E-005 9.98919E-005 9.98919E-005 9.98919E-005
9.99103E-005 0.0118821 9.99103E-005 9.99103E-005 9.99103E-005 0.00443553 0.982683 9.99103E-005 9.99103E-005 9.99103E-005 9.99103E-005 9.99103E-005 9.99103E-005
9.99011E-005 9.99011E-005 9.99011E-005 9.99011E-005 9.99011E-005 9.99011E-005 0.941108 0.0577934 9.99011E-005 9.99011E-005 9.99011E-005 9.99011E-005 9.99011E-005
9.99013E-005 9.99013E-005 9.99013E-005 9.99013E-005 9.99013E-005 9.99013E-005 0.937304 9.99013E-005 0.0615968 9.99013E-005 9.99013E-005 9.99013E-005 9.99013E-005
9.98923E-005 9.98923E-005 9.98923E-005 9.98923E-005 9.98923E-005 9.98923E-005 0.998801 9.98923E-005 9.98923E-005 9.98923E-005 9.98923E-005 9.98923E-005 9.98923E-005
9.99462E-005 9.99462E-005 0.020073 0.0275508 0.182837 0.0346114 0.4617 9.99462E-005 0.200084 9.99462E-005 9.99462E-005 9.99462E-005 0.0725438
9.99192E-005 9.99192E-005 0.00398049 9.99192E-005 9.99192E-005 0.00384015 9.99192E-005 0.0010889 0.990191 9.99192E-005 9.99192E-005 9.99192E-005 9.99192E-005
9.98923E-005 9.98923E-005 9.98923E-005 9.98923E-005 9.98923E-005 9.98923E-005 9.98923E-005 9.98923E-005 0.998801 9.98923E-005 9.98923E-005 9.98923E-005 9.98923E-005
9.99462E-005 9.99462E-005 9.99462E-005 0.0179107 9.99462E-005 0.0752233 9.99462E-005 0.0102514 0.846469 0.00866446 9.99462E-005 0.00419547 0.0366863
0.0318027 9.99462E-005 9.99462E-005 9.99462E-005 9.99462E-005 0.000290294 0.141622 0.403702 0.00871132 0.0625584 0.350714 9.99462E-005 9.99462E-005
0.0745282 0.143059 0.051184 9.9964E-005 0.170921 0.0339196 0.0508397 0.0670634 0.0131673 9.9964E-005 9.9964E-005 9.9964E-005 0.394918
9.99458E-005 9.99458E-005 0.723893 0.0577102 9.99458E-005 0.0348343 0.0209356 9.99458E-005 9.99458E-005 0.00678866 0.0568721 9.99458E-005 0.0983664
0.0940435 9.99102E-005 9.99102E-005 9.99102E-005 9.99102E-005 9.99102E-005 9.99102E-005 9.99102E-005 9.99102E-005 0.00146282 9.99102E-005 0.903495 9.99102E-005
9.99192E-005 9.99192E-005 9.99192E-005 0.0172531 0.00624607 9.99192E-005 9.99192E-005 9.99192E-005 9.99192E-005 9.99192E-005 9.99192E-005 0.920701 0.0549003
9.99095E-005 9.99095E-005 0.668656 9.99095E-005 9.99095E-005 9.99095E-005 9.99095E-005 9.99095E-005 9.99095E-005 0.0358421 0.294503 9.99095E-005 9.99095E-005
0.132699 0.0441794 9.99372E-005 9.99372E-005 9.99372E-005 9.99372E-005 9.99372E-005 0.00360731 0.003995 0.109153 0.705666 9.99372E-005 9.99372E-005
0.023166 9.99103E-005 9.99103E-005 9.99103E-005 9.99103E-005 9.99103E-005 9.99103E-005 9.99103E-005 9.99103E-005 0.878819 0.0970161 9.99103E-005 9.99103E-005
0.188428 9.99282E-005 0.0320321 9.99282E-005 0.0616252 9.99282E-005 9.99282E-005 9.99282E-005 9.99282E-005 0.171296 0.545819 9.99282E-005 9.99282E-005
9.98919E-005 9.98919E-005 9.98919E-005 9.98919E-005 9.98919E-005 9.98919E-005 9.98919E-005 9.98919E-005 9.98919E-005 0.998801 9.98919E-005 9.98919E-005 9.98919E-005
0.783106 0.0150279 9.99191E-005 9.99191E-005 9.99191E-005 9.99191E-005 9.99191E-005 9.99191E-005 9.99191E-005 0.00212573 0.198841 9.99191E-005 9.99191E-005
0.143473 0.00585787 0.0130811 0.000592139 9.99551E-005 9.99551E-005 9.99551E-005 9.99551E-005 9.99551E-005 0.041327 0.757475 0.0297877 0.00790656
0.0443584 9.99282E-005 9.99282E-005 9.99282E-005 0.00544429 9.99282E-005 0.0463502 9.99282E-005 9.99282E-005 0.00124345 0.901804 9.99282E-005 9.99282E-005
9.98919E-005 9.98919E-005 9.98919E-005 9.98919E-005 9.98919E-005 9.98919E-005 9.98919E-005 9.98919E-005 9.98919E-005 0.998801 9.98919E-005 9.98919E-005 9.98919E-005
0.0656676 9.99282E-005 9.99282E-005 9.99282E-005 9.99282E-005 9.99282E-005 9.99282E-005 0.0137169 0.0444295 0.0890045 0.786382 9.99282E-005 9.99282E-005
0.070466 9.99258E-005 9.99258E-005 0.0405698 9.99258E-005 9.99258E-005 9.99258E-005 9.99258E-005 9.99258E-005 0.0686112 0.819454 9.99258E-005 9.99258E-005
0.0304553 9.99193E-005 9.99193E-005 9.99193E-005 9.99193E-005 9.99193E-005 0.0293074 9.99193E-005 9.99193E-005 0.0722667 0.867071 9.99193E-005 9.99193E-005
9.99192E-005 9.99192E-005 9.99192E-005 9.99192E-005 9.99192E-005 9.99192E-005 0.0171747 0.0381948 9.99192E-005 0.0595265 0.884205 9.99192E-005 9.99192E-005
0.175242 9.99282E-005 9.99282E-005 9.99282E-005 0.0819218 9.99282E-005 9.99282E-005 9.99282E-005 0.00434391 0.0932942 0.644399 9.99282E-005 9.99282E-005
9.99192E-005 9.99192E-005 9.99192E-005 9.99192E-005 9.99192E-005 0.00876083 9.99192E-005 0.0465973 9.99192E-005 0.0439677 0.899775 9.99192E-005 9.99192E-005
0.169464 0.0560985 9.99282E-005 9.99282E-005 9.99282E-005 9.99282E-005 9.99282E-005 0.0331229 9.99282E-005 0.176645 0.56387 9.99282E-005 9.99282E-005
9.99283E-005 9.99283E-005 9.99283E-005 0.060484 9.99283E-005 0.024831 0.126768 0.783076 9.99283E-005 9.99283E-005 9.99283E-005 9.99283E-005 0.00404074
9.99281E-005 9.99281E-005 9.99281E-005 9.99281E-005 0.85282 0.00526374 0.000495542 0.0888102 9.99281E-005 9.99281E-005 9.99281E-005 9.99281E-005 0.0518112
9.99282E-005 9.99282E-005 9.99282E-005 0.00274386 0.809724 0.0597249 9.99282E-005 9.99282E-005 0.0267924 9.99282E-005 9.99282E-005 9.99282E-005 0.100216
9.99013E-005 9.99013E-005 9.99013E-005 9.99013E-005 9.99013E-005 9.99013E-005 9.99013E-005 9.99013E-005 0.984755 9.99013E-005 0.0141465 9.99013E-005 9.99013E-005
9.99103E-005 9.99103E-005 9.99103E-005 9.99103E-005 9.99103E-005 0.02232 9.99103E-005 9.99103E-005 0.966167 0.0105135 9.99103E-005 9.99103E-005 9.99103E-005
9.99104E-005 0.0484313 9.99104E-005 9.99104E-005 9.99104E-005 9.99104E-005 9.99104E-005 0.0614098 0.88916 9.99104E-005 9.99104E-005 9.99104E-005 9.99104E-005
9.99371E-005 0.0125031 9.99371E-005 9.99371E-005 9.99371E-005 0.0356814 0.0596725 0.0346599 0.837202 9.99371E-005 9.99371E-005 0.0195811 9.99371E-005
9.99013E-005 9.99013E-005 9.99013E-005 9.99013E-005 9.99013E-005 9.99013E-005 9.99013E-005 9.99013E-005 9.99013E-005 9.99013E-005 9.99013E-005 0.99366 0.00524094
9.99102E-005 0.0170633 9.99102E-005 9.99102E-005 9.99102E-005 9.99102E-005 0.0199163 9.99102E-005 9.99102E-005 9.99102E-005 9.99102E-005 0.962021 9.99102E-005
9.99103E-005 9.99103E-005 9.99103E-005 9.99103E-005 0.0154496 9.99103E-005 0.0600038 9.99103E-005 9.99103E-005 9.99103E-005 9.99103E-005 0.923547 9.99103E-005
9.99641E-005 9.99641E-005 9.99641E-005 0.000495934 0.504718 0.0104704 0.0507116 0.414774 0.00473492 0.00796749 9.99641E-005 0.00371715 0.00201063
9.99013E-005 9.99013E-005 0.000683883 9.99013E-005 0.998217 9.99013E-005 9.99013E-005 9.99013E-005 9.99013E-005 9.99013E-005 9.99013E-005 9.99013E-005 9.99013E-005
0.0584148 9.99282E-005 9.99282E-005 0.0332964 9.99282E-005 9.99282E-005 0.010364 0.818343 9.99282E-005 9.99282E-005 9.99282E-005 9.99282E-005 0.0787825
0.0763652 9.99012E-005 9.99012E-005 9.99012E-005 9.99012E-005 9.99012E-005 9.99012E-005 0.922536 9.99012E-005 9.99012E-005 9.99012E-005 9.99012E-005 9.99012E-005
