9.99192E-005 9.99192E-005 9.99192E-005 0.0381654 9.99192E-005 9.99192E-005 9.99192E-005 9.99192E-005 0.0439778 0.909825 9.99192E-005 0.00713283 9.99192E-005
9.99012E-005 9.99012E-005 9.99012E-005 9.99012E-005 9.99012E-005 9.99012E-005 9.99012E-005 9.99012E-005 9.99012E-005 0.998108 9.99012E-005 0.000793014 9.99012E-005
9.99191E-005 9.99191E-005 9.99191E-005 9.99191E-005 9.99191E-005 9.99191E-005 9.99191E-005 9.99191E-005 0.105861 0.830569 0.0207257 0.0419453 9.99191E-005
0.0375025 0.0933857 9.99372E-005 0.0555144 9.99372E-005 9.99372E-005 9.99372E-005 0.0548601 9.99372E-005 0.696995 0.0610424 9.99372E-005 9.99372E-005
0.0318047 9.99282E-005 9.99282E-005 9.99282E-005 9.99282E-005 9.99282E-005 9.99282E-005 9.99282E-005 0.0628739 0.866155 0.0283157 0.010051 9.99282E-005
9.98921E-005 9.98921E-005 9.98921E-005 9.98921E-005 9.98921E-005 9.98921E-005 9.98921E-005 9.98921E-005 9.98921E-005 0.998801 9.98921E-005 9.98921E-005 9.98921E-005
9.99012E-005 9.99012E-005 9.99012E-005 9.99012E-005 9.99012E-005 9.99012E-005 9.99012E-005 9.99012E-005 9.99012E-005 0.994373 9.99012E-005 0.00452777 9.99012E-005
9.99372E-005 0.0189819 9.99372E-005 9.99372E-005 9.99372E-005 0.129291 9.99372E-005 0.0282166 9.99372E-005 0.746041 0.0687634 9.99372E-005 0.00800642
9.99281E-005 0.0655699 0.00408756 9.99281E-005 9.99281E-005 9.99281E-005 0.0628097 0.022596 9.99281E-005 0.844138 9.99281E-005 9.99281E-005 9.99281E-005
9.99282E-005 9.99282E-005 9.99282E-005 9.99282E-005 0.0318156 9.99282E-005 0.0643447 0.0475131 9.99282E-005 0.847341 0.00818621 9.99282E-005 9.99282E-005
9.99192E-005 9.99192E-005 0.0460254 9.99192E-005 0.0243115 9.99192E-005 0.035896 9.99192E-005 9.99192E-005 0.892868 9.99192E-005 9.99192E-005 9.99192E-005
9.99462E-005 9.99462E-005 9.99462E-005 9.99462E-005 9.99462E-005 0.052608 9.99462E-005 0.0762002 0.0183908 0.576944 0.187019 0.0867891 0.00144903
0.100208 9.99461E-005 0.0164408 0.00704023 9.99461E-005 0.131972 9.99461E-005 9.99461E-005 0.0846192 0.64161 9.99461E-005 0.0175105 9.99461E-005
0.147905 0.0596956 9.99438E-005 9.99438E-005 9.99438E-005 9.99438E-005 0.0483505 9.99438E-005 0.109022 0.612557 9.99438E-005 9.99438E-005 0.0217704
0.0311684 0.12483 0.0766782 9.99731E-005 0.00799196 0.110126 9.99731E-005 0.127857 0.0212564 0.395896 0.066927 9.99731E-005 0.0369696
0.109139 0.0378056 0.00157017 9.99551E-005 9.99551E-005 0.0601236 9.99551E-005 0.130613 0.173233 0.471855 9.99551E-005 9.99551E-005 0.0151596
9.99282E-005 0.0946458 9.99282E-005 9.99282E-005 9.99282E-005 9.99282E-005 9.99282E-005 0.124398 0.0564268 0.457307 0.266423 9.99282E-005 9.99282E-005
0.00717644 9.99551E-005 0.0562079 9.99551E-005 9.99551E-005 0.00513568 9.99551E-005 0.0624314 0.210223 0.48502 0.151465 9.99551E-005 0.0218413
0.0742783 0.0104006 9.99551E-005 9.99551E-005 9.99551E-005 9.99551E-005 0.0188219 0.19291 0.097765 0.0469532 9.99551E-005 0.541558 0.0168141
9.99192E-005 9.99192E-005 9.99192E-005 9.99192E-005 9.99192E-005 9.99192E-005 9.99192E-005 0.856006 9.99192E-005 0.0354885 0.0720171 0.0355891 9.99192E-005
0.0942586 9.99102E-005 9.99102E-005 9.99102E-005 9.99102E-005 9.99102E-005 9.99102E-005 0.823764 9.99102E-005 9.99102E-005 9.99102E-005 0.0809785 9.99102E-005
0.0324963 9.99461E-005 0.00214191 0.040227 9.99461E-005 9.99461E-005 0.0109871 0.639117 9.99461E-005 0.0309336 9.99461E-005 0.243497 9.99461E-005
9.99282E-005 9.99282E-005 0.0362987 9.99282E-005 0.0292996 9.99282E-005 0.00747988 0.887057 9.99282E-005 9.99282E-005 9.99282E-005 0.0390652 9.99282E-005
9.9892E-005 9.9892E-005 9.9892E-005 9.9892E-005 9.9892E-005 9.9892E-005 9.9892E-005 9.9892E-005 9.9892E-005 9.9892E-005 9.9892E-005 0.998801 9.9892E-005
9.98921E-005 9.98921E-005 9.98921E-005 9.98921E-005 9.98921E-005 9.98921E-005 9.98921E-005 9.98921E-005 9.98921E-005 9.98921E-005 9.98921E-005 0.998801 9.98921E-005
9.98922E-005 9.98922E-005 9.98922E-005 9.98922E-005 9.98922E-005 9.98922E-005 9.98922E-005 9.98922E-005 9.98922E-005 9.98922E-005 9.98922E-005 0.998801 9.98922E-005
0.149234 0.0625476 9.99372E-005 9.99372E-005 0.0328066 9.99372E-005 9.99372E-005 0.675314 9.99372E-005 9.99372E-005 9.99372E-005 0.0647458 0.0146519
9.99101E-005 9.99101E-005 9.99101E-005 0.0217115 9.99101E-005 9.99101E-005 9.99101E-005 0.223792 9.99101E-005 9.99101E-005 9.99101E-005 0.753498 9.99101E-005
9.99192E-005 0.034143 9.99192E-005 9.99192E-005 9.99192E-005 9.99192E-005 9.99192E-005 0.923758 0.0263753 9.99192E-005 9.99192E-005 0.0148246 9.99192E-005
9.98921E-005 9.98921E-005 9.98921E-005 9.98921E-005 9.98921E-005 9.98921E-005 9.98921E-005 9.98921E-005 9.98921E-005 9.98921E-005 9.98921E-005 0.998801 9.98921E-005
0.0349402 9.99371E-005 9.99371E-005 0.027397 9.99371E-005 0.0346651 9.99371E-005 0.676677 9.99371E-005 0.0620773 9.99371E-005 0.163544 9.99371E-005
9.98922E-005 9.98922E-005 9.98922E-005 9.98922E-005 9.98922E-005 9.98922E-005 9.98922E-005 9.98922E-005 9.98922E-005 9.98922E-005 9.98922E-005 0.998801 9.98922E-005
0.031274 9.99192E-005 9.99192E-005 9.99192E-005 9.99192E-005 9.99192E-005 9.99192E-005 0.741041 0.121592 9.99192E-005 9.99192E-005 0.105194 9.99192E-005
9.99103E-005 9.99103E-005 9.99103E-005 9.99103E-005 9.99103E-005 9.99103E-005 0.0571791 0.69714 9.99103E-005 9.99103E-005 9.99103E-005 0.244682 9.99103E-005
0.113241 9.99282E-005 9.99282E-005 9.99282E-005 0.0362661 0.0655747 9.99282E-005 0.616164 9.99282E-005 9.99282E-005 9.99282E-005 0.167954 9.99282E-005
9.99192E-005 9.99192E-005 9.99192E-005 9.99192E-005 9.99192E-005 0.0205579 9.99192E-005 0.827749 9.99192E-005 0.0269874 9.99192E-005 0.123807 9.99192E-005
9.99282E-005 0.0980984 0.0165141 9.99282E-005 9.99282E-005 9.99282E-005 9.99282E-005 0.775679 9.99282E-005 0.00940236 9.99282E-005 0.0995066 9.99282E-005
0.781716 9.99282E-005 9.99282E-005 9.99282E-005 9.99282E-005 9.99282E-005 0.0507098 0.0219038 0.090935 0.0539355 9.99282E-005 9.99282E-005 9.99282E-005
0.952791 9.99011E-005 9.99011E-005 9.99011E-005 9.99011E-005 9.99011E-005 9.99011E-005 9.99011E-005 9.99011E-005 9.99011E-005 0.0461104 9.99011E-005 9.99011E-005
0.875573 9.99192E-005 9.99192E-005 0.00490835 9.99192E-005 9.99192E-005 0.0357338 9.99192E-005 0.0828855 9.99192E-005 9.99192E-005 9.99192E-005 9.99192E-005
9.99193E-005 9.99193E-005 0.00569892 9.99193E-005 9.99193E-005 9.99193E-005 0.0143601 9.99193E-005 0.0760491 9.99193E-005 0.902993 9.99193E-005 9.99193E-005
9.99192E-005 9.99192E-005 9.99192E-005 9.99192E-005 9.99192E-005 9.99192E-005 9.99192E-005 9.99192E-005 0.0884726 9.99192E-005 0.875042 0.000255244 0.0353305
0.65977 0.0011424 9.99102E-005 9.99102E-005 9.99102E-005 9.99102E-005 9.99102E-005 9.99102E-005 9.99102E-005 9.99102E-005 0.338088 9.99102E-005 9.99102E-005
0.347868 9.99103E-005 9.99103E-005 9.99103E-005 9.99103E-005 9.99103E-005 9.99103E-005 9.99103E-005 0.199895 9.99103E-005 0.451238 9.99103E-005 9.99103E-005
0.123121 0.0498634 9.99461E-005 9.99461E-005 9.99461E-005 0.0311914 9.99461E-005 9.99461E-005 0.0355468 0.0125165 0.734692 0.0124691 9.99461E-005
9.99012E-005 9.99012E-005 9.99012E-005 9.99012E-005 9.99012E-005 9.99012E-005 9.99012E-005 9.99012E-005 0.00367416 9.99012E-005 0.995227 9.99012E-005 9.99012E-005
0.139491 0.517984 9.99462E-005 9.99462E-005 0.0654278 0.173837 0.00300751 9.99462E-005 9.99462E-005 0.0624848 9.99462E-005 0.0371686 9.99462E-005
9.9893E-005 9.9893E-005 0.998801 9.9893E-005 9.9893E-005 9.9893E-005 9.9893E-005 9.9893E-005 9.9893E-005 9.9893E-005 9.9893E-005 9.9893E-005 9.9893E-005
0.0604506 9.99097E-005 0.896387 9.99097E-005 9.99097E-005 9.99097E-005 0.0421632 9.99097E-005 9.99097E-005 9.99097E-005 9.99097E-005 9.99097E-005 9.99097E-005
9.99103E-005 0.932951 9.99103E-005 9.99103E-005 9.99103E-005 9.99103E-005 9.99103E-005 9.99103E-005 0.0647891 9.99103E-005 9.99103E-005 9.99103E-005 0.00126107
9.99101E-005 0.312738 0.548762 9.99101E-005 0.133067 0.00453381 9.99101E-005 9.99101E-005 9.99101E-005 9.99101E-005 9.99101E-005 9.99101E-005 9.99101E-005
9.99103E-005 0.961188 9.99103E-005 9.99103E-005 9.99103E-005 9.99103E-005 9.99103E-005 9.99103E-005 9.99103E-005 9.99103E-005 0.0156174 0.0221955 9.99103E-005
0.022318 0.829057 9.99282E-005 9.99282E-005 0.0202748 9.99282E-005 9.99282E-005 0.0889451 9.99282E-005 9.99282E-005 9.99282E-005 9.99282E-005 0.0386057
0.147498 0.687654 0.0172238 0.0135157 0.0029394 0.0789987 9.99551E-005 9.99551E-005 9.99551E-005 0.0315172 9.99551E-005 0.0201534 9.99551E-005
9.99104E-005 0.930908 9.99104E-005 9.99104E-005 0.0361186 9.99104E-005 9.99104E-005 9.99104E-005 9.99104E-005 0.0319741 9.99104E-005 9.99104E-005 9.99104E-005
9.99013E-005 0.984121 9.99013E-005 9.99013E-005 9.99013E-005 9.99013E-005 9.99013E-005 9.99013E-005 9.99013E-005 0.0147799 9.99013E-005 9.99013E-005 9.99013E-005
9.99371E-005 0.796182 9.99371E-005 0.0290972 9.99371E-005 9.99371E-005 0.0131925 9.99371E-005 0.0735624 9.99371E-005 9.99371E-005 0.0515252 0.035741
9.99103E-005 0.953261 9.99103E-005 9.99103E-005 9.99103E-005 9.99103E-005 9.99103E-005 9.99103E-005 9.99103E-005 0.0411115 9.99103E-005 9.99103E-005 0.00462816
9.99012E-005 0.962322 9.99012E-005 9.99012E-005 9.99012E-005 9.99012E-005 0.0365793 9.99012E-005 9.99012E-005 9.99012E-005 9.99012E-005 9.99012E-005 9.99012E-005
9.99013E-005 0.958825 9.99013E-005 9.99013E-005 9.99013E-005 9.99013E-005 9.99013E-005 0.0400761 9.99013E-005 9.99013E-005 9.99013E-005 9.99013E-005 9.99013E-005
9.99103E-005 9.99103E-005 9.99103E-005 9.99103E-005 0.00129848 0.985795 9.99103E-005 9.99103E-005 9.99103E-005 9.99103E-005 9.99103E-005 0.0119079 9.99103E-005
9.99102E-005 9.99102E-005 9.99102E-005 9.99102E-005 9.99102E-005 0.916829 9.99102E-005 0.0772342 9.99102E-005 9.99102E-005 9.99102E-005 9.99102E-005 0.00493814
9.99283E-005 0.0517672 9.99283E-005 0.0732039 9.99283E-005 0.816173 9.99283E-005 9.99283E-005 9.99283E-005 9.99283E-005 0.0558801 0.00217613 9.99283E-005
9.98922E-005 9.98922E-005 9.98922E-005 0.998801 9.98922E-005 9.98922E-005 9.98922E-005 9.98922E-005 9.98922E-005 9.98922E-005 9.98922E-005 9.98922E-005 9.98922E-005
9.99192E-005 9.99192E-005 9.99192E-005 0.836688 0.124078 9.99192E-005 9.99192E-005 9.99192E-005 9.99192E-005 9.99192E-005 9.99192E-005 0.00431805 0.0340171
0.00368803 0.00382028 9.99104E-005 9.99104E-005 9.99104E-005 9.99104E-005 9.99104E-005 9.99104E-005 9.99104E-005 9.99104E-005 9.99104E-005 9.99104E-005 0.991493
9.98922E-005 9.98922E-005 9.98922E-005 9.98922E-005 9.98922E-005 9.98922E-005 9.98922E-005 9.98922E-005 9.98922E-005 9.98922E-005 9.98922E-005 9.98922E-005 0.998801
9.99282E-005 0.00400933 9.99282E-005 0.834402 9.99282E-005 9.99282E-005 0.0153773 9.99282E-005 9.99282E-005 9.99282E-005 0.0364119 9.99282E-005 0.109
9.99282E-005 0.0274148 9.99282E-005 0.869528 0.019549 9.99282E-005 0.0204465 9.99282E-005 9.99282E-005 9.99282E-005 9.99282E-005 9.99282E-005 0.0622627
9.99192E-005 9.99192E-005 9.99192E-005 0.00263315 9.99192E-005 9.99192E-005 9.99192E-005 9.99192E-005 0.0451501 9.99192E-005 9.99192E-005 0.00566552 0.945652
9.98923E-005 9.98923E-005 9.98923E-005 9.98923E-005 9.98923E-005 9.98923E-005 9.98923E-005 9.98923E-005 9.98923E-005 9.98923E-005 9.98923E-005 9.98923E-005 0.998801
9.98923E-005 9.98923E-005 9.98923E-005 0.998801 9.98923E-005 9.98923E-005 9.98923E-005 9.98923E-005 9.98923E-005 9.98923E-005 9.98923E-005 9.98923E-005 9.98923E-005
0.0289268 9.99103E-005 9.99103E-005 9.99103E-005 9.99103E-005 9.99103E-005 0.00414885 9.99103E-005 9.99103E-005 9.99103E-005 9.99103E-005 9.99103E-005 0.965925
9.99102E-005 9.99102E-005 0.00913179 0.0680306 9.99102E-005 9.99102E-005 9.99102E-005 9.99102E-005 9.99102E-005 9.99102E-005 9.99102E-005 9.99102E-005 0.921838
0.00435788 9.99103E-005 9.99103E-005 9.99103E-005 0.00292201 9.99103E-005 9.99103E-005 9.99103E-005 9.99103E-005 9.99103E-005 9.99103E-005 9.99103E-005 0.991721
9.99013E-005 9.99013E-005 9.99013E-005 0.131499 9.99013E-005 9.99013E-005 9.99013E-005 9.99013E-005 9.99013E-005 9.99013E-005 9.99013E-005 9.99013E-005 0.867402
9.99012E-005 9.99012E-005 9.99012E-005 9.99012E-005 9.99012E-005 9.99012E-005 9.99012E-005 9.99012E-005 9.99012E-005 9.99012E-005 9.99012E-005 0.0374713 0.96143
9.99103E-005 9.99103E-005 9.99103E-005 9.99103E-005 9.99103E-005 9.99103E-005 9.99103E-005 0.889016 0.0287713 9.99103E-005 0.0812139 9.99103E-005 9.99103E-005
0.0787169 9.99371E-005 9.99371E-005 0.0537142 9.99371E-005 9.99371E-005 9.99371E-005 9.99371E-005 0.0338381 0.0117528 0.81082 0.0104586 9.99371E-005
0.0708545 9.99102E-005 9.99102E-005 9.99102E-005 9.99102E-005 9.99102E-005 9.99102E-005 9.99102E-005 9.99102E-005 9.99102E-005 0.917739 0.0104073 9.99102E-005
9.99192E-005 9.99192E-005 9.99192E-005 9.99192E-005 0.947513 0.00594058 9.99192E-005 9.99192E-005 9.99192E-005 9.99192E-005 9.99192E-005 0.0063659 0.0392809
9.99014E-005 9.99014E-005 9.99014E-005 9.99014E-005 0.937156 9.99014E-005 9.99014E-005 9.99014E-005 9.99014E-005 9.99014E-005 9.99014E-005 9.99014E-005 0.0617446
9.99103E-005 9.99103E-005 9.99103E-005 0.0307553 0.965926 9.99103E-005 9.99103E-005 9.99103E-005 9.99103E-005 9.99103E-005 9.99103E-005 9.99103E-005 0.00231962
9.99013E-005 9.99013E-005 9.99013E-005 9.99013E-005 9.99013E-005 9.99013E-005 0.998606 9.99013E-005 0.000294738 9.99013E-005 9.99013E-005 9.99013E-005 9.99013E-005
9.99193E-005 0.0158303 9.99193E-005 9.99193E-005 0.913055 0.0631086 0.00710688 9.99193E-005 9.99193E-005 9.99193E-005 9.99193E-005 9.99193E-005 9.99193E-005
0.0218837 9.99281E-005 9.99281E-005 0.0825895 0.767283 9.99281E-005 0.120209 9.99281E-005 9.99281E-005 9.99281E-005 9.99281E-005 0.0072357 9.99281E-005
9.99372E-005 9.99372E-005 9.99372E-005 0.0414622 0.70155 9.99372E-005 0.207956 0.00536778 0.0104535 9.99372E-005 9.99372E-005 0.0325112 9.99372E-005
9.99372E-005 0.0144856 9.99372E-005 9.99372E-005 0.514963 0.0133272 0.418375 9.99372E-005 9.99372E-005 9.99372E-005 0.0196438 9.99372E-005 0.0185061
9.99103E-005 9.99103E-005 9.99103E-005 9.99103E-005 0.922353 9.99103E-005 9.99103E-005 0.071958 9.99103E-005 9.99103E-005 0.00468962 9.99103E-005 9.99103E-005
9.99191E-005 0.0557034 9.99191E-005 9.99191E-005 0.0397658 0.00632088 0.897311 9.99191E-005 9.99191E-005 9.99191E-005 9.99191E-005 9.99191E-005 9.99191E-005
9.98923E-005 9.98923E-005 9.98923E-005 9.98923E-005 9.98923E-005 9.98923E-005 0.998801 9.98923E-005 9.98923E-005 9.98923E-005 9.98923E-005 9.98923E-005 9.98923E-005
9.99372E-005 0.0540945 0.0397826 0.0179763 0.720696 9.99372E-005 0.159591 9.99372E-005 9.99372E-005 9.99372E-005 9.99372E-005 9.99372E-005 0.00715966
9.99013E-005 0.0670962 9.99013E-005 9.99013E-005 0.931805 9.99013E-005 9.99013E-005 9.99013E-005 9.99013E-005 9.99013E-005 9.99013E-005 9.99013E-005 9.99013E-005
9.99001E-005 9.99001E-005 9.99001E-005 9.99001E-005 0.650318 9.99001E-005 0.310675 9.99001E-005 9.99001E-005 9.99001E-005 9.99001E-005 9.99001E-005 0.0380081
9.99102E-005 9.99102E-005 9.99102E-005 9.99102E-005 0.514794 0.0594413 0.424766 9.99102E-005 9.99102E-005 9.99102E-005 9.99102E-005 9.99102E-005 9.99102E-005
9.99371E-005 9.99371E-005 0.0196153 9.99371E-005 0.604058 0.00901142 0.306798 9.99371E-005 0.0564993 9.99371E-005 9.99371E-005 0.0033183 9.99371E-005
9.99193E-005 9.99193E-005 9.99193E-005 0.0315894 0.894242 9.99193E-005 0.0430599 9.99193E-005 9.99193E-005 9.99193E-005 9.99193E-005 9.99193E-005 0.030209
0.0100682 9.99372E-005 9.99372E-005 9.99372E-005 0.8986 9.99372E-005 0.0435153 9.99372E-005 0.0277104 0.00796117 0.0114453 9.99372E-005 9.99372E-005
9.99193E-005 9.99193E-005 9.99193E-005 9.99193E-005 0.745422 0.0320942 0.213964 9.99193E-005 9.99193E-005 9.99193E-005 9.99193E-005 9.99193E-005 0.00762086
9.99282E-005 9.99282E-005 0.00413528 0.0602859 0.650573 9.99282E-005 0.223523 0.060683 9.99282E-005 9.99282E-005 9.99282E-005 9.99282E-005 9.99282E-005
9.99193E-005 9.99193E-005 9.99193E-005 0.0205271 0.869864 9.99193E-005 0.0993666 0.00934277 9.99193E-005 9.99193E-005 9.99193E-005 9.99193E-005 9.99193E-005
9.99462E-005 9.99462E-005 0.00485846 0.0215751 0.34912 0.0189035 0.537962 9.99462E-005 0.0464189 9.99462E-005 9.99462E-005 9.99462E-005 0.0205625
9.99013E-005 9.99013E-005 9.99013E-005 9.99013E-005 0.96231 9.99013E-005 9.99013E-005 9.99013E-005 9.99013E-005 0.0365912 9.99013E-005 9.99013E-005 9.99013E-005
9.99372E-005 0.082633 0.0121209 9.99372E-005 0.767246 0.0380515 0.0858439 9.99372E-005 9.99372E-005 9.99372E-005 9.99372E-005 0.0134054 9.99372E-005
9.99102E-005 9.99102E-005 9.99102E-005 9.99102E-005 0.836026 0.0662782 0.0966971 9.99102E-005 9.99102E-005 9.99102E-005 9.99102E-005 9.99102E-005 9.99102E-005
9.99371E-005 0.027742 0.0129624 9.99371E-005 0.678379 9.99371E-005 0.242675 9.99371E-005 9.99371E-005 0.025053 9.99371E-005 0.0124885 9.99371E-005
9.98922E-005 9.98922E-005 9.98922E-005 0.998801 9.98922E-005 9.98922E-005 9.98922E-005 9.98922E-005 9.98922E-005 9.98922E-005 9.98922E-005 9.98922E-005 9.98922E-005
9.99101E-005 9.99101E-005 0.0290091 0.725969 9.99101E-005 9.99101E-005 9.99101E-005 0.244023 9.99101E-005 9.99101E-005 9.99101E-005 9.99101E-005 9.99101E-005
9.99283E-005 0.000348931 9.99283E-005 0.871389 0.00603371 9.99283E-005 0.114107 9.99283E-005 9.99283E-005 9.99283E-005 9.99283E-005 0.00732204 9.99283E-005
0.0614025 9.99371E-005 0.0131655 9.99371E-005 9.99371E-005 9.99371E-005 9.99371E-005 0.0986302 0.771064 0.00299347 9.99371E-005 9.99371E-005 0.0520452
9.98919E-005 9.98919E-005 9.98919E-005 9.98919E-005 9.98919E-005 9.98919E-005 9.98919E-005 9.98919E-005 0.998801 9.98919E-005 9.98919E-005 9.98919E-005 9.98919E-005
9.99103E-005 0.0414266 9.99103E-005 9.99103E-005 9.99103E-005 0.00363902 9.99103E-005 9.99103E-005 0.953935 9.99103E-005 9.99103E-005 9.99103E-005 9.99103E-005
9.99011E-005 9.99011E-005 9.99011E-005 9.99011E-005 9.99011E-005 9.99011E-005 9.99011E-005 9.99011E-005 0.9933 9.99011E-005 9.99011E-005 0.00560059 9.99011E-005
0.0124212 9.99103E-005 9.99103E-005 9.99103E-005 9.99103E-005 9.99103E-005 9.99103E-005 9.99103E-005 0.909861 9.99103E-005 0.0767187 9.99103E-005 9.99103E-005
9.98923E-005 9.98923E-005 9.98923E-005 9.98923E-005 9.98923E-005 9.98923E-005 9.98923E-005 9.98923E-005 0.998801 9.98923E-005 9.98923E-005 9.98923E-005 9.98923E-005
0.2272 9.99462E-005 0.0418283 9.99462E-005 9.99462E-005 9.99462E-005 9.99462E-005 0.0937183 0.490883 0.0975625 9.99462E-005 0.0226465 0.0255621
9.98922E-005 9.98922E-005 9.98922E-005 9.98922E-005 9.98922E-005 9.98922E-005 9.98922E-005 9.98922E-005 9.98922E-005 9.98922E-005 0.998801 9.98922E-005 9.98922E-005
9.98922E-005 9.98922E-005 9.98922E-005 9.98922E-005 9.98922E-005 9.98922E-005 9.98922E-005 9.98922E-005 9.98922E-005 9.98922E-005 0.998801 9.98922E-005 9.98922E-005
0.950994 9.99013E-005 9.99013E-005 9.99013E-005 9.99013E-005 9.99013E-005 9.99013E-005 9.99013E-005 9.99013E-005 9.99013E-005 9.99013E-005 0.0479067 9.99013E-005
0.098958 9.99282E-005 9.99282E-005 9.99282E-005 0.417389 9.99282E-005 0.0408431 0.304978 0.137032 9.99282E-005 9.99282E-005 9.99282E-005 9.99282E-005
9.99551E-005 0.176665 0.063771 9.99551E-005 9.99551E-005 9.99551E-005 0.0465703 0.165843 0.0314434 0.382469 0.0889996 0.0437389 9.99551E-005
9.99548E-005 9.99548E-005 0.733436 0.0111602 0.0656491 9.99548E-005 9.99548E-005 9.99548E-005 0.000294794 0.11133 0.0160041 0.0252396 0.036386
9.99012E-005 9.99012E-005 9.99012E-005 9.99012E-005 9.99012E-005 0.915804 0.0830974 9.99012E-005 9.99012E-005 9.99012E-005 9.99012E-005 9.99012E-005 9.99012E-005
9.99102E-005 9.99102E-005 9.99102E-005 9.99102E-005 9.99102E-005 0.917102 9.99102E-005 9.99102E-005 9.99102E-005 0.0510598 9.99102E-005 9.99102E-005 0.0308386
9.99095E-005 9.99095E-005 0.65634 9.99095E-005 0.312788 9.99095E-005 0.0298735 9.99095E-005 9.99095E-005 9.99095E-005 9.99095E-005 9.99095E-005 9.99095E-005
9.99193E-005 0.0281684 9.99193E-005 0.0477659 0.73682 9.99193E-005 0.186347 9.99193E-005 9.99193E-005 9.99193E-005 9.99193E-005 9.99193E-005 9.99193E-005
9.99103E-005 9.99103E-005 9.99103E-005 9.99103E-005 0.0385801 9.99103E-005 0.948422 9.99103E-005 9.99103E-005 9.99103E-005 0.0119985 9.99103E-005 9.99103E-005
9.99282E-005 9.99282E-005 0.0411639 0.0773565 0.498106 9.99282E-005 0.349445 0.0331285 9.99282E-005 9.99282E-005 9.99282E-005 9.99282E-005 9.99282E-005
9.98921E-005 9.98921E-005 9.98921E-005 9.98921E-005 9.98921E-005 9.98921E-005 0.998801 9.98921E-005 9.98921E-005 9.98921E-005 9.98921E-005 9.98921E-005 9.98921E-005
9.99102E-005 0.0532761 9.99102E-005 9.99102E-005 0.439689 9.99102E-005 0.506036 9.99102E-005 9.99102E-005 9.99102E-005 9.99102E-005 9.99102E-005 9.99102E-005
9.99372E-005 9.99372E-005 9.99372E-005 0.0420784 0.787108 0.0162314 0.128774 9.99372E-005 9.99372E-005 9.99372E-005 0.0102805 9.99372E-005 0.0148277
0.0178357 0.0150689 9.99372E-005 9.99372E-005 0.925374 9.99372E-005 0.0217316 9.99372E-005 0.015524 9.99372E-005 9.99372E-005 9.99372E-005 0.00376657
9.98921E-005 9.98921E-005 9.98921E-005 9.98921E-005 9.98921E-005 9.98921E-005 0.998801 9.98921E-005 9.98921E-005 9.98921E-005 9.98921E-005 9.98921E-005 9.98921E-005
0.0206721 9.99551E-005 0.00355711 0.0283588 0.845413 9.99551E-005 0.0728332 0.00527783 0.0105448 9.99551E-005 0.0128431 9.99551E-005 9.99551E-005
9.99103E-005 9.99103E-005 9.99103E-005 0.0949065 0.874562 9.99103E-005 0.0295328 9.99103E-005 9.99103E-005 9.99103E-005 9.99103E-005 9.99103E-005 9.99103E-005
9.99283E-005 9.99283E-005 9.99283E-005 9.99283E-005 0.897634 0.0105437 0.0592853 9.99283E-005 0.00753839 9.99283E-005 0.0241992 9.99283E-005 9.99283E-005
0.0501836 9.99103E-005 9.99103E-005 9.99103E-005 0.93762 9.99103E-005 9.99103E-005 9.99103E-005 9.99103E-005 9.99103E-005 9.99103E-005 9.99103E-005 0.011197
9.99282E-005 9.99282E-005 9.99282E-005 0.0475251 0.682477 9.99282E-005 0.193194 0.0552088 9.99282E-005 9.99282E-005 0.0207958 9.99282E-005 9.99282E-005
9.99372E-005 9.99372E-005 9.99372E-005 9.99372E-005 0.923405 0.00982871 0.0278341 0.00601345 0.0161705 9.99372E-005 9.99372E-005 0.016049 9.99372E-005
9.99193E-005 0.054014 0.00222001 9.99193E-005 0.556027 9.99193E-005 0.38684 9.99193E-005 9.99193E-005 9.99193E-005 9.99193E-005 9.99193E-005 9.99193E-005
0.0559497 9.99462E-005 9.99462E-005 9.99462E-005 9.99462E-005 9.99462E-005 0.00262541 0.636437 0.127136 0.0489215 9.99462E-005 0.053097 0.0752333
9.99461E-005 9.99461E-005 9.99461E-005 0.017801 9.99461E-005 9.99461E-005 0.000254782 0.808434 9.99461E-005 0.0792819 0.0905682 0.00204894 0.00101102
9.99282E-005 9.99282E-005 9.99282E-005 0.0672565 9.99282E-005 9.99282E-005 9.99282E-005 0.574965 9.99282E-005 0.147989 0.137565 0.0714244 9.99282E-005
0.916059 9.99012E-005 9.99012E-005 9.99012E-005 9.99012E-005 9.99012E-005 9.99012E-005 9.99012E-005 9.99012E-005 9.99012E-005 0.0828426 9.99012E-005 9.99012E-005
0.869383 9.99102E-005 9.99102E-005 9.99102E-005 9.99102E-005 9.99102E-005 9.99102E-005 9.99102E-005 9.99102E-005 9.99102E-005 0.112369 0.0172491 9.99102E-005
0.998801 9.98924E-005 9.98924E-005 9.98924E-005 9.98924E-005 9.98924E-005 9.98924E-005 9.98924E-005 9.98924E-005 9.98924E-005 9.98924E-005 9.98924E-005 9.98924E-005
0.945377 9.99102E-005 9.99102E-005 9.99102E-005 9.99102E-005 9.99102E-005 9.99102E-005 9.99102E-005 0.0375227 9.99102E-005 9.99102E-005 0.0161011 9.99102E-005
9.98924E-005 9.98924E-005 9.98924E-005 9.98924E-005 9.98924E-005 0.998801 9.98924E-005 9.98924E-005 9.98924E-005 9.98924E-005 9.98924E-005 9.98924E-005 9.98924E-005
9.99012E-005 9.99012E-005 9.99012E-005 9.99012E-005 9.99012E-005 0.997927 9.99012E-005 9.99012E-005 0.000973947 9.99012E-005 9.99012E-005 9.99012E-005 9.99012E-005
0.0489515 9.99103E-005 9.99103E-005 9.99103E-005 9.99103E-005 0.93028 9.99103E-005 9.99103E-005 0.0197696 9.99103E-005 9.99103E-005 9.99103E-005 9.99103E-005
9.99372E-005 9.99372E-005 9.99372E-005 0.0465528 9.99372E-005 9.99372E-005 9.99372E-005 0.815909 0.0481482 0.00841823 0.0566229 0.0236493 9.99372E-005
9.99193E-005 9.99193E-005 0.00794018 0.0303179 9.99193E-005 9.99193E-005 9.99193E-005 0.938361 9.99193E-005 9.99193E-005 0.0224812 9.99193E-005 9.99193E-005
9.99371E-005 9.99371E-005 9.99371E-005 9.99371E-005 0.0730151 0.068313 9.99371E-005 0.712147 0.0524065 0.0845594 0.00885911 9.99371E-005 9.99371E-005
9.99102E-005 9.99102E-005 9.99102E-005 9.99102E-005 9.99102E-005 0.0950372 0.0253691 0.878595 9.99102E-005 9.99102E-005 9.99102E-005 9.99102E-005 9.99102E-005
