9.99641E-005 9.99641E-005 9.99641E-005 0.0299602 0.900893 0.0224664 9.99641E-005 0.0192439 0.0270368
9.99371E-005 9.99371E-005 9.99371E-005 0.00891358 0.990387 9.99371E-005 9.99371E-005 9.99371E-005 9.99371E-005
9.99461E-005 9.99461E-005 9.99461E-005 0.026203 0.892878 9.99461E-005 9.99461E-005 9.99461E-005 0.0803189
9.99551E-005 0.120493 0.130843 9.99551E-005 0.690223 0.0579413 9.99551E-005 9.99551E-005 9.99551E-005
9.99551E-005 9.99551E-005 9.99551E-005 0.043866 0.818697 0.0990322 9.99551E-005 9.99551E-005 0.0379046
9.993E-005 9.993E-005 9.993E-005 9.993E-005 0.999201 9.993E-005 9.993E-005 9.993E-005 9.993E-005
9.99371E-005 9.99371E-005 9.99371E-005 0.000375279 0.998925 9.99371E-005 9.99371E-005 9.99371E-005 9.99371E-005
0.00889505 0.122298 0.0857293 9.99641E-005 0.720346 0.0623319 9.99641E-005 9.99641E-005 9.99641E-005
9.9964E-005 0.0280931 0.0714771 9.9964E-005 0.826702 9.9964E-005 0.0644359 0.00889242 9.9964E-005
9.99461E-005 9.99461E-005 0.0799643 9.99461E-005 0.830516 9.99461E-005 0.0889199 9.99461E-005 9.99461E-005
9.99461E-005 9.99461E-005 9.99461E-005 9.99461E-005 0.898235 9.99461E-005 0.0601032 0.0410621 9.99461E-005
0.000766433 0.0173854 0.147305 0.060207 0.572439 0.177634 9.99821E-005 9.99821E-005 0.0240634
0.00351354 0.0964761 0.0657453 0.0076093 0.643488 0.0385002 0.0120116 0.00387774 0.128778
0.0254845 0.0216817 9.99731E-005 9.99731E-005 0.641311 0.136391 0.0453585 9.99731E-005 0.129474
0.0595873 0.201971 0.100436 9.9991E-005 0.418628 0.0742509 0.0030347 0.0676106 0.0743808
0.0113843 0.0698594 0.130262 0.00589494 0.535541 0.0208041 9.9991E-005 0.0124079 0.213747
9.99731E-005 0.0741303 0.0834161 0.0251345 0.593287 0.121652 9.99731E-005 9.99731E-005 0.102079
9.9973E-005 0.00877951 0.109162 9.9973E-005 0.491689 0.0689733 9.9973E-005 0.0494758 0.27162
9.99641E-005 9.99641E-005 0.234613 0.570376 0.0556833 0.0278738 9.99641E-005 9.99641E-005 0.111053
9.99551E-005 9.99551E-005 0.840684 0.105614 0.0297011 0.023501 9.99551E-005 9.99551E-005 9.99551E-005
9.99372E-005 9.99372E-005 0.86195 0.137351 9.99372E-005 9.99372E-005 9.99372E-005 9.99372E-005 9.99372E-005
9.99641E-005 9.99641E-005 0.586321 0.298688 0.0863114 0.00820563 0.0200749 9.99641E-005 9.99641E-005
9.99551E-005 9.99551E-005 0.820994 0.125303 9.99551E-005 9.99551E-005 0.00586079 0.0473421 9.99551E-005
9.993E-005 9.993E-005 9.993E-005 0.999201 9.993E-005 9.993E-005 9.993E-005 9.993E-005 9.993E-005
9.993E-005 9.993E-005 9.993E-005 0.999201 9.993E-005 9.993E-005 9.993E-005 9.993E-005 9.993E-005
9.993E-005 9.993E-005 9.993E-005 0.999201 9.993E-005 9.993E-005 9.993E-005 9.993E-005 9.993E-005
0.0186594 0.0411379 0.74216 0.112392 0.00560471 0.0539653 0.0258808 9.9982E-005 9.9982E-005
9.99461E-005 9.99461E-005 0.212748 0.775517 0.0111359 9.99461E-005 9.99461E-005 9.99461E-005 9.99461E-005
9.99461E-005 9.99461E-005 0.87735 0.0955458 9.99461E-005 9.99461E-005 9.99461E-005 9.99461E-005 0.0265044
9.993E-005 9.993E-005 9.993E-005 0.999201 9.993E-005 9.993E-005 9.993E-005 9.993E-005 9.993E-005
9.99551E-005 0.0149 0.682646 0.2094 0.0925538 9.99551E-005 9.99551E-005 9.99551E-005 9.99551E-005
9.993E-005 9.993E-005 9.993E-005 0.999201 9.993E-005 9.993E-005 9.993E-005 9.993E-005 9.993E-005
9.99461E-005 9.99461E-005 0.704087 0.152706 9.99461E-005 9.99461E-005 9.99461E-005 9.99461E-005 0.142608
9.99462E-005 9.99462E-005 0.673267 0.31411 9.99462E-005 9.99462E-005 0.0120235 9.99462E-005 9.99462E-005
0.0159114 9.99731E-005 0.735154 0.186623 9.99731E-005 0.0305004 0.0174199 9.99731E-005 0.0140913
9.99461E-005 9.99461E-005 0.781177 0.19966 0.0185627 9.99461E-005 9.99461E-005 9.99461E-005 9.99461E-005
9.99731E-005 0.075738 0.716012 0.172781 0.0228347 9.99731E-005 0.00771021 0.00462389 9.99731E-005
0.0138598 9.99731E-005 0.0720164 9.99731E-005 0.0920753 0.680427 0.0284009 9.99731E-005 0.112921
9.99371E-005 9.99371E-005 9.99371E-005 9.99371E-005 9.99371E-005 0.996973 9.99371E-005 0.00232751 9.99371E-005
0.0433033 9.99641E-005 9.99641E-005 0.018146 9.99641E-005 0.798763 0.00849295 9.99641E-005 0.130895
9.99462E-005 9.99462E-005 9.99462E-005 9.99462E-005 9.99462E-005 0.808386 9.99462E-005 0.0136242 0.17739
0.026671 9.99731E-005 0.0099718 0.00728504 9.99731E-005 0.743832 9.99731E-005 0.000562811 0.211377
9.99461E-005 0.0128476 9.99461E-005 9.99461E-005 9.99461E-005 0.95344 9.99461E-005 9.99461E-005 0.0331129
9.99372E-005 9.99372E-005 9.99372E-005 9.99372E-005 9.99372E-005 0.767934 9.99372E-005 9.99372E-005 0.231367
9.99641E-005 0.0861115 9.99641E-005 0.0209655 0.00161342 0.78222 9.99641E-005 9.99641E-005 0.10869
9.99461E-005 9.99461E-005 9.99461E-005 0.00893469 9.99461E-005 0.907601 9.99461E-005 9.99461E-005 0.082865
9.997E-005 0.672937 9.997E-005 0.0486089 0.0586622 0.10508 0.0783543 9.997E-005 0.0360582
9.993E-005 9.993E-005 9.993E-005 9.993E-005 9.993E-005 9.993E-005 9.993E-005 0.999201 9.993E-005
9.99458E-005 9.99458E-005 9.99458E-005 9.99458E-005 9.99458E-005 0.045956 0.0192209 0.934223 9.99458E-005
9.99372E-005 0.87167 9.99372E-005 9.99372E-005 9.99372E-005 9.99372E-005 9.99372E-005 9.99372E-005 0.127631
9.99458E-005 0.356419 9.99458E-005 9.99458E-005 9.99458E-005 9.99458E-005 0.0933742 0.549608 9.99458E-005
9.99461E-005 0.945028 9.99461E-005 0.0308736 9.99461E-005 0.0234985 9.99461E-005 9.99461E-005 9.99461E-005
0.0355976 0.804527 0.0850941 9.99641E-005 9.99641E-005 0.0514743 0.0229074 9.99641E-005 9.99641E-005
9.99551E-005 0.781604 9.99551E-005 0.0395821 0.0443691 0.133945 9.99551E-005 9.99551E-005 9.99551E-005
9.99462E-005 0.907015 9.99462E-005 9.99462E-005 0.0866455 9.99462E-005 0.00574019 9.99462E-005 9.99462E-005
9.99462E-005 0.922132 9.99462E-005 9.99462E-005 0.0683449 0.00892309 9.99462E-005 9.99462E-005 9.99462E-005
0.0527017 0.762023 9.9964E-005 0.0593645 9.9964E-005 9.9964E-005 0.0234985 9.9964E-005 0.102013
0.0135587 0.898713 9.99461E-005 9.99461E-005 0.0871289 9.99461E-005 9.99461E-005 9.99461E-005 9.99461E-005
9.99461E-005 0.98953 9.99461E-005 9.99461E-005 9.99461E-005 9.99461E-005 0.00773228 9.99461E-005 0.00213766
9.99371E-005 0.939133 0.0601679 9.99371E-005 9.99371E-005 9.99371E-005 9.99371E-005 9.99371E-005 9.99371E-005
0.234129 0.523201 0.183894 0.00625287 9.99641E-005 9.99641E-005 0.0521229 9.99641E-005 9.99641E-005
0.239258 0.521947 0.238195 9.99461E-005 9.99461E-005 9.99461E-005 9.99461E-005 9.99461E-005 9.99461E-005
0.21745 0.557484 0.0935011 0.0229794 9.99821E-005 0.0493606 0.0298826 9.99821E-005 0.0291414
0.571768 0.190511 0.0268104 0.0012687 9.99731E-005 9.99731E-005 0.199525 0.00981784 9.99731E-005
0.494326 0.131946 9.99551E-005 0.0541003 9.99551E-005 9.99551E-005 0.319128 9.99551E-005 9.99551E-005
0.999147 9.99372E-005 9.99372E-005 9.99372E-005 9.99372E-005 0.000153733 9.99372E-005 9.99372E-005 9.99372E-005
0.999201 9.993E-005 9.993E-005 9.993E-005 9.993E-005 9.993E-005 9.993E-005 9.993E-005 9.993E-005
0.557177 0.154975 0.108286 9.99551E-005 9.99551E-005 9.99551E-005 0.179063 9.99551E-005 9.99551E-005
0.539468 0.186621 0.0131658 9.99551E-005 9.99551E-005 9.99551E-005 0.260245 9.99551E-005 9.99551E-005
0.986118 9.99371E-005 9.99371E-005 9.99371E-005 9.99371E-005 9.99371E-005 9.99371E-005 9.99371E-005 0.0131829
0.999201 9.993E-005 9.993E-005 9.993E-005 9.993E-005 9.993E-005 9.993E-005 9.993E-005 9.993E-005
0.528465 0.174295 0.143551 9.99551E-005 9.99551E-005 9.99551E-005 0.153189 9.99551E-005 9.99551E-005
0.991703 9.99372E-005 9.99372E-005 9.99372E-005 9.99372E-005 0.00759756 9.99372E-005 9.99372E-005 9.99372E-005
0.999201 9.993E-005 9.993E-005 9.993E-005 9.993E-005 9.993E-005 9.993E-005 9.993E-005 9.993E-005
0.999201 9.993E-005 9.993E-005 9.993E-005 9.993E-005 9.993E-005 9.993E-005 9.993E-005 9.993E-005
0.988701 9.99372E-005 9.99372E-005 9.99372E-005 9.99372E-005 9.99372E-005 0.0105997 9.99372E-005 9.99372E-005
0.963843 9.99371E-005 9.99371E-005 0.0354577 9.99371E-005 9.99371E-005 9.99371E-005 9.99371E-005 9.99371E-005
9.99552E-005 9.99552E-005 0.898234 0.042539 9.99552E-005 0.0181614 9.99552E-005 9.99552E-005 0.0405662
0.00313844 9.9973E-005 9.9973E-005 0.0177963 0.00754471 0.84906 9.9973E-005 0.00601597 0.116144
9.99461E-005 9.99461E-005 9.99461E-005 0.0486339 9.99461E-005 0.919901 9.99461E-005 9.99461E-005 0.0308651
0.0505641 9.99372E-005 9.99372E-005 9.99372E-005 9.99372E-005 9.99372E-005 0.948736 9.99372E-005 9.99372E-005
0.0736851 9.99462E-005 9.99462E-005 9.99462E-005 9.99462E-005 9.99462E-005 0.912751 0.0129642 9.99462E-005
0.038341 9.99372E-005 9.99372E-005 9.99372E-005 9.99372E-005 9.99372E-005 0.960959 9.99372E-005 9.99372E-005
9.99372E-005 9.99372E-005 9.99372E-005 9.99372E-005 9.99372E-005 9.99372E-005 0.954901 9.99372E-005 0.0443993
9.99372E-005 0.0944334 9.99372E-005 9.99372E-005 9.99372E-005 9.99372E-005 0.904867 9.99372E-005 9.99372E-005
0.00860349 0.00602911 0.000327822 0.0313095 9.99641E-005 9.99641E-005 0.95333 9.99641E-005 9.99641E-005
0.0305026 9.99552E-005 9.99552E-005 0.0419385 9.99552E-005 9.99552E-005 0.920492 9.99552E-005 0.00656675
9.99551E-005 0.0445207 9.99551E-005 9.99551E-005 0.0128784 0.0302273 0.911874 9.99551E-005 9.99551E-005
9.99462E-005 0.0142206 0.0810331 9.99462E-005 9.99462E-005 9.99462E-005 0.904147 9.99462E-005 9.99462E-005
9.99461E-005 0.0201112 9.99461E-005 9.99461E-005 0.0532317 9.99461E-005 0.926057 9.99461E-005 9.99461E-005
9.99372E-005 9.99372E-005 9.99372E-005 9.99372E-005 9.99372E-005 9.99372E-005 0.978049 9.99372E-005 0.0212514
0.0413232 0.0157912 9.99551E-005 9.99551E-005 9.99551E-005 9.99551E-005 0.861584 0.0808014 9.99551E-005
9.99372E-005 0.0476326 9.99372E-005 9.99372E-005 9.99372E-005 9.99372E-005 0.951668 9.99372E-005 9.99372E-005
0.0295232 9.99371E-005 9.99371E-005 9.99371E-005 9.99371E-005 9.99371E-005 0.969777 9.99371E-005 9.99371E-005
0.00502542 0.00287711 0.0142674 9.99641E-005 0.0172824 9.99641E-005 0.960148 9.99641E-005 9.99641E-005
9.99551E-005 9.99551E-005 9.99551E-005 0.0213153 9.99551E-005 9.99551E-005 0.893918 0.0305028 0.0537642
0.0680723 9.99372E-005 9.99372E-005 9.99372E-005 9.99372E-005 9.99372E-005 0.931228 9.99372E-005 9.99372E-005
0.0216349 9.99462E-005 9.99462E-005 9.99462E-005 9.99462E-005 0.0273041 0.950461 9.99462E-005 9.99462E-005
0.00565196 0.0223174 9.99462E-005 9.99462E-005 9.99462E-005 9.99462E-005 0.971431 9.99462E-005 9.99462E-005
0.0426369 9.99551E-005 0.0766446 9.99551E-005 9.99551E-005 9.99551E-005 0.868376 0.0118427 9.99551E-005
0.0334425 9.99551E-005 0.0236549 9.99551E-005 9.99551E-005 9.99551E-005 0.938394 0.00400908 9.99551E-005
0.0320845 0.00671668 9.99641E-005 9.99641E-005 9.99641E-005 9.99641E-005 0.892544 0.00283264 0.0654227
9.99461E-005 9.99461E-005 9.99461E-005 9.99461E-005 0.0350587 9.99461E-005 0.961292 0.00304954 9.99461E-005
9.99551E-005 0.0969026 9.99551E-005 0.0239715 9.99551E-005 9.99551E-005 0.866839 0.011787 9.99551E-005
0.0216618 9.99461E-005 9.99461E-005 9.99461E-005 9.99461E-005 9.99461E-005 0.968969 9.99461E-005 0.00876925
9.99641E-005 0.00776386 9.99641E-005 0.0194899 0.0273338 9.99641E-005 0.916895 0.0281176 9.99641E-005
0.550554 0.149991 0.0291665 0.00438631 9.99731E-005 9.99731E-005 0.231727 9.99731E-005 0.0338749
0.334128 0.156703 0.333324 0.00845038 9.9973E-005 9.9973E-005 0.13276 0.0343352 9.9973E-005
0.389421 0.182165 0.0478847 0.0386081 9.99731E-005 0.0121961 0.329425 9.99731E-005 9.99731E-005
0.0299686 9.99731E-005 0.133933 9.99731E-005 0.0181748 0.0151289 9.99731E-005 0.0093295 0.793166
9.993E-005 9.993E-005 9.993E-005 9.993E-005 9.993E-005 9.993E-005 9.993E-005 9.993E-005 0.999201
9.99372E-005 0.00805075 9.99372E-005 9.99372E-005 9.99372E-005 9.99372E-005 9.99372E-005 9.99372E-005 0.99125
9.99371E-005 9.99371E-005 9.99371E-005 0.0174361 9.99371E-005 9.99371E-005 9.99371E-005 9.99371E-005 0.981864
9.99372E-005 9.99372E-005 9.99372E-005 9.99372E-005 9.99372E-005 0.0562236 9.99372E-005 9.99372E-005 0.943077
9.993E-005 9.993E-005 9.993E-005 9.993E-005 9.993E-005 9.993E-005 9.993E-005 9.993E-005 0.999201
0.0301894 9.99821E-005 0.10994 0.0503555 0.0800224 0.20277 9.99821E-005 0.0234992 0.503023
9.99461E-005 9.99461E-005 9.99461E-005 0.00520692 9.99461E-005 0.982947 9.99461E-005 0.0112466 9.99461E-005
9.993E-005 9.993E-005 9.993E-005 9.993E-005 9.993E-005 0.999201 9.993E-005 9.993E-005 9.993E-005
0.0338718 9.99731E-005 9.99731E-005 0.0711327 0.000416742 0.868581 0.00481154 9.99731E-005 0.0208864
9.99641E-005 9.99641E-005 0.329208 0.0417504 9.99641E-005 0.0380415 0.439321 9.99641E-005 0.151279
9.9991E-005 0.114932 0.145634 0.049381 0.453501 0.0511379 0.0566443 0.0865407 0.0421295
0.057659 9.99729E-005 9.99729E-005 0.0259303 0.109083 9.99729E-005 0.0447339 0.729055 0.0332387
0.13708 0.717267 0.00935438 0.0227052 9.99641E-005 9.99641E-005 0.113194 9.99641E-005 9.99641E-005
0.240824 0.652951 0.0133663 9.99551E-005 0.0923593 9.99551E-005 9.99551E-005 9.99551E-005 9.99551E-005
9.99367E-005 9.99367E-005 9.99367E-005 9.99367E-005 9.99367E-005 9.99367E-005 0.340354 0.658946 9.99367E-005
0.0174884 0.0154214 9.99641E-005 0.0166013 9.99641E-005 9.99641E-005 0.93463 9.99641E-005 0.0154587
9.99462E-005 9.99462E-005 9.99462E-005 9.99462E-005 9.99462E-005 0.000620897 0.970352 9.99462E-005 0.0284273
0.00807895 9.99731E-005 0.039341 0.00447177 0.00955281 9.99731E-005 0.888802 0.0494532 9.99731E-005
9.99372E-005 9.99372E-005 9.99372E-005 9.99372E-005 9.99372E-005 0.00608711 0.993213 9.99372E-005 9.99372E-005
9.99551E-005 0.019433 9.99551E-005 9.99551E-005 9.99551E-005 9.99551E-005 0.940021 0.0136432 0.0264033
0.0270626 0.0534692 9.99462E-005 9.99462E-005 9.99462E-005 9.99462E-005 0.918869 9.99462E-005 9.99462E-005
0.0274327 9.99551E-005 9.99551E-005 0.00762698 9.99551E-005 9.99551E-005 0.926825 9.99551E-005 0.0376152
9.99372E-005 9.99372E-005 9.99372E-005 0.00750372 9.99372E-005 9.99372E-005 0.991797 9.99372E-005 9.99372E-005
0.00819804 9.99551E-005 9.99551E-005 9.99551E-005 9.99551E-005 0.0590863 0.921637 0.0105793 9.99551E-005
0.0476624 9.99462E-005 9.99462E-005 9.99462E-005 9.99462E-005 0.0122234 0.939515 9.99462E-005 9.99462E-005
9.99373E-005 9.99373E-005 0.0292392 9.99373E-005 9.99373E-005 9.99373E-005 0.970061 9.99373E-005 9.99373E-005
0.00396629 9.99461E-005 0.0423664 9.99461E-005 9.99461E-005 9.99461E-005 0.953068 9.99461E-005 9.99461E-005
9.99372E-005 9.99372E-005 0.10493 9.99372E-005 9.99372E-005 9.99372E-005 0.89437 9.99372E-005 9.99372E-005
9.99462E-005 0.0226199 9.99462E-005 0.0386933 9.99462E-005 9.99462E-005 0.938087 9.99462E-005 9.99462E-005
9.99462E-005 0.064611 9.99462E-005 9.99462E-005 9.99462E-005 9.99462E-005 0.924122 0.0106673 9.99462E-005
0.0493258 9.99731E-005 0.585149 0.138512 0.0212117 0.00637551 9.99731E-005 9.99731E-005 0.199126
9.99551E-005 9.99551E-005 0.777651 0.0890298 0.105106 9.99551E-005 9.99551E-005 9.99551E-005 0.0277129
0.0256206 9.99641E-005 0.595541 0.124658 0.144642 0.10914 9.99641E-005 9.99641E-005 9.99641E-005
9.99462E-005 0.00129185 0.0118319 9.99462E-005 9.99462E-005 0.986277 9.99462E-005 9.99462E-005 9.99462E-005
9.99372E-005 9.99372E-005 9.99372E-005 0.0209877 9.99372E-005 0.978313 9.99372E-005 9.99372E-005 9.99372E-005
9.99552E-005 0.0135793 0.048296 9.99552E-005 9.99552E-005 0.907801 9.99552E-005 9.99552E-005 0.0298245
9.99551E-005 0.0350983 9.99551E-005 0.0283204 9.99551E-005 0.838257 9.99551E-005 9.99551E-005 0.097824
0.191933 0.737423 0.0579714 0.0121735 9.99552E-005 9.99552E-005 9.99552E-005 9.99552E-005 9.99552E-005
0.175459 0.743349 9.9964E-005 0.0181022 9.9964E-005 9.9964E-005 9.9964E-005 9.9964E-005 0.0625896
0.24416 0.443224 0.185581 9.9982E-005 9.9982E-005 0.000132918 0.0141516 0.0397859 0.0727648
0.00727329 9.99731E-005 0.756661 0.112868 0.0436302 0.0182885 9.99731E-005 9.99731E-005 0.0609794
9.99641E-005 9.99641E-005 0.892923 0.0580416 0.0151082 0.00412669 9.99641E-005 0.0294007 9.99641E-005
0.0159264 0.0759852 0.680885 0.0555275 0.0896556 9.9982E-005 0.0368709 9.9982E-005 0.0449499
0.0170122 9.99641E-005 0.902379 0.037341 9.99641E-005 9.99641E-005 0.0241736 0.0186941 9.99641E-005
