0.0439298 9.99551E-005 0.00356999 9.99551E-005 0.946037 0.00596346 9.99551E-005 9.99551E-005 9.99551E-005
9.993E-005 9.993E-005 9.993E-005 9.993E-005 0.999201 9.993E-005 9.993E-005 9.993E-005 9.993E-005
9.99461E-005 9.99461E-005 9.99461E-005 9.99461E-005 0.913918 0.0184898 9.99461E-005 9.99461E-005 0.0669931
0.103848 9.99641E-005 9.99641E-005 0.0142296 0.722181 0.0070787 0.152262 9.99641E-005 9.99641E-005
0.116104 9.99461E-005 9.99461E-005 9.99461E-005 0.881738 0.00155852 9.99461E-005 9.99461E-005 9.99461E-005
9.993E-005 9.993E-005 9.993E-005 9.993E-005 0.999201 9.993E-005 9.993E-005 9.993E-005 9.993E-005
9.993E-005 9.993E-005 9.993E-005 9.993E-005 0.999201 9.993E-005 9.993E-005 9.993E-005 9.993E-005
0.0761251 0.0325982 9.99641E-005 0.129146 0.752585 9.99641E-005 9.99641E-005 9.99641E-005 0.00914584
9.99461E-005 9.99461E-005 9.99461E-005 9.99461E-005 0.86395 9.99461E-005 0.0746906 0.0607595 9.99461E-005
9.994E-005 9.994E-005 9.994E-005 9.994E-005 0.871621 9.994E-005 9.994E-005 0.10523 0.0225488
9.99461E-005 0.0664746 9.99461E-005 9.99461E-005 0.880256 9.99461E-005 9.99461E-005 0.05267 9.99461E-005
0.14994 9.99641E-005 9.99641E-005 0.028658 0.593803 0.106651 9.99641E-005 9.99641E-005 0.120548
0.0404666 9.99731E-005 9.99731E-005 0.123905 0.693968 0.00916229 0.0226971 9.99731E-005 0.109502
0.144624 9.99731E-005 0.0370085 9.99731E-005 0.656581 9.99731E-005 0.0554656 0.0269933 0.0790272
0.0716471 0.0649781 9.99821E-005 0.169863 0.41983 0.0238422 0.161904 9.99821E-005 0.0877361
0.0167723 9.9982E-005 0.00414366 0.0509559 0.479661 0.0415491 0.0675848 9.9982E-005 0.339134
0.1198 9.99641E-005 9.99641E-005 9.99641E-005 0.587695 0.0363935 0.104717 9.99641E-005 0.150995
0.0879019 0.0713351 0.00792082 9.9973E-005 0.497535 0.0100394 9.9973E-005 9.9973E-005 0.324968
0.0415035 9.99641E-005 9.99641E-005 9.99641E-005 0.0740708 0.653203 0.069171 9.99641E-005 0.161652
0.0415276 9.99641E-005 9.99641E-005 0.132721 0.107806 0.332297 9.99641E-005 9.99641E-005 0.385248
0.0146678 0.00954741 9.99641E-005 0.12508 9.99641E-005 0.387557 9.99641E-005 9.99641E-005 0.462748
0.0159645 9.99731E-005 9.99731E-005 0.107904 0.107711 0.483015 9.99731E-005 0.0376708 0.247435
9.9973E-005 0.065559 9.9973E-005 0.157198 0.0073514 0.351416 9.9973E-005 0.033237 0.384939
9.993E-005 9.993E-005 9.993E-005 9.993E-005 9.993E-005 0.999201 9.993E-005 9.993E-005 9.993E-005
9.993E-005 9.993E-005 9.993E-005 9.993E-005 9.993E-005 0.999201 9.993E-005 9.993E-005 9.993E-005
9.993E-005 9.993E-005 9.993E-005 9.993E-005 9.993E-005 0.999201 9.993E-005 9.993E-005 9.993E-005
0.0543285 9.9982E-005 0.0198304 9.9982E-005 0.0327011 0.315392 0.124351 0.0493177 0.40388
9.9964E-005 9.9964E-005 0.0102279 0.0246706 0.0201756 0.896313 9.9964E-005 9.9964E-005 0.048213
9.9973E-005 0.0359703 9.9973E-005 0.0910914 0.0170966 0.303739 0.0445671 9.9973E-005 0.507235
9.993E-005 9.993E-005 9.993E-005 9.993E-005 9.993E-005 0.999201 9.993E-005 9.993E-005 9.993E-005
9.99551E-005 9.99551E-005 9.99551E-005 0.223058 0.13715 0.401502 9.99551E-005 9.99551E-005 0.237789
9.993E-005 9.993E-005 9.993E-005 9.993E-005 9.993E-005 0.999201 9.993E-005 9.993E-005 9.993E-005
9.99551E-005 9.99551E-005 9.99551E-005 0.0771394 0.0109921 0.363125 9.99551E-005 9.99551E-005 0.548244
9.99731E-005 9.99731E-005 0.00044929 0.100742 0.0479463 0.534961 9.99731E-005 0.0188467 0.296755
0.030847 9.99641E-005 9.99641E-005 0.177327 9.99641E-005 0.398561 9.99641E-005 0.0128072 0.380057
9.99551E-005 9.99551E-005 9.99551E-005 0.121601 0.0774247 0.405942 9.99551E-005 9.99551E-005 0.394532
9.9982E-005 0.0243718 9.9982E-005 0.0743198 0.0938862 0.344642 0.0846349 0.0264647 0.351481
0.726883 9.99641E-005 9.99641E-005 0.0246277 0.0876082 9.99641E-005 9.99641E-005 0.0332856 0.127196
0.999201 9.993E-005 9.993E-005 9.993E-005 9.993E-005 9.993E-005 9.993E-005 9.993E-005 9.993E-005
0.787171 9.99731E-005 0.0419207 9.99731E-005 0.0101285 0.0215735 9.99731E-005 0.0208469 0.11806
0.81896 0.0138809 9.99462E-005 9.99462E-005 9.99462E-005 9.99462E-005 9.99462E-005 9.99462E-005 0.166559
0.732594 0.00738217 0.0170351 9.99641E-005 9.99641E-005 0.0156318 9.99641E-005 9.99641E-005 0.226957
0.96976 9.99461E-005 9.99461E-005 9.99461E-005 9.99461E-005 9.99461E-005 0.0240172 9.99461E-005 0.00562281
0.771668 9.99372E-005 9.99372E-005 9.99372E-005 9.99372E-005 9.99372E-005 9.99372E-005 9.99372E-005 0.227633
0.803576 9.99731E-005 9.99731E-005 0.0133773 0.0364027 0.00998051 0.0618947 9.99731E-005 0.0744692
0.985607 9.99461E-005 9.99461E-005 9.99461E-005 9.99461E-005 0.00514145 9.99461E-005 9.99461E-005 0.00865171
0.0884337 9.99731E-005 9.99731E-005 0.136761 0.113414 0.0289694 0.559949 0.0721733 9.99731E-005
9.993E-005 0.999201 9.993E-005 9.993E-005 9.993E-005 9.993E-005 9.993E-005 9.993E-005 9.993E-005
0.040408 0.926712 9.99458E-005 9.99458E-005 9.99458E-005 9.99458E-005 9.99458E-005 0.0322807 9.99458E-005
9.99462E-005 9.99462E-005 0.00387224 9.99462E-005 9.99462E-005 9.99462E-005 0.945388 9.99462E-005 0.0501401
9.99548E-005 0.552519 9.99548E-005 0.00314808 9.99548E-005 9.99548E-005 0.32956 0.114273 9.99548E-005
9.99372E-005 9.99372E-005 9.99372E-005 9.99372E-005 9.99372E-005 0.0217224 0.977578 9.99372E-005 9.99372E-005
0.0465958 9.99731E-005 0.0265282 0.101291 9.99731E-005 0.0163847 0.800354 0.00854612 9.99731E-005
0.108312 0.0157984 9.99731E-005 0.122657 0.0374514 0.0352064 0.680275 9.99731E-005 9.99731E-005
9.994E-005 9.994E-005 9.994E-005 9.994E-005 0.0246416 9.994E-005 0.971296 0.00346287 9.994E-005
9.99372E-005 9.99372E-005 9.99372E-005 9.99372E-005 0.0163585 9.99372E-005 0.982942 9.99372E-005 9.99372E-005
9.99551E-005 9.99551E-005 0.0548828 9.99551E-005 9.99551E-005 0.0493931 0.835757 9.99551E-005 0.0594672
9.99461E-005 9.99461E-005 0.00433773 9.99461E-005 0.01924 9.99461E-005 0.975823 9.99461E-005 9.99461E-005
9.99371E-005 9.99371E-005 9.99371E-005 9.99371E-005 9.99371E-005 9.99371E-005 0.986472 0.012828 9.99371E-005
9.99461E-005 9.99461E-005 9.99461E-005 0.0419084 9.99461E-005 9.99461E-005 0.95319 9.99461E-005 0.00430211
9.99461E-005 9.99461E-005 0.00707873 0.970199 9.99461E-005 0.0221225 9.99461E-005 9.99461E-005 9.99461E-005
0.0149913 9.99641E-005 0.0243955 0.925121 9.99641E-005 0.0123247 9.99641E-005 9.99641E-005 0.0227676
0.0537986 9.99731E-005 0.032805 0.814506 0.00599466 0.00545396 0.0871417 9.99731E-005 9.99731E-005
9.99461E-005 9.99461E-005 0.358541 0.498739 9.99461E-005 9.99461E-005 9.99461E-005 0.14212 9.99461E-005
9.99551E-005 9.99551E-005 0.360051 0.288378 9.99551E-005 0.0492363 9.99551E-005 0.301835 9.99551E-005
9.99372E-005 9.99372E-005 0.984164 9.99372E-005 9.99372E-005 9.99372E-005 0.0151367 9.99372E-005 9.99372E-005
9.993E-005 9.993E-005 0.999201 9.993E-005 9.993E-005 9.993E-005 9.993E-005 9.993E-005 9.993E-005
0.0156716 9.99641E-005 0.417045 0.408795 9.99641E-005 0.00338135 9.99641E-005 0.154707 9.99641E-005
9.99551E-005 9.99551E-005 0.420062 0.313092 9.99551E-005 9.99551E-005 0.020732 0.245615 9.99551E-005
9.99371E-005 9.99371E-005 0.966918 9.99371E-005 9.99371E-005 9.99371E-005 9.99371E-005 9.99371E-005 0.0323823
9.993E-005 9.993E-005 0.999201 9.993E-005 9.993E-005 9.993E-005 9.993E-005 9.993E-005 9.993E-005
9.99551E-005 9.99551E-005 0.351163 0.52123 9.99551E-005 0.0156355 9.99551E-005 0.111472 9.99551E-005
0.0128852 9.99461E-005 0.982264 9.99461E-005 9.99461E-005 9.99461E-005 0.00425121 9.99461E-005 9.99461E-005
9.99461E-005 0.00959877 0.977062 0.0127399 9.99461E-005 9.99461E-005 9.99461E-005 9.99461E-005 9.99461E-005
9.993E-005 9.993E-005 0.999201 9.993E-005 9.993E-005 9.993E-005 9.993E-005 9.993E-005 9.993E-005
9.99371E-005 9.99371E-005 0.912355 0.0869453 9.99371E-005 9.99371E-005 9.99371E-005 9.99371E-005 9.99371E-005
9.99371E-005 9.99371E-005 0.961784 9.99371E-005 9.99371E-005 0.0375164 9.99371E-005 9.99371E-005 9.99371E-005
9.99641E-005 0.0191097 9.99641E-005 0.117427 0.00259978 0.258333 9.99641E-005 9.99641E-005 0.60213
0.873264 0.0126392 9.9973E-005 0.018465 0.0313207 0.00902416 9.9973E-005 9.9973E-005 0.0549868
0.943829 9.99551E-005 9.99551E-005 9.99551E-005 0.00530473 0.0462642 9.99551E-005 9.99551E-005 0.00410193
9.99372E-005 9.99372E-005 0.0397681 9.99372E-005 9.99372E-005 9.99372E-005 9.99372E-005 0.959532 9.99372E-005
9.99462E-005 0.00623093 0.0738235 9.99462E-005 9.99462E-005 9.99462E-005 9.99462E-005 0.919346 9.99462E-005
9.99372E-005 9.99372E-005 0.0424071 9.99372E-005 9.99372E-005 9.99372E-005 9.99372E-005 0.956893 9.99372E-005
9.99461E-005 9.99461E-005 9.99461E-005 9.99461E-005 9.99461E-005 9.99461E-005 0.0381921 0.946199 0.0150097
9.99552E-005 9.99552E-005 0.0312872 0.00389146 9.99552E-005 9.99552E-005 0.0269857 0.937336 9.99552E-005
9.99551E-005 9.99551E-005 0.00628993 0.0181243 9.99551E-005 0.0270841 9.99551E-005 0.948002 9.99551E-005
9.99552E-005 9.99552E-005 0.00644248 9.99552E-005 9.99552E-005 0.0600426 9.99552E-005 0.928955 0.00406
0.0220739 9.99641E-005 0.0100401 9.99641E-005 0.0219575 9.99641E-005 0.0269489 0.91858 9.99641E-005
0.00581683 9.99641E-005 9.99641E-005 9.99641E-005 9.99641E-005 0.0298437 0.02085 0.931455 0.0116349
9.99551E-005 9.99551E-005 9.99551E-005 9.99551E-005 0.0295126 9.99551E-005 0.032699 0.935815 0.0014732
9.99372E-005 9.99372E-005 9.99372E-005 9.99372E-005 9.99372E-005 9.99372E-005 9.99372E-005 0.95686 0.0424407
9.99551E-005 0.0319999 0.0221358 9.99551E-005 9.99551E-005 9.99551E-005 0.0707513 0.874613 9.99551E-005
9.99372E-005 9.99372E-005 9.99372E-005 9.99372E-005 9.99372E-005 9.99372E-005 0.0674235 0.931877 9.99372E-005
9.99461E-005 9.99461E-005 0.0273147 9.99461E-005 9.99461E-005 9.99461E-005 0.0130946 0.958991 9.99461E-005
9.99372E-005 9.99372E-005 9.99372E-005 0.0757534 9.99372E-005 9.99372E-005 9.99372E-005 0.923547 9.99372E-005
9.99551E-005 0.0251608 9.99551E-005 9.99551E-005 9.99551E-005 0.00936134 9.99551E-005 0.912569 0.0524091
9.99372E-005 9.99372E-005 0.0695248 9.99372E-005 9.99372E-005 9.99372E-005 9.99372E-005 0.929776 9.99372E-005
0.047224 9.99372E-005 9.99372E-005 9.99372E-005 9.99372E-005 9.99372E-005 9.99372E-005 0.952076 9.99372E-005
9.99462E-005 9.99462E-005 9.99462E-005 0.0460635 9.99462E-005 9.99462E-005 0.00602953 0.947307 9.99462E-005
9.99731E-005 0.0316978 0.0398935 0.00185532 9.99731E-005 0.0207809 9.99731E-005 0.879572 0.0259009
9.99551E-005 0.0137114 0.0105139 9.99551E-005 9.99551E-005 0.0130932 9.99551E-005 0.962182 9.99551E-005
9.99551E-005 9.99551E-005 0.00179915 0.0746851 9.99551E-005 9.99551E-005 9.99551E-005 0.872118 0.0508984
9.99461E-005 0.00798571 9.99461E-005 9.99461E-005 0.0379686 9.99461E-005 9.99461E-005 0.953446 9.99461E-005
9.99641E-005 0.0270292 9.99641E-005 0.00226246 9.99641E-005 0.0278138 0.100326 0.842169 9.99641E-005
9.99371E-005 9.99371E-005 9.99371E-005 0.0471732 9.99371E-005 9.99371E-005 9.99371E-005 0.952127 9.99371E-005
9.99641E-005 0.0199561 9.99641E-005 9.99641E-005 0.0173416 0.0284935 0.0171872 0.916622 9.99641E-005
9.99461E-005 9.99461E-005 0.308821 0.553225 9.99461E-005 9.99461E-005 9.99461E-005 0.137354 9.99461E-005
9.9973E-005 0.0174721 0.185543 0.506052 9.9973E-005 0.0726146 9.9973E-005 0.103656 0.114362
9.99552E-005 9.99552E-005 0.269085 0.399589 9.99552E-005 0.0270316 9.99552E-005 0.303795 9.99552E-005
0.0569967 9.99641E-005 0.0459081 9.99641E-005 0.00327371 0.0135509 9.99641E-005 9.99641E-005 0.879871
9.993E-005 9.993E-005 9.993E-005 9.993E-005 9.993E-005 9.993E-005 9.993E-005 9.993E-005 0.999201
0.0392679 9.99461E-005 9.99461E-005 9.99461E-005 9.99461E-005 9.99461E-005 0.0357066 9.99461E-005 0.924426
9.9937E-005 9.9937E-005 9.9937E-005 9.9937E-005 9.9937E-005 0.0107399 9.9937E-005 9.9937E-005 0.98856
0.0789579 9.99372E-005 9.99372E-005 9.99372E-005 9.99372E-005 9.99372E-005 9.99372E-005 9.99372E-005 0.920343
9.993E-005 9.993E-005 9.993E-005 9.993E-005 9.993E-005 9.993E-005 9.993E-005 9.993E-005 0.999201
0.171491 0.000696949 0.0294207 9.99821E-005 0.0771941 0.068726 0.0465087 9.99821E-005 0.605762
0.982592 0.0167083 9.99372E-005 9.99372E-005 9.99372E-005 9.99372E-005 9.99372E-005 9.99372E-005 9.99372E-005
0.999201 9.993E-005 9.993E-005 9.993E-005 9.993E-005 9.993E-005 9.993E-005 9.993E-005 9.993E-005
0.89184 9.99641E-005 0.0185644 9.99641E-005 0.00531284 0.0772066 9.99641E-005 0.00667668 9.99641E-005
9.99462E-005 9.99462E-005 9.99462E-005 9.99462E-005 9.99462E-005 0.114917 9.99462E-005 0.478155 0.406329
0.0493841 0.079405 9.9982E-005 9.9982E-005 0.430938 0.108477 0.10753 0.0739299 0.150136
0.00854248 0.712558 0.0679396 9.998E-005 0.089688 0.0244907 9.998E-005 0.0639753 0.0326064
9.99461E-005 9.99461E-005 9.99461E-005 0.893121 9.99461E-005 9.99461E-005 0.0504131 0.0558667 9.99461E-005
9.99551E-005 9.99551E-005 0.046491 0.858143 0.0752023 9.99551E-005 0.0196634 9.99551E-005 9.99551E-005
9.99367E-005 0.649243 9.99367E-005 9.99367E-005 9.99367E-005 9.99367E-005 9.99367E-005 0.350058 9.99367E-005
9.99552E-005 9.99552E-005 0.011306 9.99552E-005 9.99552E-005 9.99552E-005 0.050606 0.928494 0.00909401
0.0174506 9.99552E-005 9.99552E-005 9.99552E-005 9.99552E-005 9.99552E-005 0.0153686 0.948119 0.0185623
0.00906894 0.0719382 0.0133024 9.99731E-005 9.99731E-005 0.0165265 9.99731E-005 0.875245 0.0136194
0.0181972 9.99372E-005 9.99372E-005 9.99372E-005 9.99372E-005 9.99372E-005 9.99372E-005 0.981103 9.99372E-005
9.99551E-005 0.00916937 9.99551E-005 9.99551E-005 9.99551E-005 9.99551E-005 0.0488782 0.919741 0.0217113
9.99551E-005 0.00719732 0.00433222 0.0503421 9.99551E-005 9.99551E-005 9.99551E-005 0.937629 9.99551E-005
9.99551E-005 9.99551E-005 0.0302948 9.99551E-005 0.00922812 9.99551E-005 0.0159737 0.944004 9.99551E-005
9.993E-005 9.993E-005 9.993E-005 9.993E-005 9.993E-005 9.993E-005 9.993E-005 0.999201 9.993E-005
0.0373916 9.99551E-005 0.0035979 9.99551E-005 9.99551E-005 0.0174666 9.99551E-005 0.941044 9.99551E-005
9.99372E-005 9.99372E-005 0.0742745 9.99372E-005 9.99372E-005 9.99372E-005 9.99372E-005 0.925026 9.99372E-005
0.0094866 9.99552E-005 9.99552E-005 0.00859997 9.99552E-005 9.99552E-005 9.99552E-005 0.961455 0.0199582
9.99461E-005 9.99461E-005 0.0265087 9.99461E-005 9.99461E-005 9.99461E-005 9.99461E-005 0.938524 0.0343674
0.0175953 9.99641E-005 0.00506192 9.99641E-005 9.99641E-005 0.00492442 9.99641E-005 0.90744 0.0645784
9.99551E-005 9.99551E-005 9.99551E-005 9.99551E-005 9.99551E-005 0.0348465 0.00264755 0.953996 0.00801005
9.99462E-005 0.00608032 9.99462E-005 9.99462E-005 9.99462E-005 9.99462E-005 0.0715167 0.921803 9.99462E-005
9.99641E-005 9.99641E-005 0.0816599 9.99641E-005 0.0988148 0.274525 9.99641E-005 0.0379649 0.506635
0.0126071 9.99731E-005 9.99731E-005 0.0898966 0.159005 0.284037 9.99731E-005 0.0194703 0.434683
0.134976 0.012012 0.0266626 0.0768926 0.240937 0.292844 9.9991E-005 0.0130324 0.202544
0.986038 9.99372E-005 9.99372E-005 0.013262 9.99372E-005 9.99372E-005 9.99372E-005 9.99372E-005 9.99372E-005
0.997763 9.99372E-005 9.99372E-005 9.99372E-005 9.99372E-005 9.99372E-005 0.00153758 9.99372E-005 9.99372E-005
0.923131 9.99462E-005 9.99462E-005 9.99462E-005 9.99462E-005 9.99462E-005 0.06272 9.99462E-005 0.0135496
0.874179 9.99641E-005 9.99641E-005 0.0240628 9.99641E-005 0.0400498 0.0197117 9.99641E-005 0.0415963
9.993E-005 9.993E-005 9.993E-005 0.999201 9.993E-005 9.993E-005 9.993E-005 9.993E-005 9.993E-005
9.99371E-005 9.99371E-005 9.99371E-005 0.958552 9.99371E-005 9.99371E-005 0.0407482 9.99371E-005 9.99371E-005
0.0247957 9.99461E-005 9.99461E-005 0.905139 9.99461E-005 9.99461E-005 9.99461E-005 9.99461E-005 0.0694652
0.0122382 9.99731E-005 9.99731E-005 0.139861 0.0969256 0.27958 9.99731E-005 0.0143512 0.456744
9.99641E-005 0.0183158 9.99641E-005 0.206868 0.0235288 0.288199 9.99641E-005 9.99641E-005 0.462689
0.0195285 9.99731E-005 9.99731E-005 0.160858 0.161105 0.195658 9.99731E-005 0.0811945 0.381356
9.9973E-005 0.0402692 9.9973E-005 0.223592 0.0192676 0.268249 9.9973E-005 0.0237186 0.424603
