0.0104913 0.0283724 0.000818023 0.0258499 0.00305066 9.99731E-005 0.00921634 9.99731E-005 9.99731E-005 0.921901
9.99281E-005 9.99281E-005 9.99281E-005 0.00726931 9.99281E-005 9.99281E-005 9.99281E-005 9.99281E-005 9.99281E-005 0.991931
9.99371E-005 0.0846811 9.99371E-005 0.0366546 9.99371E-005 9.99371E-005 9.99371E-005 9.99371E-005 9.99371E-005 0.877965
0.11078 9.99551E-005 9.99551E-005 9.99551E-005 9.99551E-005 0.00837505 0.0632664 0.0848547 9.99551E-005 0.732224
9.99461E-005 0.0176782 9.99461E-005 0.00246004 9.99461E-005 9.99461E-005 0.100855 9.99461E-005 9.99461E-005 0.878408
9.99201E-005 9.99201E-005 9.99201E-005 9.99201E-005 9.99201E-005 9.99201E-005 9.99201E-005 9.99201E-005 9.99201E-005 0.999101
9.99281E-005 9.99281E-005 9.99281E-005 0.0156687 9.99281E-005 9.99281E-005 9.99281E-005 9.99281E-005 9.99281E-005 0.983532
0.00894026 9.99641E-005 9.99641E-005 9.99641E-005 0.00406706 0.111687 0.0391062 0.0773414 9.99641E-005 0.758459
0.0671548 9.99461E-005 9.99461E-005 9.99461E-005 9.99461E-005 9.99461E-005 9.99461E-005 0.0244819 0.0592988 0.848465
9.99371E-005 9.99371E-005 9.99371E-005 9.99371E-005 9.99371E-005 9.99371E-005 9.99371E-005 0.0860008 0.0875741 0.825726
9.99371E-005 9.99371E-005 9.99371E-005 9.99371E-005 0.0413989 9.99371E-005 9.99371E-005 9.99371E-005 0.0698671 0.888034
9.99641E-005 0.0850568 9.99641E-005 0.0597255 9.99641E-005 0.0194804 0.112956 0.155916 9.99641E-005 0.566465
9.99551E-005 0.0888401 9.99551E-005 9.99551E-005 9.99551E-005 0.145387 0.056437 0.0468522 9.99551E-005 0.661984
0.0830635 0.109688 0.030895 9.99642E-005 9.99642E-005 9.99642E-005 0.116276 9.99642E-005 0.0211748 0.638502
0.143324 0.0436429 0.0163288 9.9982E-005 0.0952286 0.127858 0.0829758 0.106185 9.9982E-005 0.384257
0.0500094 0.164987 0.00157339 9.9982E-005 0.00868683 0.052192 0.049234 0.174224 9.9982E-005 0.498894
0.0727691 0.107193 9.99551E-005 9.99551E-005 9.99551E-005 9.99551E-005 0.0797426 0.168739 9.99551E-005 0.571056
9.9964E-005 0.246176 0.00133979 9.9964E-005 0.07819 9.9964E-005 0.09421 0.0899519 9.9964E-005 0.489733
0.0222261 0.0903864 9.99641E-005 0.536962 9.99641E-005 9.99641E-005 0.0432704 0.244562 9.99641E-005 0.0621931
9.99461E-005 9.99461E-005 9.99461E-005 0.0377544 9.99461E-005 9.99461E-005 0.0138523 0.898206 9.99461E-005 0.0495872
9.99372E-005 9.99372E-005 9.99372E-005 0.101418 9.99372E-005 9.99372E-005 0.00933301 0.888549 9.99372E-005 9.99372E-005
9.99641E-005 9.99641E-005 9.99641E-005 0.254385 9.99641E-005 0.000133146 0.0160685 0.616622 0.0269336 0.0854576
9.99461E-005 9.99461E-005 9.99461E-005 0.0546003 0.0514628 9.99461E-005 9.99461E-005 0.874423 0.0189144 9.99461E-005
9.99201E-005 9.99201E-005 9.99201E-005 0.999101 9.99201E-005 9.99201E-005 9.99201E-005 9.99201E-005 9.99201E-005 9.99201E-005
9.99201E-005 9.99201E-005 9.99201E-005 0.999101 9.99201E-005 9.99201E-005 9.99201E-005 9.99201E-005 9.99201E-005 9.99201E-005
9.99201E-005 9.99201E-005 9.99201E-005 0.999101 9.99201E-005 9.99201E-005 9.99201E-005 9.99201E-005 9.99201E-005 9.99201E-005
0.0860612 0.0214418 0.0131884 0.0760078 9.99731E-005 9.99731E-005 0.0616937 0.722541 0.0187666 9.99731E-005
9.99371E-005 9.99371E-005 9.99371E-005 0.774472 9.99371E-005 9.99371E-005 9.99371E-005 0.21147 9.99371E-005 0.0133582
0.0406844 0.00589702 9.99461E-005 0.0152502 9.99461E-005 9.99461E-005 9.99461E-005 0.937569 9.99461E-005 9.99461E-005
9.99201E-005 9.99201E-005 9.99201E-005 0.999101 9.99201E-005 9.99201E-005 9.99201E-005 9.99201E-005 9.99201E-005 9.99201E-005
9.99461E-005 9.99461E-005 9.99461E-005 0.192633 9.99461E-005 0.0858961 9.99461E-005 0.633832 9.99461E-005 0.0870394
9.99201E-005 9.99201E-005 9.99201E-005 0.999101 9.99201E-005 9.99201E-005 9.99201E-005 9.99201E-005 9.99201E-005 9.99201E-005
9.99371E-005 0.121093 9.99371E-005 0.101764 9.99371E-005 9.99371E-005 9.99371E-005 0.776444 9.99371E-005 9.99371E-005
9.99462E-005 9.99462E-005 0.00846793 0.263854 9.99462E-005 9.99462E-005 9.99462E-005 0.725042 0.00203574 9.99462E-005
9.99641E-005 0.0340533 9.99641E-005 0.163851 9.99641E-005 0.0580402 0.0360551 0.681626 0.0259745 9.99641E-005
9.99461E-005 9.99461E-005 9.99461E-005 0.127085 9.99461E-005 0.0167399 9.99461E-005 0.845669 9.99461E-005 0.0099065
0.0926769 9.99731E-005 0.00679551 0.119013 0.0038076 9.99731E-005 9.99731E-005 0.742271 0.00409481 0.0310411
9.99641E-005 0.133386 9.99641E-005 9.99641E-005 9.99641E-005 0.0319603 0.673332 0.0491182 0.0388155 0.0729878
9.99201E-005 9.99201E-005 9.99201E-005 9.99201E-005 9.99201E-005 9.99201E-005 0.999101 9.99201E-005 9.99201E-005 9.99201E-005
9.99551E-005 0.160499 0.0421238 0.0236498 9.99551E-005 9.99551E-005 0.76669 9.99551E-005 0.00653819 9.99551E-005
9.99372E-005 0.114814 9.99372E-005 9.99372E-005 0.0187616 9.99372E-005 0.865725 9.99372E-005 9.99372E-005 9.99372E-005
9.99551E-005 0.202309 0.0214725 0.0260879 9.99551E-005 0.0153797 0.734251 9.99551E-005 9.99551E-005 9.99551E-005
0.00665086 0.0364663 9.99371E-005 9.99371E-005 9.99371E-005 9.99371E-005 0.956183 9.99371E-005 9.99371E-005 9.99371E-005
9.99461E-005 0.231589 0.00778882 9.99461E-005 9.99461E-005 9.99461E-005 0.750854 0.00916804 9.99461E-005 9.99461E-005
0.0723876 0.0736366 9.996E-005 0.0250854 9.996E-005 9.996E-005 0.784796 0.0122753 9.996E-005 0.0314196
9.99372E-005 0.0512622 9.99372E-005 0.0217046 9.99372E-005 9.99372E-005 0.926334 9.99372E-005 9.99372E-005 9.99372E-005
0.563812 9.99641E-005 9.99641E-005 0.034495 9.99641E-005 0.131873 0.0770003 9.99641E-005 0.0762561 0.116164
9.99201E-005 9.99201E-005 9.99201E-005 9.99201E-005 0.999101 9.99201E-005 9.99201E-005 9.99201E-005 9.99201E-005 9.99201E-005
9.99368E-005 9.99368E-005 9.99368E-005 9.99368E-005 0.916952 9.99368E-005 0.0654456 9.99368E-005 0.016903 9.99368E-005
0.922205 0.0769952 9.99282E-005 9.99282E-005 9.99282E-005 9.99282E-005 9.99282E-005 9.99282E-005 9.99282E-005 9.99282E-005
0.324491 9.99458E-005 9.99458E-005 9.99458E-005 0.559044 0.00547597 9.99458E-005 9.99458E-005 0.11039 9.99458E-005
0.977043 9.99282E-005 9.99282E-005 0.0221575 9.99282E-005 9.99282E-005 9.99282E-005 9.99282E-005 9.99282E-005 9.99282E-005
0.823932 9.99551E-005 0.0319348 9.99551E-005 9.99551E-005 9.99551E-005 0.00630661 0.113984 0.0233425 9.99551E-005
0.716747 9.99731E-005 9.99731E-005 0.0353898 0.00828768 0.0599881 0.130881 9.99731E-005 0.0153824 0.0330234
0.96213 9.99283E-005 9.99283E-005 9.99283E-005 9.99283E-005 9.99283E-005 9.99283E-005 9.99283E-005 9.99283E-005 0.0370707
0.960492 9.99372E-005 9.99372E-005 9.99372E-005 9.99372E-005 9.99372E-005 0.0178047 9.99372E-005 9.99372E-005 0.0210038
0.813987 0.0817662 0.0424591 0.0551199 9.99551E-005 9.99551E-005 9.99551E-005 9.99551E-005 0.00616842 9.99551E-005
0.933999 9.99372E-005 0.010097 9.99372E-005 9.99372E-005 9.99372E-005 9.99372E-005 9.99372E-005 9.99372E-005 0.0552043
0.999101 9.99201E-005 9.99201E-005 9.99201E-005 9.99201E-005 9.99201E-005 9.99201E-005 9.99201E-005 9.99201E-005 9.99201E-005
0.983036 9.99282E-005 9.99282E-005 9.99282E-005 9.99282E-005 9.99282E-005 9.99282E-005 0.0161645 9.99282E-005 9.99282E-005
9.99372E-005 9.99372E-005 9.99372E-005 0.0126411 9.99372E-005 0.947468 9.99372E-005 0.0391918 9.99372E-005 9.99372E-005
9.99551E-005 0.0160274 0.0164139 9.99551E-005 9.99551E-005 0.886818 9.99551E-005 0.0774085 9.99551E-005 0.00283239
9.99283E-005 9.99283E-005 9.99283E-005 9.99283E-005 9.99283E-005 0.92561 0.0735909 9.99283E-005 9.99283E-005 9.99283E-005
9.99372E-005 9.99372E-005 0.390349 9.99372E-005 9.99372E-005 0.465636 9.99372E-005 9.99372E-005 0.143315 9.99372E-005
9.99461E-005 9.99461E-005 0.371858 0.0368315 9.99461E-005 0.30128 9.99461E-005 9.99461E-005 0.289431 9.99461E-005
0.0171787 9.99372E-005 0.977436 9.99372E-005 9.99372E-005 9.99372E-005 0.00468558 9.99372E-005 9.99372E-005 9.99372E-005
9.99201E-005 9.99201E-005 0.999101 9.99201E-005 9.99201E-005 9.99201E-005 9.99201E-005 9.99201E-005 9.99201E-005 9.99201E-005
9.99462E-005 9.99462E-005 0.407684 9.99462E-005 9.99462E-005 0.418433 9.99462E-005 0.0419189 0.131364 9.99462E-005
0.0360253 9.99461E-005 0.416208 9.99461E-005 9.99461E-005 0.323209 9.99461E-005 9.99461E-005 0.223957 9.99461E-005
9.99371E-005 0.0500913 0.941425 9.99371E-005 9.99371E-005 0.00778439 9.99371E-005 9.99371E-005 9.99371E-005 9.99371E-005
9.99201E-005 9.99201E-005 0.999101 9.99201E-005 9.99201E-005 9.99201E-005 9.99201E-005 9.99201E-005 9.99201E-005 9.99201E-005
9.99461E-005 9.99461E-005 0.363148 9.99461E-005 9.99461E-005 0.45952 9.99461E-005 0.0629778 0.113755 9.99461E-005
0.011805 9.99372E-005 0.985844 9.99372E-005 9.99372E-005 9.99372E-005 0.00165173 9.99372E-005 9.99372E-005 9.99372E-005
9.99281E-005 9.99281E-005 0.981554 9.99281E-005 9.99281E-005 0.0176469 9.99281E-005 9.99281E-005 9.99281E-005 9.99281E-005
9.99201E-005 9.99201E-005 0.999101 9.99201E-005 9.99201E-005 9.99201E-005 9.99201E-005 9.99201E-005 9.99201E-005 9.99201E-005
9.99371E-005 9.99371E-005 0.951402 9.99371E-005 9.99371E-005 0.0476314 9.99371E-005 9.99371E-005 0.000267062 9.99371E-005
9.99371E-005 9.99371E-005 0.956242 0.0410015 9.99371E-005 9.99371E-005 9.99371E-005 9.99371E-005 0.00205666 9.99371E-005
9.99283E-005 0.0542957 9.99283E-005 9.99283E-005 9.99283E-005 9.99283E-005 9.99283E-005 0.944905 9.99283E-005 9.99283E-005
9.99551E-005 0.0878075 9.99551E-005 0.0339501 0.0142772 9.99551E-005 0.846198 9.99551E-005 9.99551E-005 0.0172673
9.99282E-005 9.99282E-005 9.99282E-005 0.0558913 9.99282E-005 9.99282E-005 0.943309 9.99282E-005 9.99282E-005 9.99282E-005
9.99461E-005 9.99461E-005 0.0358157 0.00161593 9.99461E-005 0.0116581 9.99461E-005 9.99461E-005 0.950311 9.99461E-005
9.99372E-005 9.99372E-005 0.0673733 9.99372E-005 0.0186005 9.99372E-005 9.99372E-005 9.99372E-005 0.913327 9.99372E-005
9.99282E-005 9.99282E-005 0.0448086 9.99282E-005 9.99282E-005 9.99282E-005 9.99282E-005 9.99282E-005 0.954392 9.99282E-005
0.0103162 0.0334084 9.99372E-005 9.99372E-005 9.99372E-005 9.99372E-005 9.99372E-005 9.99372E-005 0.955576 9.99372E-005
0.0329839 9.99462E-005 0.00174795 9.99462E-005 9.99462E-005 0.0369496 9.99462E-005 9.99462E-005 0.927719 9.99462E-005
9.99371E-005 9.99371E-005 9.99371E-005 0.0307074 9.99371E-005 0.0164141 9.99371E-005 9.99371E-005 0.952179 9.99371E-005
9.99373E-005 9.99373E-005 9.99373E-005 0.0529534 9.99373E-005 9.99373E-005 9.99373E-005 0.0102379 0.936109 9.99373E-005
0.0441902 9.99551E-005 0.0128067 9.99551E-005 9.99551E-005 0.015323 0.0330952 9.99551E-005 0.894085 9.99551E-005
9.99282E-005 9.99282E-005 9.99282E-005 9.99282E-005 9.99282E-005 9.99282E-005 9.99282E-005 0.0767158 0.922485 9.99282E-005
0.0635692 0.0203461 9.99461E-005 0.000122881 9.99461E-005 9.99461E-005 9.99461E-005 9.99461E-005 0.915362 9.99461E-005
9.99372E-005 0.0302402 9.99372E-005 0.00143477 9.99372E-005 9.99372E-005 9.99372E-005 9.99372E-005 0.967626 9.99372E-005
0.0626412 9.99551E-005 0.0368089 0.00795201 0.0163998 9.99551E-005 9.99551E-005 9.99551E-005 0.875698 9.99551E-005
0.0723909 9.99282E-005 9.99282E-005 9.99282E-005 9.99282E-005 9.99282E-005 9.99282E-005 9.99282E-005 0.92681 9.99282E-005
0.000549908 9.99371E-005 0.0528058 9.99371E-005 9.99371E-005 9.99371E-005 9.99371E-005 9.99371E-005 0.945945 9.99371E-005
9.99282E-005 9.99282E-005 9.99282E-005 9.99282E-005 9.99282E-005 0.0641062 9.99282E-005 9.99282E-005 0.935094 9.99282E-005
9.99461E-005 0.0665554 9.99461E-005 0.0150951 0.02863 9.99461E-005 9.99461E-005 9.99461E-005 0.88912 9.99461E-005
9.99282E-005 9.99282E-005 0.0724928 9.99282E-005 9.99282E-005 9.99282E-005 9.99282E-005 9.99282E-005 0.926708 9.99282E-005
9.99462E-005 0.0178243 0.00918865 9.99462E-005 9.99462E-005 9.99462E-005 0.021273 9.99462E-005 0.951114 9.99462E-005
9.99283E-005 9.99283E-005 9.99283E-005 9.99283E-005 9.99283E-005 0.0275675 9.99283E-005 9.99283E-005 0.971633 9.99283E-005
9.99461E-005 9.99461E-005 0.0100532 9.99461E-005 0.0139561 9.99461E-005 9.99461E-005 0.0892177 0.886173 9.99461E-005
9.99462E-005 9.99462E-005 0.0259562 9.99462E-005 9.99462E-005 9.99462E-005 9.99462E-005 0.0123696 0.951635 0.00943974
9.99551E-005 0.0533883 0.020737 9.99551E-005 0.00366339 0.035185 9.99551E-005 9.99551E-005 0.886527 9.99551E-005
9.99282E-005 9.99282E-005 9.99282E-005 9.99282E-005 9.99282E-005 9.99282E-005 9.99282E-005 9.99282E-005 0.962738 0.036463
0.103835 9.99461E-005 9.99461E-005 0.0240403 9.99461E-005 0.0115786 9.99461E-005 9.99461E-005 0.859946 9.99461E-005
9.99282E-005 9.99282E-005 9.99282E-005 9.99282E-005 9.99282E-005 0.0391085 9.99282E-005 9.99282E-005 0.960092 9.99282E-005
0.0407 9.99551E-005 9.99551E-005 0.0221974 0.0156467 9.99551E-005 9.99551E-005 9.99551E-005 0.89646 0.0244963
9.99371E-005 9.99371E-005 0.319861 9.99371E-005 9.99371E-005 0.558434 9.99371E-005 9.99371E-005 0.121005 9.99371E-005
9.99461E-005 9.99461E-005 0.208016 9.99461E-005 9.99461E-005 0.420727 9.99461E-005 0.273126 0.0975314 9.99461E-005
9.99552E-005 9.99552E-005 0.300821 0.0109842 9.99552E-005 0.353229 9.99552E-005 0.0381174 0.296349 9.99552E-005
9.99641E-005 0.778698 0.0333668 9.99641E-005 0.000155901 9.99641E-005 0.0103138 0.141515 9.99641E-005 0.0355503
9.99201E-005 0.999101 9.99201E-005 9.99201E-005 9.99201E-005 9.99201E-005 9.99201E-005 9.99201E-005 9.99201E-005 9.99201E-005
0.0187645 0.972132 9.99372E-005 0.00840387 9.99372E-005 9.99372E-005 9.99372E-005 9.99372E-005 9.99372E-005 9.99372E-005
9.99281E-005 0.990245 9.99281E-005 0.00895512 9.99281E-005 9.99281E-005 9.99281E-005 9.99281E-005 9.99281E-005 9.99281E-005
9.99282E-005 0.940558 9.99282E-005 9.99282E-005 9.99282E-005 9.99282E-005 0.0586423 9.99282E-005 9.99282E-005 9.99282E-005
9.99201E-005 0.999101 9.99201E-005 9.99201E-005 9.99201E-005 9.99201E-005 9.99201E-005 9.99201E-005 9.99201E-005 9.99201E-005
9.99731E-005 0.517355 0.0230421 0.0538495 0.0244678 9.99731E-005 0.190034 0.0653669 9.99731E-005 0.125585
9.99282E-005 9.99282E-005 9.99282E-005 9.99282E-005 0.0182464 9.99282E-005 0.980954 9.99282E-005 9.99282E-005 9.99282E-005
9.99201E-005 9.99201E-005 9.99201E-005 9.99201E-005 9.99201E-005 9.99201E-005 0.999101 9.99201E-005 9.99201E-005 9.99201E-005
9.99551E-005 9.99551E-005 0.0206728 0.0786719 9.99551E-005 0.00703218 0.86064 9.99551E-005 9.99551E-005 0.0324838
9.99552E-005 0.110132 9.99552E-005 0.0115538 9.99552E-005 9.99552E-005 0.034764 0.397859 0.445191 9.99552E-005
0.180322 0.0672768 9.998E-005 0.0326111 0.0658459 9.998E-005 0.0281094 0.165104 0.0477845 0.412746
9.99638E-005 0.028337 0.0461496 0.0285345 0.741897 9.99638E-005 9.99638E-005 9.99638E-005 0.0502385 0.104443
0.0286072 9.99371E-005 9.99371E-005 9.99371E-005 9.99371E-005 0.924998 9.99371E-005 9.99371E-005 0.0456957 9.99371E-005
0.00398112 9.99461E-005 0.017034 9.99461E-005 9.99461E-005 0.910264 9.99461E-005 9.99461E-005 9.99461E-005 0.068121
9.99276E-005 9.99276E-005 9.99276E-005 9.99276E-005 0.683454 9.99276E-005 9.99276E-005 9.99276E-005 0.315746 9.99276E-005
0.0426945 0.001548 9.99552E-005 9.99552E-005 9.99552E-005 9.99552E-005 0.010023 0.00973072 0.935504 9.99552E-005
0.0076778 0.00654412 9.99462E-005 9.99462E-005 9.99462E-005 9.99462E-005 0.0186382 9.99462E-005 0.96654 9.99462E-005
9.99602E-005 9.99602E-005 9.99602E-005 9.99602E-005 0.0408037 0.0226915 9.99602E-005 0.0235605 0.882746 0.0296982
9.99372E-005 9.99372E-005 9.99372E-005 9.99372E-005 0.0198591 9.99372E-005 0.0102312 9.99372E-005 0.96921 9.99372E-005
0.0617409 0.0197727 9.99461E-005 9.99461E-005 0.0029812 9.99461E-005 9.99461E-005 9.99461E-005 0.914905 9.99461E-005
9.99462E-005 9.99462E-005 0.00235562 9.99462E-005 0.00913856 0.0698453 9.99462E-005 9.99462E-005 0.918061 9.99462E-005
9.99372E-005 0.0492477 0.0219852 9.99372E-005 9.99372E-005 9.99372E-005 9.99372E-005 9.99372E-005 0.928068 9.99372E-005
9.99283E-005 9.99283E-005 9.99283E-005 0.00791769 9.99283E-005 9.99283E-005 9.99283E-005 9.99283E-005 0.991283 9.99283E-005
9.99462E-005 9.99462E-005 0.0137602 9.99462E-005 9.99462E-005 0.0168446 0.0502421 9.99462E-005 0.918553 9.99462E-005
9.99372E-005 9.99372E-005 0.0555701 9.99372E-005 9.99372E-005 9.99372E-005 0.0042424 9.99372E-005 0.939488 9.99372E-005
9.99462E-005 9.99462E-005 9.99462E-005 9.99462E-005 9.99462E-005 0.0106966 0.0205609 9.99462E-005 0.965068 0.0030747
9.99551E-005 0.000207306 0.0173935 9.99551E-005 9.99551E-005 9.99551E-005 0.022474 0.0255567 0.933869 9.99551E-005
9.99372E-005 9.99372E-005 9.99372E-005 9.99372E-005 9.99372E-005 9.99372E-005 0.00401274 0.0856109 0.909677 9.99372E-005
0.0102915 9.99462E-005 9.99462E-005 0.02105 9.99462E-005 9.99462E-005 9.99462E-005 0.0132609 0.954798 9.99462E-005
0.0896934 9.99372E-005 9.99372E-005 9.99372E-005 9.99372E-005 9.99372E-005 9.99372E-005 0.0216401 0.887967 9.99372E-005
9.99731E-005 0.149081 0.0588861 0.0550743 9.99731E-005 9.99731E-005 0.00891841 0.695237 0.00260789 0.0298947
9.99641E-005 0.00908594 0.0146347 0.0319245 9.99641E-005 9.99641E-005 0.0233624 0.815255 9.99641E-005 0.105337
9.99551E-005 9.99551E-005 0.0284678 0.102459 9.99551E-005 9.99551E-005 0.0901982 0.601764 9.99551E-005 0.176611
0.00734696 9.99282E-005 9.99282E-005 9.99282E-005 9.99282E-005 9.99282E-005 0.991854 9.99282E-005 9.99282E-005 9.99282E-005
9.99282E-005 9.99282E-005 9.99282E-005 0.0263632 9.99282E-005 9.99282E-005 0.972837 9.99282E-005 9.99282E-005 9.99282E-005
0.0488756 9.99372E-005 9.99372E-005 9.99372E-005 9.99372E-005 9.99372E-005 0.918631 0.0317939 9.99372E-005 9.99372E-005
0.0157707 0.0486275 9.99551E-005 0.0437272 9.99551E-005 0.0295219 0.861853 9.99551E-005 9.99551E-005 9.99551E-005
9.99201E-005 9.99201E-005 9.99201E-005 9.99201E-005 9.99201E-005 0.999101 9.99201E-005 9.99201E-005 9.99201E-005 9.99201E-005
9.99371E-005 0.016037 9.99371E-005 0.00317251 9.99371E-005 0.980091 9.99371E-005 9.99371E-005 9.99371E-005 9.99371E-005
9.99462E-005 0.0523303 9.99462E-005 9.99462E-005 9.99462E-005 0.910602 0.0113055 0.0251627 9.99462E-005 9.99462E-005
0.0210631 0.0535882 0.00543558 0.0495697 9.99731E-005 9.99731E-005 0.0350659 0.822432 9.99731E-005 0.0125455
9.99551E-005 9.99551E-005 9.99551E-005 9.99551E-005 0.0201094 0.0106793 0.00823974 0.946547 9.99551E-005 0.0139245
0.0142697 0.032059 0.000761444 9.99731E-005 9.99731E-005 0.0882802 9.99731E-005 0.735644 0.0347469 0.0939388
9.99551E-005 9.99551E-005 9.99551E-005 0.00198734 0.0320662 0.0774121 9.99551E-005 0.880318 0.00771688 9.99551E-005
