0.00814507 0.925073 9.9982E-005 0.00598266 0.0153951 9.9982E-005 0.0317682 0.0134355
9.99461E-005 0.989376 9.99461E-005 9.99461E-005 0.0100242 9.99461E-005 9.99461E-005 9.99461E-005
9.99461E-005 0.955085 9.99461E-005 9.99461E-005 0.0443149 9.99461E-005 9.99461E-005 9.99461E-005
9.99641E-005 0.719036 9.99641E-005 0.068523 0.0301284 9.99641E-005 0.181913 9.99641E-005
9.99551E-005 0.875373 9.99551E-005 0.106164 0.0179628 9.99551E-005 9.99551E-005 9.99551E-005
9.994E-005 0.9993 9.994E-005 9.994E-005 9.994E-005 9.994E-005 9.994E-005 9.994E-005
9.99461E-005 0.99753 9.99461E-005 9.99461E-005 0.00187071 9.99461E-005 9.99461E-005 9.99461E-005
0.0189255 0.761388 0.116312 0.0524455 9.9982E-005 9.9982E-005 0.0369746 0.0137541
9.99551E-005 0.854106 9.99551E-005 9.99551E-005 9.99551E-005 0.0683402 0.0770539 9.99551E-005
9.99461E-005 0.889911 9.99461E-005 9.99461E-005 9.99461E-005 0.109489 9.99461E-005 9.99461E-005
0.087275 0.850073 9.99551E-005 9.99551E-005 9.99551E-005 0.0621521 9.99551E-005 9.99551E-005
9.99731E-005 0.627248 0.02348 0.211197 0.116765 9.99731E-005 0.0210109 9.99731E-005
0.0111223 0.748939 0.127304 0.0815397 0.0307941 9.99731E-005 9.99731E-005 9.99731E-005
9.99731E-005 0.667407 9.99731E-005 0.187445 9.99731E-005 0.0206987 0.0805544 0.0435946
0.0686317 0.437838 0.180055 0.125635 0.0252575 9.9991E-005 0.157099 0.00538436
0.0176123 0.571237 0.105245 0.201165 0.0616398 9.9982E-005 0.0429009 9.9982E-005
9.99641E-005 0.656454 9.99641E-005 0.196486 0.0519034 9.99641E-005 0.0947566 9.99641E-005
0.0757904 0.615801 9.9982E-005 0.260305 0.0270831 9.9982E-005 0.0144555 0.00636508
9.99731E-005 0.112914 9.99731E-005 0.130312 0.685285 9.99731E-005 0.0599334 0.0112564
9.99641E-005 0.218887 0.184647 0.228087 0.367979 9.99641E-005 9.99641E-005 9.99641E-005
0.00965821 0.0995529 0.168644 0.274373 0.447472 9.99731E-005 9.99731E-005 9.99731E-005
9.99731E-005 0.163528 0.158385 0.14057 0.516286 0.0209308 9.99731E-005 9.99731E-005
0.0850094 0.0977257 0.213047 0.180446 0.404522 0.0190502 9.9982E-005 9.9982E-005
9.994E-005 9.994E-005 9.994E-005 9.994E-005 0.9993 9.994E-005 9.994E-005 9.994E-005
9.994E-005 9.994E-005 9.994E-005 9.994E-005 0.9993 9.994E-005 9.994E-005 9.994E-005
9.994E-005 9.994E-005 9.994E-005 9.994E-005 0.9993 9.994E-005 9.994E-005 9.994E-005
9.999E-005 0.158102 0.0211031 0.270769 0.355363 0.0581967 0.111103 0.0252639
9.99551E-005 0.0521397 9.99551E-005 9.99551E-005 0.929603 9.99551E-005 9.99551E-005 0.0177573
0.0431246 0.213031 0.185298 0.177001 0.361606 9.9982E-005 0.0197395 9.9982E-005
9.994E-005 9.994E-005 9.994E-005 9.994E-005 0.9993 9.994E-005 9.994E-005 9.994E-005
9.99641E-005 0.215971 0.241537 0.0985978 0.443494 9.99641E-005 9.99641E-005 9.99641E-005
9.994E-005 9.994E-005 9.994E-005 9.994E-005 0.9993 9.994E-005 9.994E-005 9.994E-005
9.99641E-005 0.154071 0.152382 0.278827 0.414321 9.99641E-005 9.99641E-005 9.99641E-005
9.9982E-005 0.102658 0.167425 0.150679 0.573976 0.00490289 9.9982E-005 0.000159164
9.99641E-005 0.09578 0.2265 0.227499 0.449821 9.99641E-005 9.99641E-005 9.99641E-005
9.99641E-005 0.188464 0.173527 0.184842 0.452767 9.99641E-005 9.99641E-005 9.99641E-005
0.0286788 0.181995 0.157823 0.170789 0.388312 0.00901516 0.0632864 9.9991E-005
9.99641E-005 0.0932187 0.0465624 0.81973 9.99641E-005 0.0400895 9.99641E-005 9.99641E-005
9.994E-005 9.994E-005 9.994E-005 0.9993 9.994E-005 9.994E-005 9.994E-005 9.994E-005
9.99731E-005 0.0368104 9.99731E-005 0.855385 0.0354093 0.0204095 9.99731E-005 0.0516856
0.0340705 0.0168543 9.99551E-005 0.948575 9.99551E-005 9.99551E-005 9.99551E-005 9.99551E-005
0.00713341 0.0241444 9.9982E-005 0.88888 0.0382855 9.9982E-005 0.0187996 0.0225568
9.99461E-005 9.99461E-005 9.99461E-005 0.983593 9.99461E-005 9.99461E-005 0.0158075 9.99461E-005
9.99462E-005 9.99462E-005 9.99462E-005 0.97887 9.99462E-005 9.99462E-005 9.99462E-005 0.0205303
9.99731E-005 0.0242735 0.00480082 0.857774 0.0197406 9.99731E-005 0.0931111 9.99731E-005
9.99551E-005 9.99551E-005 9.99551E-005 0.983015 0.0127095 9.99551E-005 9.99551E-005 0.00377595
9.9982E-005 0.0896494 0.12467 0.0879207 0.0370855 0.0952637 0.565211 9.9982E-005
0.9993 9.994E-005 9.994E-005 9.994E-005 9.994E-005 9.994E-005 9.994E-005 9.994E-005
0.913948 9.99548E-005 9.99548E-005 0.040192 9.99548E-005 0.0453606 9.99548E-005 9.99548E-005
9.99552E-005 9.99552E-005 9.99552E-005 0.0339851 9.99552E-005 9.99552E-005 0.964197 0.00131841
0.534606 9.99548E-005 9.99548E-005 9.99548E-005 9.99548E-005 0.125336 0.339558 9.99548E-005
9.994E-005 9.994E-005 9.994E-005 9.994E-005 9.994E-005 9.994E-005 0.9993 9.994E-005
9.9982E-005 9.9982E-005 0.042618 0.0425901 0.0269401 0.027687 0.812053 0.0479123
0.00025335 0.0157496 0.0516943 0.118232 0.0239225 0.00842412 0.781624 9.9991E-005
9.99552E-005 0.0113453 9.99552E-005 9.99552E-005 9.99552E-005 0.00968225 0.978473 9.99552E-005
9.99462E-005 0.0015223 9.99462E-005 9.99462E-005 9.99462E-005 9.99462E-005 0.997878 9.99462E-005
9.9964E-005 9.9964E-005 9.9964E-005 0.0204449 0.0582624 9.9964E-005 0.854174 0.0667191
9.99551E-005 0.0284524 9.99551E-005 9.99551E-005 9.99551E-005 9.99551E-005 0.959946 0.0111022
9.99461E-005 9.99461E-005 9.99461E-005 9.99461E-005 9.99461E-005 0.00284939 0.996551 9.99461E-005
9.99461E-005 9.99461E-005 0.0396503 9.99461E-005 9.99461E-005 9.99461E-005 0.95975 9.99461E-005
9.99551E-005 9.99551E-005 0.949546 9.99551E-005 0.0369083 9.99551E-005 9.99551E-005 0.0130463
9.99731E-005 0.00955464 0.933766 0.00756716 0.0211865 9.99731E-005 9.99731E-005 0.0276261
9.99731E-005 9.99731E-005 0.75328 0.0535871 0.0238739 9.99731E-005 0.126625 0.0423345
9.99551E-005 9.99551E-005 0.481719 9.99551E-005 9.99551E-005 0.131092 9.99551E-005 0.38669
9.99641E-005 9.99641E-005 0.305142 9.99641E-005 0.0361643 0.309173 9.99641E-005 0.349121
9.994E-005 9.994E-005 9.994E-005 9.994E-005 9.994E-005 9.994E-005 9.994E-005 0.9993
9.994E-005 9.994E-005 9.994E-005 9.994E-005 9.994E-005 9.994E-005 9.994E-005 0.9993
9.99641E-005 9.99641E-005 0.417833 9.99641E-005 0.0105228 0.15632 9.99641E-005 0.414924
9.99641E-005 9.99641E-005 0.299967 9.99641E-005 9.99641E-005 0.252725 0.0251471 0.421762
9.99551E-005 0.018921 9.99551E-005 0.0161898 9.99551E-005 9.99551E-005 9.99551E-005 0.964389
9.994E-005 9.994E-005 9.994E-005 9.994E-005 9.994E-005 9.994E-005 9.994E-005 0.9993
9.99641E-005 9.99641E-005 0.524287 9.99641E-005 0.0065204 0.111255 9.99641E-005 0.357537
9.99551E-005 9.99551E-005 9.99551E-005 0.000130678 9.99551E-005 9.99551E-005 0.0175003 0.981869
0.0136019 9.9955E-005 0.00218772 9.9955E-005 9.9955E-005 9.9955E-005 9.9955E-005 0.983711
9.994E-005 9.994E-005 9.994E-005 9.994E-005 9.994E-005 9.994E-005 9.994E-005 0.9993
9.99551E-005 9.99551E-005 0.0772799 9.99551E-005 9.99551E-005 0.010815 9.99551E-005 0.911405
9.99461E-005 9.99461E-005 9.99461E-005 9.99461E-005 0.0352602 9.99461E-005 9.99461E-005 0.96414
0.0112453 0.187495 0.183971 0.321442 0.295547 9.99731E-005 9.99731E-005 9.99731E-005
0.0226489 0.0147747 0.012777 0.916527 0.0329722 9.9973E-005 9.9973E-005 9.9973E-005
9.99461E-005 9.99461E-005 9.99461E-005 0.929965 0.0694355 9.99461E-005 9.99461E-005 9.99461E-005
9.99461E-005 9.99461E-005 9.99461E-005 9.99461E-005 9.99461E-005 0.957515 9.99461E-005 0.0418849
9.99462E-005 9.99462E-005 9.99462E-005 9.99462E-005 9.99462E-005 0.92683 9.99462E-005 0.0725707
9.99462E-005 9.99462E-005 9.99462E-005 9.99462E-005 9.99462E-005 0.9595 9.99462E-005 0.0398999
9.99551E-005 9.99551E-005 9.99551E-005 0.00579787 9.99551E-005 0.962099 0.0316036 9.99551E-005
9.99641E-005 9.99641E-005 0.00401556 9.99641E-005 9.99641E-005 0.929949 0.0474159 0.01822
9.99551E-005 9.99551E-005 0.0478039 9.99551E-005 0.00851902 0.943177 9.99551E-005 9.99551E-005
9.99552E-005 9.99552E-005 9.99552E-005 9.99552E-005 0.064159 0.921191 9.99552E-005 0.0141507
9.99641E-005 0.0048014 9.99641E-005 9.99641E-005 9.99641E-005 0.915028 0.0591109 0.0206594
9.99641E-005 9.99641E-005 9.99641E-005 0.01331 0.028697 0.916476 0.0411168 9.99641E-005
9.99551E-005 0.0262225 9.99551E-005 9.99551E-005 9.99551E-005 0.938471 0.0348068 9.99551E-005
9.99552E-005 9.99552E-005 0.0179436 0.0115603 9.99552E-005 0.969996 9.99552E-005 9.99552E-005
0.0349404 9.99641E-005 9.99641E-005 9.99641E-005 9.99641E-005 0.878337 0.0680773 0.0182458
9.99461E-005 9.99461E-005 9.99461E-005 9.99461E-005 9.99461E-005 0.927414 0.0719862 9.99461E-005
9.99551E-005 9.99551E-005 9.99551E-005 9.99551E-005 9.99551E-005 0.958589 0.0118966 0.0290145
9.99461E-005 9.99461E-005 0.0783117 9.99461E-005 9.99461E-005 0.921089 9.99461E-005 9.99461E-005
0.0190806 0.0326781 9.99731E-005 0.00261123 0.0240115 0.921319 9.99731E-005 9.99731E-005
9.99461E-005 9.99461E-005 9.99461E-005 9.99461E-005 9.99461E-005 0.935224 9.99461E-005 0.0641763
9.99551E-005 9.99551E-005 9.99551E-005 0.0465288 9.99551E-005 0.952461 9.99551E-005 0.000510072
9.99552E-005 9.99552E-005 0.0359557 9.99552E-005 9.99552E-005 0.953328 0.010217 9.99552E-005
0.00869774 9.99731E-005 0.0300119 9.99731E-005 0.0376158 0.889033 9.99731E-005 0.0343412
0.00440061 9.99641E-005 9.99641E-005 9.99641E-005 0.0154059 0.964525 9.99641E-005 0.0152685
9.99731E-005 0.0204957 0.0916871 0.00549786 9.99731E-005 0.881557 9.99731E-005 0.00046231
9.99551E-005 0.038089 9.99551E-005 9.99551E-005 9.99551E-005 0.959869 9.99551E-005 0.00154217
0.0188279 9.9973E-005 0.0059272 9.9973E-005 0.0185495 0.846213 0.110183 9.9973E-005
9.99461E-005 9.99461E-005 0.0422558 9.99461E-005 9.99461E-005 0.957144 9.99461E-005 9.99461E-005
0.032367 0.00349813 9.9973E-005 9.9973E-005 0.031447 0.914941 0.0174465 9.9973E-005
9.99551E-005 9.99551E-005 0.547672 9.99551E-005 9.99551E-005 0.1335 9.99551E-005 0.318328
0.0294049 9.9973E-005 0.607585 9.9973E-005 0.114343 0.0761026 9.9973E-005 0.172265
9.99641E-005 9.99641E-005 0.408626 9.99641E-005 0.0359859 0.299332 9.99641E-005 0.255656
0.00593256 0.317265 0.00748137 0.578819 0.0220827 9.9982E-005 9.9982E-005 0.0682188
9.99551E-005 0.258254 0.0645439 0.676702 9.99551E-005 9.99551E-005 9.99551E-005 9.99551E-005
9.99821E-005 0.234984 0.0462106 0.655232 0.00451328 9.99821E-005 0.0540285 0.00483183
9.99641E-005 0.337947 9.99641E-005 0.57728 0.0660188 9.99641E-005 9.99641E-005 0.018354
9.99552E-005 0.261377 9.99552E-005 0.701385 9.99552E-005 9.99552E-005 9.99552E-005 0.0367383
9.99641E-005 0.345102 9.99641E-005 0.62228 0.00838995 9.99641E-005 0.023828 9.99641E-005
0.0204527 0.27396 0.0366156 0.528492 0.0945744 9.99821E-005 9.99821E-005 0.0457059
0.0119505 9.99461E-005 9.99461E-005 0.98745 9.99461E-005 9.99461E-005 9.99461E-005 9.99461E-005
9.994E-005 9.994E-005 9.994E-005 0.9993 9.994E-005 9.994E-005 9.994E-005 9.994E-005
9.99731E-005 0.00224174 9.99731E-005 0.885347 0.074834 0.00916921 9.99731E-005 0.0281084
9.99552E-005 9.99552E-005 9.99552E-005 0.311931 0.180152 0.507418 9.99552E-005 9.99552E-005
0.0838205 0.484829 9.9982E-005 0.125247 0.114413 0.0712867 0.120204 9.9982E-005
0.725472 0.100362 9.99819E-005 0.0134778 0.0320612 0.0553655 9.99819E-005 0.0730615
9.99551E-005 9.99551E-005 0.839417 9.99551E-005 9.99551E-005 0.0688747 0.0912081 9.99551E-005
9.99641E-005 0.0539547 0.843594 9.99641E-005 9.99641E-005 9.99641E-005 0.0749399 0.0271111
0.640436 9.99457E-005 9.99457E-005 9.99457E-005 9.99457E-005 0.358964 9.99457E-005 9.99457E-005
9.99552E-005 9.99552E-005 9.99552E-005 9.99552E-005 9.99552E-005 0.917768 0.07058 0.0111518
9.99552E-005 9.99552E-005 9.99552E-005 0.0320821 9.99552E-005 0.960803 0.00661499 9.99552E-005
0.0718282 0.00441778 0.0359568 0.0144581 0.000116634 0.873022 9.9982E-005 9.9982E-005
0.00617087 9.99462E-005 9.99462E-005 9.99462E-005 9.99462E-005 0.993229 9.99462E-005 9.99462E-005
9.99461E-005 9.99461E-005 9.99461E-005 9.99461E-005 9.99461E-005 0.927333 0.0720672 9.99461E-005
0.00764993 9.99641E-005 0.0568711 9.99641E-005 9.99641E-005 0.925117 9.99641E-005 0.0099619
9.99641E-005 9.99641E-005 9.99641E-005 0.00245644 9.99641E-005 0.946892 0.0116182 0.0386331
9.99462E-005 9.99462E-005 9.99462E-005 9.99462E-005 0.000380595 0.99902 9.99462E-005 9.99462E-005
9.99641E-005 9.99641E-005 9.99641E-005 0.0395372 0.0155475 0.934442 9.99641E-005 0.0100735
9.99551E-005 9.99551E-005 9.99551E-005 9.99551E-005 9.99551E-005 0.944073 0.0029818 0.0524456
9.99552E-005 9.99552E-005 0.020914 0.0176211 9.99552E-005 0.960965 9.99552E-005 9.99552E-005
9.99551E-005 9.99551E-005 9.99551E-005 0.0229339 9.99551E-005 0.944096 9.99551E-005 0.0324702
9.99731E-005 9.99731E-005 0.0142549 0.0602603 0.00717036 0.916046 9.99731E-005 0.00196812
9.99551E-005 9.99551E-005 0.0111185 9.99551E-005 0.0412778 0.947104 9.99551E-005 9.99551E-005
0.0178061 9.99552E-005 9.99552E-005 9.99552E-005 9.99552E-005 0.917529 0.0641649 9.99552E-005
9.99821E-005 0.22947 0.0781427 0.284589 0.304492 0.027426 9.99821E-005 0.0756808
9.99731E-005 0.283001 0.139373 0.242827 0.320829 0.0136712 9.99731E-005 9.99731E-005
9.9982E-005 0.304656 0.104289 0.237497 0.315656 0.0205398 9.9982E-005 0.0171628
9.99462E-005 9.99462E-005 9.99462E-005 0.964786 9.99462E-005 9.99462E-005 0.0346147 9.99462E-005
9.99551E-005 9.99551E-005 9.99551E-005 0.973803 0.010959 9.99551E-005 0.0147379 9.99551E-005
9.99462E-005 9.99462E-005 9.99462E-005 0.942234 9.99462E-005 9.99462E-005 0.0571659 9.99462E-005
9.99641E-005 9.99641E-005 0.00290503 0.900462 0.0600459 9.99641E-005 0.0361868 9.99641E-005
9.99461E-005 9.99461E-005 0.954028 9.99461E-005 9.99461E-005 9.99461E-005 0.0453726 9.99461E-005
9.99461E-005 9.99461E-005 0.890042 9.99461E-005 9.99461E-005 9.99461E-005 0.109359 9.99461E-005
9.99485E-005 9.99485E-005 0.916881 0.0825193 9.99485E-005 9.99485E-005 9.99485E-005 9.99485E-005
0.000149117 0.186789 0.237456 0.251599 0.323708 9.99731E-005 9.99731E-005 9.99731E-005
0.00818754 0.165174 0.287884 0.219954 0.3185 9.99731E-005 9.99731E-005 9.99731E-005
9.99731E-005 0.259221 0.247512 0.200899 0.238573 0.0534944 9.99731E-005 9.99731E-005
0.0342208 0.141548 0.300824 0.213226 0.30468 0.00530112 9.9982E-005 9.9982E-005
