9.9982E-005 0.0180149 0.00628414 0.000108945 0.0309761 9.9982E-005 0.944416
9.99551E-005 0.00405055 9.99551E-005 9.99551E-005 9.99551E-005 9.99551E-005 0.99545
9.99551E-005 0.0295283 9.99551E-005 9.99551E-005 9.99551E-005 9.99551E-005 0.969972
9.99731E-005 0.0363988 0.0764524 9.99731E-005 0.140794 9.99731E-005 0.746055
9.99641E-005 0.00479644 0.106231 9.99641E-005 9.99641E-005 9.99641E-005 0.888572
9.995E-005 9.995E-005 9.995E-005 9.995E-005 9.995E-005 9.995E-005 0.9994
9.99551E-005 0.0232526 9.99551E-005 9.99551E-005 9.99551E-005 9.99551E-005 0.976248
0.0300302 9.99731E-005 0.0570028 9.99731E-005 0.122707 9.99731E-005 0.78996
9.9973E-005 9.9973E-005 9.9973E-005 0.00275095 0.041723 0.0764292 0.878797
9.99551E-005 9.99551E-005 9.99551E-005 9.99551E-005 9.99551E-005 0.0980876 0.901413
9.99641E-005 9.99641E-005 9.99641E-005 0.0657017 9.99641E-005 0.058277 0.875621
9.99731E-005 0.132082 0.184296 9.99731E-005 0.0138997 9.99731E-005 0.669423
9.99821E-005 0.0191871 0.114455 9.99821E-005 0.145384 0.00288702 0.717888
0.0254577 9.99821E-005 0.205495 9.99821E-005 0.0491875 0.0462963 0.673364
0.057948 0.0386971 0.126847 0.0965803 0.227412 9.9991E-005 0.452416
0.0207293 0.0439229 0.214933 0.019674 0.0938046 9.9991E-005 0.606836
9.99731E-005 0.0669676 0.175563 9.99731E-005 0.0820462 9.99731E-005 0.675123
9.9982E-005 0.0306351 0.273631 0.0752453 0.0216904 9.9982E-005 0.598598
9.99731E-005 0.707188 0.123306 9.99731E-005 0.0141417 9.99731E-005 0.155064
9.999E-005 0.401958 0.206884 0.0128593 0.0164107 0.0365026 0.325286
9.99821E-005 0.481349 0.244111 0.0232247 0.0583903 9.99821E-005 0.192725
9.9982E-005 0.539191 0.145805 0.0144958 9.9982E-005 0.0657332 0.234575
9.9982E-005 0.44514 0.163458 0.0915269 9.9982E-005 0.0925892 0.207086
9.995E-005 0.9994 9.995E-005 9.995E-005 9.995E-005 9.995E-005 9.995E-005
9.995E-005 0.9994 9.995E-005 9.995E-005 9.995E-005 9.995E-005 9.995E-005
9.995E-005 0.9994 9.995E-005 9.995E-005 9.995E-005 9.995E-005 9.995E-005
0.0378702 0.361726 0.267147 9.9991E-005 0.0562378 0.0821027 0.194816
0.00849774 0.935905 9.9964E-005 9.9964E-005 9.9964E-005 9.9964E-005 0.0551978
0.0167154 0.406118 0.143906 0.0581583 0.0689932 9.9991E-005 0.306009
9.995E-005 0.9994 9.995E-005 9.995E-005 9.995E-005 9.995E-005 9.995E-005
0.0200978 0.503181 0.0874983 9.9991E-005 0.0932696 0.00472259 0.29113
9.995E-005 0.9994 9.995E-005 9.995E-005 9.995E-005 9.995E-005 9.995E-005
0.00705777 0.450712 0.260612 0.0119779 9.9991E-005 0.0318729 0.237668
0.0340801 0.602693 0.124523 9.99821E-005 9.99821E-005 0.0470517 0.191452
0.025757 0.489195 0.25004 9.9982E-005 9.9982E-005 0.0917339 0.143074
0.0285204 0.49739 0.175784 9.9982E-005 0.0653983 9.9982E-005 0.232707
0.0174773 0.411838 0.141398 0.0251402 0.101607 0.0461454 0.256395
0.00197062 9.99731E-005 0.797326 9.99731E-005 9.99731E-005 0.0620684 0.138335
9.995E-005 9.995E-005 0.9994 9.995E-005 9.995E-005 9.995E-005 9.995E-005
0.0505821 0.0184863 0.891951 9.99821E-005 9.99821E-005 0.000785562 0.0379949
9.99641E-005 9.99641E-005 0.954972 0.0154552 9.99641E-005 9.99641E-005 0.0291726
0.0289612 0.0458544 0.89106 0.00585755 9.9982E-005 9.9982E-005 0.0280671
9.99641E-005 0.00212472 0.991711 9.99641E-005 0.00576475 9.99641E-005 9.99641E-005
0.00794865 9.99641E-005 0.95993 9.99641E-005 9.99641E-005 9.99641E-005 0.0317218
9.99731E-005 0.045199 0.849093 9.99731E-005 0.0750615 9.99731E-005 0.0303467
9.99551E-005 0.00621983 0.99328 9.99551E-005 9.99551E-005 9.99551E-005 9.99551E-005
9.99821E-005 0.0365344 0.0692445 9.99821E-005 0.726522 0.0721725 0.0953268
9.995E-005 9.995E-005 9.995E-005 0.9994 9.995E-005 9.995E-005 9.995E-005
9.99639E-005 9.99639E-005 0.0609508 0.906241 9.99639E-005 0.0324084 9.99639E-005
0.0146418 9.99641E-005 0.048533 9.99641E-005 0.936425 9.99641E-005 9.99641E-005
9.99639E-005 9.99639E-005 9.99639E-005 0.545833 0.339453 0.114315 9.99639E-005
9.995E-005 9.995E-005 9.995E-005 9.995E-005 0.9994 9.995E-005 9.995E-005
0.0494904 0.0487611 0.0390771 9.9982E-005 0.850861 0.0116101 9.9982E-005
0.0124302 0.0229831 0.121314 0.0129587 0.751847 0.0301865 0.0482804
9.99641E-005 9.99641E-005 9.99641E-005 9.99641E-005 0.962773 0.00925898 0.027568
9.99551E-005 9.99551E-005 9.99551E-005 9.99551E-005 0.984281 9.99551E-005 0.0152194
0.0482932 0.0495294 0.0372739 9.9982E-005 0.852343 0.0123605 9.9982E-005
0.0110699 9.99731E-005 9.99731E-005 0.0174461 0.906341 9.99731E-005 0.0648433
9.99551E-005 9.99551E-005 9.99551E-005 9.99551E-005 0.995308 0.00419224 9.99551E-005
9.995E-005 9.995E-005 9.995E-005 9.995E-005 0.9994 9.995E-005 9.995E-005
0.250026 0.0858086 9.99821E-005 9.99821E-005 0.569182 0.0533184 0.0414646
0.278066 0.0632418 0.030045 0.00221324 0.575972 9.9991E-005 0.0503622
0.242249 0.0441184 0.0916636 9.99821E-005 0.609516 0.0122532 9.99821E-005
0.60152 0.0207397 9.99821E-005 0.0229917 0.162274 0.192275 9.99821E-005
0.494837 0.0518375 9.99731E-005 9.99731E-005 0.127251 0.325775 9.99731E-005
0.9994 9.995E-005 9.995E-005 9.995E-005 9.995E-005 9.995E-005 9.995E-005
0.9994 9.995E-005 9.995E-005 9.995E-005 9.995E-005 9.995E-005 9.995E-005
0.577599 0.0183881 0.0314588 9.99821E-005 0.200586 0.171767 9.99821E-005
0.543456 9.99641E-005 9.99641E-005 9.99641E-005 0.2101 0.246044 9.99641E-005
0.975703 9.99641E-005 0.00368232 9.99641E-005 9.99641E-005 9.99641E-005 0.0202144
0.9994 9.995E-005 9.995E-005 9.995E-005 9.995E-005 9.995E-005 9.995E-005
0.561411 0.052688 9.9991E-005 0.0022502 0.200259 0.154688 0.0286033
0.994211 9.99551E-005 0.0052896 9.99551E-005 9.99551E-005 9.99551E-005 9.99551E-005
0.9994 9.995E-005 9.995E-005 9.995E-005 9.995E-005 9.995E-005 9.995E-005
0.9994 9.995E-005 9.995E-005 9.995E-005 9.995E-005 9.995E-005 9.995E-005
0.99658 9.99551E-005 9.99551E-005 9.99551E-005 9.99551E-005 0.00291977 9.99551E-005
0.973444 0.0260566 9.9955E-005 9.9955E-005 9.9955E-005 9.9955E-005 9.9955E-005
0.0150372 0.331408 0.284744 0.0312363 9.9991E-005 0.0516269 0.285847
9.9973E-005 0.0286335 0.913933 0.0242296 9.9973E-005 9.9973E-005 0.0329035
9.99551E-005 0.0492888 0.950211 9.99551E-005 9.99551E-005 9.99551E-005 9.99551E-005
0.039578 9.99551E-005 9.99551E-005 9.99551E-005 9.99551E-005 0.959922 9.99551E-005
0.0578301 9.99641E-005 9.99641E-005 0.00124884 9.99641E-005 0.940521 9.99641E-005
0.0386293 9.99551E-005 9.99551E-005 9.99551E-005 9.99551E-005 0.960871 9.99551E-005
9.99551E-005 9.99551E-005 0.0111441 9.99551E-005 9.99551E-005 0.988356 9.99551E-005
9.99552E-005 9.99552E-005 9.99552E-005 9.99552E-005 0.0564038 0.943096 9.99552E-005
9.99551E-005 0.0367681 9.99551E-005 9.99551E-005 9.99551E-005 0.962732 9.99551E-005
9.99552E-005 0.0667065 9.99552E-005 9.99552E-005 9.99552E-005 0.932794 9.99552E-005
0.0129801 9.99641E-005 9.99641E-005 9.99641E-005 0.0709732 0.915647 9.99641E-005
9.99731E-005 0.0356635 9.99731E-005 9.99731E-005 0.0141892 0.947175 0.00267282
9.99641E-005 9.99641E-005 9.99641E-005 9.99641E-005 0.0571603 0.93802 0.00441951
9.99641E-005 0.00954537 0.000283529 9.99641E-005 9.99641E-005 0.989771 9.99641E-005
0.0101374 9.99731E-005 9.99731E-005 0.0297511 0.0477273 0.912084 9.99731E-005
9.99551E-005 9.99551E-005 9.99551E-005 9.99551E-005 0.0459406 0.95356 9.99551E-005
0.0255382 9.99551E-005 9.99551E-005 9.99551E-005 9.99551E-005 0.973962 9.99551E-005
9.99551E-005 9.99551E-005 9.99551E-005 9.99551E-005 9.99551E-005 0.983996 0.0155039
9.9991E-005 0.043974 0.0046162 0.0275449 0.016731 0.896306 0.0107279
0.0789068 9.99551E-005 9.99551E-005 9.99551E-005 9.99551E-005 0.920593 9.99551E-005
0.0238106 9.99641E-005 0.030671 9.99641E-005 9.99641E-005 0.945118 9.99641E-005
0.00255344 9.99641E-005 9.99641E-005 9.99641E-005 0.0106713 0.986375 9.99641E-005
0.0224438 0.0539282 9.99731E-005 0.0103395 9.99731E-005 0.912989 9.99731E-005
0.011074 0.00669622 9.99641E-005 9.99641E-005 9.99641E-005 0.98183 9.99641E-005
0.0462613 0.00461088 9.9991E-005 0.00351194 0.0152398 0.908846 0.0214305
9.99641E-005 9.99641E-005 9.99641E-005 0.000139361 9.99641E-005 0.986965 0.0124961
9.99641E-005 0.012149 9.99641E-005 9.99641E-005 0.1221 0.865352 9.99641E-005
0.000297705 9.99551E-005 9.99551E-005 9.99551E-005 9.99551E-005 0.999203 9.99551E-005
9.9982E-005 0.0195493 9.9982E-005 0.0153942 0.0447562 0.906568 0.0135326
0.568152 0.0264298 9.99731E-005 9.99731E-005 0.187897 0.217221 9.99731E-005
0.365509 0.164629 0.0215332 0.036576 0.190318 0.155562 0.065873
0.410749 0.0557073 0.000176993 9.99821E-005 0.19795 0.335217 9.99821E-005
0.0607691 0.0347993 0.546264 0.0160321 9.9982E-005 9.9982E-005 0.341936
9.99641E-005 9.99641E-005 0.676262 9.99641E-005 9.99641E-005 0.0263186 0.297019
0.00344805 0.0355074 0.633048 9.99821E-005 0.0544806 9.99821E-005 0.273316
0.0145541 0.0542322 0.56268 9.9973E-005 9.9973E-005 9.9973E-005 0.368234
0.0206752 9.99641E-005 0.705632 9.99641E-005 9.99641E-005 9.99641E-005 0.273292
9.99641E-005 9.99641E-005 0.631894 9.99641E-005 0.00228509 9.99641E-005 0.365421
0.0429526 0.0926112 0.534269 0.0272211 9.99821E-005 9.99821E-005 0.302746
9.99641E-005 0.00862071 0.968529 0.0224499 9.99641E-005 9.99641E-005 9.99641E-005
9.995E-005 9.995E-005 0.9994 9.995E-005 9.995E-005 9.995E-005 9.995E-005
0.0204591 0.0946854 0.884456 9.99641E-005 9.99641E-005 9.99641E-005 9.99641E-005
9.99641E-005 0.203555 0.295884 9.99641E-005 9.99641E-005 0.500161 9.99641E-005
9.9991E-005 0.109393 0.113308 0.0610013 0.16068 0.06692 0.488597
0.0546387 0.0312826 0.019572 0.723983 9.9991E-005 0.0566888 0.113735
0.178349 0.0198341 9.99731E-005 9.99731E-005 0.679033 0.122484 9.99731E-005
0.282875 0.0173566 9.99731E-005 9.99731E-005 0.600138 9.99731E-005 0.0993312
9.99547E-005 9.99547E-005 9.99547E-005 0.683937 9.99547E-005 0.315563 9.99547E-005
0.00143588 0.000226774 0.00151808 9.99821E-005 0.0551429 0.941476 9.99821E-005
9.99552E-005 9.99552E-005 0.01636 9.99552E-005 9.99552E-005 0.98314 9.99552E-005
9.99731E-005 0.0120248 9.99731E-005 0.0574281 9.99731E-005 0.907039 0.0232079
9.99551E-005 9.99551E-005 9.99551E-005 0.0104236 9.99551E-005 0.989077 9.99551E-005
9.99551E-005 9.99551E-005 9.99551E-005 9.99551E-005 0.0528633 0.946637 9.99551E-005
0.0198397 9.99731E-005 9.99731E-005 0.0198631 0.0121853 0.947812 9.99731E-005
0.0215655 9.99641E-005 0.0169575 9.99641E-005 9.99641E-005 0.961077 9.99641E-005
9.995E-005 9.995E-005 9.995E-005 9.995E-005 9.995E-005 0.9994 9.995E-005
0.0135886 9.99731E-005 0.0419262 0.000569635 9.99731E-005 0.943616 9.99731E-005
0.0621569 9.99551E-005 9.99551E-005 9.99551E-005 9.99551E-005 0.937343 9.99551E-005
9.99552E-005 9.99552E-005 0.00439609 9.99552E-005 9.99552E-005 0.995104 9.99552E-005
0.0305561 9.99641E-005 0.0270221 9.99641E-005 9.99641E-005 0.942022 9.99641E-005
9.99641E-005 0.0115167 0.0562424 9.99641E-005 9.99641E-005 0.931841 9.99641E-005
9.99641E-005 0.0324482 9.99641E-005 9.99641E-005 0.0024554 0.964697 9.99641E-005
9.99641E-005 9.99641E-005 9.99641E-005 0.00675936 0.0828746 0.909966 9.99641E-005
0.0775467 0.351129 0.256731 9.99821E-005 9.99821E-005 0.045621 0.268773
0.0422975 0.339437 0.222136 9.9982E-005 9.9982E-005 0.0425256 0.353404
0.0612242 0.352766 0.215956 0.00955312 9.9991E-005 0.0223335 0.338067
9.99551E-005 9.99551E-005 0.997523 9.99551E-005 0.00197718 9.99551E-005 9.99551E-005
9.99551E-005 0.0257762 0.973724 9.99551E-005 9.99551E-005 9.99551E-005 9.99551E-005
9.99552E-005 9.99552E-005 0.963924 9.99552E-005 0.0355761 9.99552E-005 9.99552E-005
9.99641E-005 0.0473273 0.904307 9.99641E-005 0.0479662 9.99641E-005 9.99641E-005
0.201031 0.021502 9.99641E-005 9.99641E-005 0.777067 9.99641E-005 9.99641E-005
0.223473 0.0336596 0.0150907 9.99731E-005 0.727477 9.99731E-005 9.99731E-005
0.271581 0.039782 0.0736742 0.00613413 0.527741 0.0239575 0.0571304
0.0405037 0.355897 0.239888 0.00415892 9.9991E-005 0.053542 0.30591
0.0107919 0.338287 0.214557 0.090644 0.021509 0.0161569 0.308054
0.0538159 0.275399 0.19393 0.0237473 0.0209735 0.0955909 0.336543
0.0380621 0.348109 0.205434 0.0664446 0.00658921 0.0844627 0.250899
