0.161439 9.9982E-005 0.803878 0.0344822 9.9982E-005
0.124083 9.9982E-005 0.838851 0.0368658 9.9982E-005
0.174948 9.9982E-005 0.769602 0.0552502 9.9982E-005
0.222391 0.0264602 0.702026 0.0490229 9.9991E-005
0.266754 9.9982E-005 0.70014 0.0329059 9.9982E-005
0.072985 9.9973E-005 0.926715 9.9973E-005 9.9973E-005
0.0752225 9.9982E-005 0.873917 0.0506605 9.9982E-005
0.198622 0.0475815 0.749332 0.00436463 9.9991E-005
0.0751531 0.00225233 0.858222 0.00836539 0.056007
0.157908 9.9991E-005 0.762331 0.00610934 0.0735519
0.124539 9.9982E-005 0.814509 9.9982E-005 0.0607519
0.326676 9.9982E-005 0.548138 0.124985 9.9982E-005
0.243153 0.0233971 0.672123 0.0491377 0.0121888
0.346466 0.0522189 0.583931 9.9991E-005 0.0172845
0.193367 0.0882542 0.59497 0.0394714 0.0839375
0.285932 0.042865 0.607427 0.0636763 9.9991E-005
0.293943 9.9982E-005 0.640249 0.0656076 9.9982E-005
0.369051 9.9982E-005 0.583531 0.0472179 9.9982E-005
0.174493 0.00407454 0.0733039 0.744079 0.00404928
0.300186 0.0122157 0.245561 0.419501 0.0225361
0.312119 9.9991E-005 0.155402 0.528137 0.00424143
0.209901 0.000783404 0.180964 0.550819 0.0575319
0.226658 9.9991E-005 0.174164 0.482839 0.116239
9.997E-005 9.997E-005 9.997E-005 0.9996 9.997E-005
9.997E-005 9.997E-005 9.997E-005 0.9996 9.997E-005
9.997E-005 9.997E-005 9.997E-005 0.9996 9.997E-005
0.302885 0.0464986 0.184811 0.393418 0.0723876
0.010022 0.00987258 9.9982E-005 0.979905 9.9982E-005
0.196404 0.0289201 0.321584 0.448757 0.00433498
9.997E-005 9.997E-005 9.997E-005 0.9996 9.997E-005
0.169786 0.0260517 0.268126 0.515217 0.0208204
9.997E-005 9.997E-005 9.997E-005 0.9996 9.997E-005
0.333186 0.0203654 0.168659 0.475382 0.00240757
0.192224 0.0287763 0.119013 0.622567 0.0374201
0.292952 0.0569904 0.0874297 0.496725 0.0659019
0.2249 0.0339845 0.213488 0.527528 9.9991E-005
0.192144 0.019334 0.281148 0.420962 0.0864111
0.864452 0.00832346 0.0712897 0.00165297 0.0542816
0.9996 9.997E-005 9.997E-005 9.997E-005 9.997E-005
0.910748 0.0428488 9.9991E-005 0.037877 0.0084261
0.9996 9.997E-005 9.997E-005 9.997E-005 9.997E-005
0.934702 0.0279531 9.9982E-005 0.0371447 9.9982E-005
0.9996 9.997E-005 9.997E-005 9.997E-005 9.997E-005
0.9996 9.997E-005 9.997E-005 9.997E-005 9.997E-005
0.887566 9.9982E-005 0.074953 0.0372811 9.9982E-005
0.9996 9.997E-005 9.997E-005 9.997E-005 9.997E-005
0.113455 0.056335 0.473122 0.0522054 0.304882
9.997E-005 9.997E-005 0.9996 9.997E-005 9.997E-005
0.0289536 9.99911E-005 0.440155 0.0525334 0.478258
0.0450588 0.149694 0.537608 9.9991E-005 0.267539
9.99731E-005 9.99731E-005 0.466488 9.99731E-005 0.533212
9.9991E-005 0.11898 0.585047 0.0247096 0.271164
0.0482207 0.158432 0.455325 0.0422018 0.29582
0.0882658 0.112428 0.52355 0.0313288 0.244427
9.9982E-005 0.0904406 0.595033 9.9982E-005 0.314326
9.9982E-005 0.056655 0.661217 9.9982E-005 0.281928
0.0455542 0.155351 0.450374 0.0693503 0.279371
9.9982E-005 0.154222 0.614787 9.9982E-005 0.230791
9.9982E-005 0.101719 0.547623 9.9982E-005 0.350458
9.9991E-005 0.123168 0.577927 0.00256528 0.29624
0.00443771 0.334534 0.341234 0.0851284 0.234666
0.0331039 0.345923 0.34303 0.0962239 0.181719
0.0934529 0.323039 0.335756 0.0385697 0.209182
9.9991E-005 0.614802 0.0841069 0.0312377 0.269754
0.00803918 0.532481 9.9991E-005 0.0815381 0.377841
9.997E-005 0.9996 9.997E-005 9.997E-005 9.997E-005
9.997E-005 0.9996 9.997E-005 9.997E-005 9.997E-005
0.0392207 0.615599 0.0574465 0.0534228 0.234311
9.9991E-005 0.60586 0.0442655 0.0167751 0.332999
0.00666635 0.993034 9.9973E-005 9.9973E-005 9.9973E-005
9.997E-005 0.9996 9.997E-005 9.997E-005 9.997E-005
9.9991E-005 0.582387 0.130442 0.054646 0.232425
9.997E-005 0.9996 9.997E-005 9.997E-005 9.997E-005
9.997E-005 0.9996 9.997E-005 9.997E-005 9.997E-005
9.997E-005 0.9996 9.997E-005 9.997E-005 9.997E-005
9.997E-005 0.9996 9.997E-005 9.997E-005 9.997E-005
9.9973E-005 0.969168 9.9973E-005 0.0305322 9.9973E-005
0.356218 0.0287754 0.219968 0.366246 0.0287929
0.951392 9.99731E-005 9.99731E-005 0.0483083 9.99731E-005
0.945766 9.9973E-005 9.9973E-005 0.0539343 9.9973E-005
9.9973E-005 0.0331992 9.9973E-005 9.9973E-005 0.966501
9.99731E-005 0.0532193 9.99731E-005 9.99731E-005 0.946481
9.99731E-005 0.0361069 9.99731E-005 9.99731E-005 0.963593
0.017826 9.99731E-005 9.99731E-005 9.99731E-005 0.981874
9.99821E-005 0.0210441 0.00813473 9.99821E-005 0.970621
9.9973E-005 9.9973E-005 9.9973E-005 0.0267316 0.972969
9.99821E-005 0.0132503 9.99821E-005 0.0475711 0.938979
0.0250176 0.0151488 0.00418575 9.9991E-005 0.955548
0.00663184 9.99821E-005 9.99821E-005 0.0429928 0.950175
9.9973E-005 9.9973E-005 0.0391421 9.9973E-005 0.960558
0.00419082 9.99731E-005 9.99731E-005 9.99731E-005 0.995509
9.99821E-005 0.0377221 9.99821E-005 0.0118124 0.950266
9.997E-005 9.997E-005 9.997E-005 9.997E-005 0.9996
9.9973E-005 0.0197388 9.9973E-005 9.9973E-005 0.979961
9.9982E-005 0.000693495 0.0130232 9.9982E-005 0.986083
0.0141974 9.9991E-005 0.00843534 0.0423237 0.934944
9.99731E-005 0.0548049 9.99731E-005 9.99731E-005 0.944895
0.0170033 9.99731E-005 9.99731E-005 9.99731E-005 0.982697
9.997E-005 9.997E-005 9.997E-005 9.997E-005 0.9996
9.9982E-005 0.0424584 9.9982E-005 0.0451617 0.91218
9.99731E-005 0.0216406 9.99731E-005 9.99731E-005 0.978059
0.0181085 0.040467 0.0305226 9.9991E-005 0.910802
9.997E-005 9.997E-005 9.997E-005 9.997E-005 0.9996
9.9982E-005 9.9982E-005 0.0434293 0.03524 0.921131
9.99731E-005 0.00243056 9.99731E-005 9.99731E-005 0.99727
9.9982E-005 9.9982E-005 0.0449695 0.0082189 0.946612
9.9991E-005 0.622364 0.0478 0.052467 0.277269
0.00116087 0.389635 0.190286 0.180292 0.238627
0.0410764 0.440083 0.0516713 0.0628546 0.404315
0.638483 0.0673291 0.229866 0.0642224 9.9991E-005
0.814755 9.9991E-005 0.143661 0.0208809 0.0206024
0.75542 0.0195417 0.209014 0.0153321 0.000691377
0.703285 0.027728 0.174943 0.0939441 9.9991E-005
0.802394 0.0245023 0.172903 9.99821E-005 9.99821E-005
0.755242 9.99821E-005 0.221906 0.0226519 9.99821E-005
0.595154 0.0586717 0.2382 0.107874 9.9991E-005
0.979718 9.99731E-005 9.99731E-005 0.0199817 9.99731E-005
0.9996 9.997E-005 9.997E-005 9.997E-005 9.997E-005
0.894232 0.0123813 9.9982E-005 0.0931867 9.9982E-005
0.321234 9.99821E-005 9.99821E-005 0.191499 0.487067
0.196245 9.9991E-005 0.560334 0.12163 0.121691
0.0147895 0.04299 0.471826 0.0901152 0.380279
9.9991E-005 0.264658 0.368799 0.0304787 0.335964
9.9991E-005 0.362948 0.448233 0.00399696 0.184722
9.99732E-005 9.99732E-005 0.0404359 9.99732E-005 0.959264
9.99821E-005 0.0178897 9.99821E-005 0.0204149 0.961495
0.0209676 9.99731E-005 9.99731E-005 9.99731E-005 0.978733
9.9982E-005 9.9982E-005 0.0383883 0.0177258 0.943686
9.997E-005 9.997E-005 9.997E-005 9.997E-005 0.9996
9.9973E-005 9.9973E-005 0.0111938 9.9973E-005 0.988506
9.9982E-005 0.0358332 0.00124297 9.9982E-005 0.962724
0.00994183 0.0377821 9.9982E-005 9.9982E-005 0.952076
9.997E-005 9.997E-005 9.997E-005 9.997E-005 0.9996
0.0398446 0.00873914 9.9982E-005 9.9982E-005 0.951216
9.99731E-005 0.0487043 9.99731E-005 9.99731E-005 0.950996
0.0100774 9.99731E-005 9.99731E-005 9.99731E-005 0.989623
0.0274623 0.0163245 9.9982E-005 9.9982E-005 0.956013
0.0522143 9.9982E-005 9.9982E-005 0.0184245 0.929161
9.99731E-005 9.99731E-005 9.99731E-005 0.0421913 0.957509
9.99821E-005 9.99821E-005 0.0106473 0.00722353 0.981929
0.365829 0.0838157 0.146357 0.382297 0.0217006
0.305745 0.0234211 0.265873 0.370352 0.0346092
0.317415 0.0651132 0.245668 0.37151 0.000293686
0.998197 9.99731E-005 9.99731E-005 9.99731E-005 0.00150285
0.993949 9.99731E-005 9.99731E-005 0.00575106 9.99731E-005
0.9996 9.99715E-005 9.99715E-005 9.99715E-005 9.99715E-005
0.943086 9.99731E-005 9.99731E-005 0.0566143 9.99731E-005
9.9991E-005 0.318714 0.42712 0.0384419 0.215624
0.0162442 0.312592 0.420477 0.0225238 0.228163
0.0774551 0.355226 0.348103 0.0423482 0.176868
0.312332 0.0365363 0.229707 0.381255 0.0401693
0.289727 0.00419749 0.266305 0.38359 0.05618
0.264111 0.0420484 0.299659 0.287692 0.106489
0.260389 0.0596553 0.206405 0.377141 0.0964095
