0.928225 9.99731E-005 9.99731E-005 0.0247919 0.0378673 0.00881547 9.99731E-005
0.979652 9.99551E-005 9.99551E-005 9.99551E-005 0.0198483 9.99551E-005 9.99551E-005
0.954278 9.99551E-005 9.99551E-005 9.99551E-005 0.0452225 9.99551E-005 9.99551E-005
0.709467 9.99731E-005 9.99731E-005 0.0954197 0.0472972 9.99731E-005 0.147516
0.845792 9.99641E-005 9.99641E-005 0.131031 0.0227768 9.99641E-005 9.99641E-005
0.9994 9.995E-005 9.995E-005 9.995E-005 9.995E-005 9.995E-005 9.995E-005
0.998041 9.9955E-005 9.9955E-005 9.9955E-005 0.00145905 9.9955E-005 9.9955E-005
0.774331 0.0314202 9.9991E-005 0.0700329 0.00419118 0.0360771 0.0838481
0.894117 9.9964E-005 0.0832468 9.9964E-005 9.9964E-005 9.9964E-005 0.022236
0.89397 9.99551E-005 0.10553 9.99551E-005 9.99551E-005 9.99551E-005 9.99551E-005
0.876541 9.99641E-005 0.058576 9.99641E-005 9.99641E-005 0.0644831 9.99641E-005
0.646393 0.00698679 9.99821E-005 0.198426 0.132065 9.99821E-005 0.0159288
0.744434 0.0171219 9.9991E-005 0.0930152 0.038868 0.00809781 0.0983626
0.671071 0.0212743 0.0459642 0.216982 9.99821E-005 9.99821E-005 0.0445093
0.44665 0.044402 9.9991E-005 0.122656 0.0406926 0.0772539 0.268245
0.596685 0.0239951 9.9991E-005 0.209876 0.0703758 0.00256998 0.0963979
0.648726 9.99731E-005 9.99731E-005 0.20556 0.0550371 9.99731E-005 0.090377
0.596535 9.9982E-005 9.9982E-005 0.281143 0.0323838 0.0721065 0.0176321
0.126272 0.00522135 0.00220935 0.136959 0.715855 9.9991E-005 0.0133829
0.274472 9.99821E-005 0.0272713 0.233999 0.418323 9.99821E-005 0.0457353
0.120548 9.9982E-005 9.9982E-005 0.2748 0.497421 0.0278195 0.0792121
0.202577 0.00811467 0.0625784 0.157341 0.55413 0.0151589 9.9991E-005
0.177922 0.00133917 0.0888967 0.188374 0.448823 0.0945447 9.9991E-005
9.995E-005 9.995E-005 9.995E-005 9.995E-005 0.9994 9.995E-005 9.995E-005
9.995E-005 9.995E-005 9.995E-005 9.995E-005 0.9994 9.995E-005 9.995E-005
9.995E-005 9.995E-005 9.995E-005 9.995E-005 0.9994 9.995E-005 9.995E-005
0.174045 0.0180512 0.0760587 0.2712 0.391498 9.9991E-005 0.0690475
0.0463527 0.00451249 9.9964E-005 9.9964E-005 0.948735 9.9964E-005 9.9964E-005
0.262689 0.0122819 9.9991E-005 0.16292 0.398545 0.0481563 0.115308
9.995E-005 9.995E-005 9.995E-005 9.995E-005 0.9994 9.995E-005 9.995E-005
0.270176 0.0221671 9.9982E-005 0.0936189 0.499145 9.9982E-005 0.114693
9.995E-005 9.995E-005 9.995E-005 9.995E-005 0.9994 9.995E-005 9.995E-005
0.217129 9.9982E-005 0.0193311 0.285232 0.457655 9.9982E-005 0.0204524
0.183334 0.0255752 0.0511865 0.126804 0.6129 9.99821E-005 9.99821E-005
0.15315 0.0334587 0.0646752 0.24802 0.488953 9.9991E-005 0.0116436
0.212582 0.0174184 9.9982E-005 0.209026 0.502392 9.9982E-005 0.0583818
0.270132 0.0197702 0.0553164 0.133225 0.432269 0.0509982 0.0382894
0.128358 0.00881532 0.0483388 0.814188 9.99731E-005 9.99731E-005 9.99731E-005
9.995E-005 9.995E-005 9.995E-005 0.9994 9.995E-005 9.995E-005 9.995E-005
0.030618 0.0524396 0.016511 0.87012 0.0301111 9.99821E-005 9.99821E-005
0.0233743 9.99731E-005 0.00734922 0.955534 9.99731E-005 0.0134428 9.99731E-005
0.0187267 0.0223068 9.9982E-005 0.920494 0.029873 0.00840009 9.9982E-005
9.99551E-005 9.99551E-005 9.99551E-005 0.991155 9.99551E-005 9.99551E-005 0.00834482
0.0162183 0.00710169 9.99641E-005 0.97628 9.99641E-005 9.99641E-005 9.99641E-005
0.0107932 9.99731E-005 9.99731E-005 0.876516 0.0231477 9.99731E-005 0.0892432
9.99551E-005 9.99551E-005 9.99551E-005 0.990292 0.00920819 9.99551E-005 9.99551E-005
0.0893514 9.9982E-005 0.0748616 0.0822588 0.0416653 9.9982E-005 0.711663
9.995E-005 9.995E-005 9.995E-005 9.995E-005 9.995E-005 0.9994 9.995E-005
9.99639E-005 9.99639E-005 0.033721 0.0441526 9.99639E-005 0.921727 9.99639E-005
9.99641E-005 0.0202484 9.99641E-005 0.0517299 9.99641E-005 9.99641E-005 0.927622
9.99639E-005 9.99639E-005 0.121035 9.99639E-005 9.99639E-005 0.538842 0.339723
9.995E-005 9.995E-005 9.995E-005 9.995E-005 9.995E-005 9.995E-005 0.9994
9.9982E-005 0.0368117 0.00690759 0.0494423 0.0323568 9.9982E-005 0.874282
0.0447846 0.00182955 9.9991E-005 0.112909 0.0338137 0.00724778 0.799315
0.0275386 9.99641E-005 0.00355377 9.99641E-005 9.99641E-005 9.99641E-005 0.968508
9.995E-005 9.995E-005 9.995E-005 9.995E-005 9.995E-005 9.995E-005 0.9994
9.9982E-005 0.0622615 0.00801929 0.0285419 0.0517962 9.9982E-005 0.849181
0.0717891 0.0108925 9.99731E-005 9.99731E-005 9.99731E-005 0.0197801 0.897238
9.99551E-005 9.99551E-005 0.0106221 9.99551E-005 9.99551E-005 9.99551E-005 0.988878
9.99551E-005 9.99551E-005 9.99551E-005 9.99551E-005 0.00276262 9.99551E-005 0.996738
0.0451188 0.257111 0.0572235 9.9991E-005 0.0777136 0.00269257 0.560041
0.0375179 0.272329 9.9991E-005 0.0439775 0.0581767 0.00471034 0.583188
9.99821E-005 0.216039 0.00269721 0.0761769 0.0490378 9.99821E-005 0.65585
9.99821E-005 0.57464 0.193517 9.99821E-005 0.0159947 0.0159161 0.199732
9.99731E-005 0.473328 0.358572 9.99731E-005 0.0619439 9.99731E-005 0.105855
9.995E-005 0.9994 9.995E-005 9.995E-005 9.995E-005 9.995E-005 9.995E-005
9.995E-005 0.9994 9.995E-005 9.995E-005 9.995E-005 9.995E-005 9.995E-005
0.0115997 0.570527 0.177069 0.0379635 0.0150353 9.9991E-005 0.187705
9.99731E-005 0.550369 0.257359 9.99731E-005 0.00927505 9.99731E-005 0.182697
9.99551E-005 0.993711 9.99551E-005 0.0057889 9.99551E-005 9.99551E-005 9.99551E-005
9.995E-005 0.9994 9.995E-005 9.995E-005 9.995E-005 9.995E-005 9.995E-005
0.0393727 0.561576 0.157096 9.9982E-005 0.04991 9.9982E-005 0.191845
9.995E-005 0.9994 9.995E-005 9.995E-005 9.995E-005 9.995E-005 9.995E-005
9.9955E-005 0.999226 9.9955E-005 9.9955E-005 9.9955E-005 0.000274317 9.9955E-005
9.995E-005 0.9994 9.995E-005 9.995E-005 9.995E-005 9.995E-005 9.995E-005
9.99551E-005 0.99664 0.00286024 9.99551E-005 9.99551E-005 9.99551E-005 9.99551E-005
9.99551E-005 0.976996 9.99551E-005 9.99551E-005 0.022504 9.99551E-005 9.99551E-005
0.238134 0.0165475 0.0490826 0.324076 0.352846 0.0192142 9.9991E-005
0.0329944 9.9973E-005 9.9973E-005 0.919063 0.0408055 0.00683737 9.9973E-005
9.99551E-005 9.99551E-005 9.99551E-005 0.939411 0.0600888 9.99551E-005 9.99551E-005
9.99551E-005 0.0391309 0.960369 9.99551E-005 9.99551E-005 9.99551E-005 9.99551E-005
9.99551E-005 0.0560886 0.943412 9.99551E-005 9.99551E-005 9.99551E-005 9.99551E-005
9.99551E-005 0.0391093 0.960391 9.99551E-005 9.99551E-005 9.99551E-005 9.99551E-005
9.99641E-005 9.99641E-005 0.960111 0.00737876 9.99641E-005 9.99641E-005 0.0321104
9.99641E-005 0.0101463 0.937291 9.99641E-005 9.99641E-005 9.99641E-005 0.052163
9.99641E-005 0.017326 0.962678 9.99641E-005 0.0195965 9.99641E-005 9.99641E-005
9.99641E-005 0.00883223 0.924504 9.99641E-005 0.0662635 9.99641E-005 9.99641E-005
9.99731E-005 0.0162678 0.930977 0.000235446 9.99731E-005 9.99731E-005 0.0522202
0.0118768 9.99731E-005 0.937683 9.99731E-005 0.0330911 9.99731E-005 0.0170496
0.00934538 9.99641E-005 0.946509 9.99641E-005 9.99641E-005 9.99641E-005 0.0437461
9.99552E-005 9.99552E-005 0.983464 0.0160366 9.99552E-005 9.99552E-005 9.99552E-005
9.99821E-005 0.036413 0.890749 9.99821E-005 0.0012667 0.0664391 0.00493233
9.99551E-005 9.99551E-005 0.964419 9.99551E-005 9.99551E-005 9.99551E-005 0.035081
9.99551E-005 0.0155188 0.983981 9.99551E-005 9.99551E-005 9.99551E-005 9.99551E-005
0.00805548 9.99641E-005 0.98495 9.99641E-005 9.99641E-005 9.99641E-005 0.00659483
0.0161732 9.9982E-005 0.919351 0.00993893 0.0324995 0.0218371 9.9982E-005
9.99551E-005 0.0592013 0.940299 9.99551E-005 9.99551E-005 9.99551E-005 9.99551E-005
9.99641E-005 0.00574547 0.954596 0.0392586 9.99641E-005 9.99641E-005 9.99641E-005
9.99552E-005 9.99552E-005 0.964095 9.99552E-005 9.99552E-005 9.99552E-005 0.0354048
9.99731E-005 0.0350239 0.899984 9.99731E-005 0.0332464 0.031446 9.99731E-005
9.99731E-005 0.00906124 0.98034 9.99731E-005 0.00541437 0.00488453 9.99731E-005
0.0161915 0.0445371 0.900711 0.0101815 9.9991E-005 0.00916054 0.0191181
0.0260269 0.00555784 0.968015 9.99641E-005 9.99641E-005 9.99641E-005 9.99641E-005
9.99731E-005 9.99731E-005 0.855869 9.99731E-005 0.0167922 0.0164701 0.110569
9.99551E-005 0.0146558 0.984844 9.99551E-005 9.99551E-005 9.99551E-005 9.99551E-005
0.0104943 9.9973E-005 0.932877 9.9973E-005 0.0300723 0.0262564 9.9973E-005
9.99731E-005 0.554663 0.230232 9.99731E-005 0.0347402 9.99731E-005 0.180064
0.0578969 0.357835 0.136318 0.0203206 0.139664 0.0573364 0.23063
9.99821E-005 0.40377 0.344273 0.0143234 0.0646913 9.99821E-005 0.172743
0.296727 0.0721171 9.9982E-005 0.584985 0.0358828 0.0100884 9.9982E-005
0.2626 9.99641E-005 0.0176182 0.719382 9.99641E-005 9.99641E-005 9.99641E-005
0.224275 0.0119518 9.99821E-005 0.68371 0.017827 9.99821E-005 0.062036
0.30992 0.0178149 9.99731E-005 0.605192 0.0667736 9.99731E-005 9.99731E-005
0.241115 0.0281992 9.99641E-005 0.730286 9.99641E-005 9.99641E-005 9.99641E-005
0.331996 9.99641E-005 9.99641E-005 0.660624 0.00697919 9.99641E-005 9.99641E-005
0.25849 0.0438917 9.9991E-005 0.555297 0.100062 0.0150422 0.0271171
9.99641E-005 9.99641E-005 9.99641E-005 0.975422 0.00213086 0.0220478 9.99641E-005
9.995E-005 9.995E-005 9.995E-005 0.9994 9.995E-005 9.995E-005 9.995E-005
9.99641E-005 0.0270212 9.99641E-005 0.884951 0.0876276 9.99641E-005 9.99641E-005
9.99641E-005 9.99641E-005 0.507353 0.31579 0.176457 9.99641E-005 9.99641E-005
0.482255 9.9991E-005 0.0892003 0.122155 0.132688 0.0792587 0.0943432
0.125199 0.0710346 0.0589235 0.00757494 0.0323594 0.704809 9.9991E-005
9.99731E-005 0.15862 0.104583 9.99731E-005 0.00840215 9.99731E-005 0.728096
0.0925647 0.271391 9.99641E-005 9.99641E-005 9.99641E-005 9.99641E-005 0.635644
9.99548E-005 9.99548E-005 0.351683 9.99548E-005 9.99548E-005 0.647817 9.99548E-005
9.99731E-005 0.00242586 0.943588 9.99731E-005 0.00610953 9.99731E-005 0.0475763
0.00963194 9.99641E-005 0.961848 0.0281203 9.99641E-005 9.99641E-005 9.99641E-005
9.99731E-005 0.0309667 0.881902 9.99731E-005 0.0157393 0.0710918 9.99731E-005
9.99641E-005 9.99641E-005 0.997011 0.000494329 9.99641E-005 0.00209458 9.99641E-005
9.9973E-005 9.9973E-005 0.926577 9.9973E-005 0.000931794 0.00113009 0.0710607
9.99731E-005 0.00941481 0.942455 9.99731E-005 9.99731E-005 0.00916297 0.0386673
0.00743184 0.0311413 0.954783 0.00271825 9.99821E-005 9.99821E-005 0.00372583
9.995E-005 9.995E-005 0.9994 9.995E-005 9.995E-005 9.995E-005 9.995E-005
9.9982E-005 0.00193742 0.954219 0.0323091 0.0110132 0.000321367 9.9982E-005
9.99551E-005 0.0528982 0.946602 9.99551E-005 9.99551E-005 9.99551E-005 9.99551E-005
9.99552E-005 9.99552E-005 0.980499 0.0190013 9.99552E-005 9.99552E-005 9.99552E-005
9.99641E-005 0.030078 0.955538 0.0139844 9.99641E-005 9.99641E-005 9.99641E-005
0.000441578 0.00740167 0.933118 0.0546169 0.00422145 9.9982E-005 9.9982E-005
9.99551E-005 9.99551E-005 0.958159 9.99551E-005 0.0413409 9.99551E-005 9.99551E-005
9.99641E-005 9.99641E-005 0.932954 9.99641E-005 9.99641E-005 0.0295406 0.0371057
0.23323 0.0862529 0.044832 0.301705 0.333781 9.99821E-005 9.99821E-005
0.316241 0.032369 0.0392651 0.257161 0.354764 9.9982E-005 9.9982E-005
0.356125 0.0353929 0.0316367 0.21865 0.347838 0.0102576 9.9991E-005
9.99551E-005 9.99551E-005 9.99551E-005 0.983588 9.99551E-005 9.99551E-005 0.0159118
9.99551E-005 9.99551E-005 9.99551E-005 0.997571 0.00192923 9.99551E-005 9.99551E-005
9.99552E-005 9.99552E-005 9.99552E-005 0.972179 9.99552E-005 9.99552E-005 0.0273211
9.99641E-005 9.99641E-005 9.99641E-005 0.906696 0.0608363 9.99641E-005 0.0320674
9.99641E-005 0.217893 9.99641E-005 9.99641E-005 0.0224975 9.99641E-005 0.759209
9.99731E-005 0.197569 9.99731E-005 0.0130819 0.0254636 9.99731E-005 0.763585
0.0167375 0.248442 9.9991E-005 0.120186 0.0173126 0.032956 0.564266
0.274425 0.0354205 0.0413387 0.266132 0.358267 0.0117897 0.0126274
0.24457 0.00954457 0.0299615 0.236661 0.377818 0.0517373 0.0497074
0.31708 0.0237659 0.113779 0.200259 0.290746 0.00215724 0.052213
0.207873 0.0291001 0.0917345 0.220227 0.362038 0.0683621 0.0206661
