0.00732425 0.00832196 9.99641E-005 0.00880694 9.99641E-005 9.99641E-005 0.0265844 0.948563 9.99641E-005
9.993E-005 9.993E-005 9.993E-005 9.993E-005 9.993E-005 9.993E-005 9.993E-005 0.999201 9.993E-005
9.99461E-005 9.99461E-005 0.0353287 0.0166813 9.99461E-005 9.99461E-005 9.99461E-005 0.94739 9.99461E-005
9.996E-005 9.996E-005 0.0525297 0.0200116 0.159389 9.996E-005 0.0542978 0.713372 9.996E-005
9.99551E-005 9.99551E-005 0.00430822 0.0038695 9.99551E-005 9.99551E-005 0.093448 0.897875 9.99551E-005
9.993E-005 9.993E-005 9.993E-005 9.993E-005 9.993E-005 9.993E-005 9.993E-005 0.999201 9.993E-005
9.993E-005 9.993E-005 9.993E-005 9.993E-005 9.993E-005 9.993E-005 9.993E-005 0.999201 9.993E-005
0.0350779 0.0209061 0.0140547 9.99731E-005 0.102405 9.99731E-005 0.0643015 0.762955 9.99731E-005
9.9964E-005 0.00769437 9.9964E-005 9.9964E-005 0.0547982 0.0534741 9.9964E-005 0.862079 0.0215542
9.99461E-005 9.99461E-005 0.0101786 9.99461E-005 9.99461E-005 0.112144 9.99461E-005 0.877077 9.99461E-005
9.99461E-005 0.0467946 9.99461E-005 9.99461E-005 9.99461E-005 9.99461E-005 9.99461E-005 0.873176 0.0794295
0.00852647 9.99731E-005 0.0796473 0.109591 0.0244474 9.99731E-005 0.169018 0.60847 9.99731E-005
9.99731E-005 9.99731E-005 0.116171 0.0209169 0.119937 9.99731E-005 0.0522626 0.672323 0.0180889
0.0106664 9.99731E-005 0.0496862 9.99731E-005 0.0284506 9.99731E-005 0.162144 0.673538 0.0752145
0.0376563 0.0318304 0.0988758 0.035 0.270858 0.0444112 0.0933392 0.387929 9.9991E-005
0.0144115 9.99731E-005 0.298033 0.0301857 0.114318 9.99731E-005 0.0508424 0.49191 9.99731E-005
9.996E-005 9.996E-005 0.144005 0.0265806 0.0902909 9.996E-005 0.125634 0.61309 9.996E-005
9.9964E-005 0.0561512 0.336389 9.9964E-005 0.020647 9.9964E-005 0.0801358 0.506277 9.9964E-005
0.0026639 9.9982E-005 0.183967 0.654374 0.0313948 9.9982E-005 0.0306437 0.0852019 0.0115547
0.00560887 9.99821E-005 0.426291 0.321691 0.011098 9.99821E-005 0.0352223 0.157935 0.0419544
9.9982E-005 0.00478186 0.489536 0.408362 0.0280941 9.9982E-005 0.00967346 0.0244958 0.034857
9.99641E-005 9.99641E-005 0.258866 0.500406 9.99641E-005 9.99641E-005 0.00369734 0.149768 0.0868633
9.9964E-005 0.0580066 0.419129 0.348043 9.9964E-005 9.9964E-005 9.9964E-005 0.0269967 0.147424
9.993E-005 9.993E-005 9.993E-005 0.999201 9.993E-005 9.993E-005 9.993E-005 9.993E-005 9.993E-005
9.993E-005 9.993E-005 9.993E-005 0.999201 9.993E-005 9.993E-005 9.993E-005 9.993E-005 9.993E-005
9.993E-005 9.993E-005 9.993E-005 0.999201 9.993E-005 9.993E-005 9.993E-005 9.993E-005 9.993E-005
9.99731E-005 9.99731E-005 0.38044 0.321467 0.062718 0.103515 0.0431131 0.0884476 9.99731E-005
0.0221553 9.9964E-005 0.0511525 0.88366 9.9964E-005 9.9964E-005 0.0161167 0.0265159 9.9964E-005
0.00460473 0.0444875 0.528428 0.320012 0.0871041 9.99731E-005 9.99731E-005 0.0150643 9.99731E-005
9.993E-005 9.993E-005 9.993E-005 0.999201 9.993E-005 9.993E-005 9.993E-005 9.993E-005 9.993E-005
0.0119216 9.99731E-005 0.248452 0.436736 0.0650224 0.0299967 9.99731E-005 0.207571 9.99731E-005
9.993E-005 9.993E-005 9.993E-005 0.999201 9.993E-005 9.993E-005 9.993E-005 9.993E-005 9.993E-005
9.99627E-005 9.99627E-005 0.580249 0.378149 9.99627E-005 0.0342911 9.99627E-005 0.00681112 9.99627E-005
0.00390173 9.99731E-005 0.243309 0.530075 9.99731E-005 9.99731E-005 0.0126684 0.118367 0.0913795
0.0216761 0.0108087 0.439826 0.416684 9.9991E-005 0.0839514 0.00746132 0.0116021 0.00789
0.0205892 9.99641E-005 0.397274 0.426151 0.0859086 9.99641E-005 9.99641E-005 0.0696767 9.99641E-005
0.00116281 0.0293735 0.342385 0.354796 0.0856981 0.0340612 9.9991E-005 0.121531 0.0308923
0.000585697 9.99731E-005 0.168727 9.99731E-005 9.99731E-005 0.04706 0.672437 0.101405 0.00948546
9.99371E-005 0.00618795 9.99371E-005 9.99371E-005 9.99371E-005 9.99371E-005 0.993112 9.99371E-005 9.99371E-005
0.0274701 9.99731E-005 0.11611 0.0238891 9.99731E-005 0.0445527 0.772555 0.0151229 9.99731E-005
9.99461E-005 0.0187742 0.16648 9.99461E-005 9.99461E-005 9.99461E-005 0.814146 9.99461E-005 9.99461E-005
0.0184321 9.99551E-005 0.192421 0.0160418 9.99551E-005 9.99551E-005 0.772605 9.99551E-005 9.99551E-005
9.99371E-005 9.99371E-005 9.99371E-005 9.99371E-005 0.0262936 9.99371E-005 0.973007 9.99371E-005 9.99371E-005
9.99372E-005 9.99372E-005 0.237331 9.99372E-005 9.99372E-005 9.99372E-005 0.761969 9.99372E-005 9.99372E-005
9.99641E-005 9.99641E-005 0.085477 0.0240763 0.0907626 9.99641E-005 0.772895 0.0263897 9.99641E-005
9.99461E-005 9.99461E-005 0.0374125 0.0109978 9.99461E-005 9.99461E-005 0.95099 9.99461E-005 9.99461E-005
9.99641E-005 9.99641E-005 9.99641E-005 0.0216544 0.697655 0.105124 0.0928332 0.0823331 9.99641E-005
9.993E-005 0.999201 9.993E-005 9.993E-005 9.993E-005 9.993E-005 9.993E-005 9.993E-005 9.993E-005
9.99458E-005 0.915507 9.99458E-005 9.99458E-005 9.99458E-005 9.99458E-005 0.0482863 9.99458E-005 0.0356074
0.0092842 9.99552E-005 0.0487642 9.99552E-005 0.927669 9.99552E-005 0.013783 9.99552E-005 9.99552E-005
9.99458E-005 0.538221 9.99458E-005 9.99458E-005 0.335655 0.125524 9.99458E-005 9.99458E-005 9.99458E-005
9.99461E-005 9.99461E-005 9.99461E-005 0.0231056 0.968099 9.99461E-005 0.00819528 9.99461E-005 9.99461E-005
0.0356712 9.99731E-005 0.0053055 0.0209021 0.836768 9.99731E-005 0.0597098 9.99731E-005 0.041344
9.99641E-005 9.99641E-005 9.99641E-005 0.0364603 0.78326 9.99641E-005 0.124839 0.0219869 0.0330538
9.99462E-005 9.99462E-005 9.99462E-005 9.99462E-005 0.884758 0.044295 9.99462E-005 0.070347 9.99462E-005
9.99462E-005 9.99462E-005 9.99462E-005 9.99462E-005 0.966721 9.99462E-005 0.0195234 0.0131558 9.99462E-005
0.0652866 9.9973E-005 0.0474815 0.0555667 0.802974 0.0212867 0.00710501 9.9973E-005 9.9973E-005
0.0352138 9.99462E-005 9.99462E-005 9.99462E-005 0.867647 9.99462E-005 9.99462E-005 0.0965395 9.99462E-005
9.99371E-005 9.99371E-005 9.99371E-005 9.99371E-005 0.960571 9.99371E-005 9.99371E-005 9.99371E-005 0.038729
9.993E-005 9.993E-005 9.993E-005 9.993E-005 0.999201 9.993E-005 9.993E-005 9.993E-005 9.993E-005
0.235434 9.99641E-005 0.0770952 0.0453161 0.556521 9.99641E-005 9.99641E-005 9.99641E-005 0.0852337
0.258122 9.99641E-005 0.134314 0.0411559 0.54227 0.0237384 9.99641E-005 9.99641E-005 9.99641E-005
0.232943 9.99731E-005 0.0672657 0.00725296 0.632348 0.0257249 0.034165 9.99731E-005 9.99731E-005
0.589264 0.013413 9.99731E-005 0.0170966 0.177343 0.0799141 9.99731E-005 9.99731E-005 0.122669
0.469867 9.99641E-005 9.99641E-005 0.0502658 0.125751 0.297781 9.99641E-005 9.99641E-005 0.0559353
0.999201 9.99346E-005 9.99346E-005 9.99346E-005 9.99346E-005 9.99346E-005 9.99346E-005 9.99346E-005 9.99346E-005
0.999201 9.993E-005 9.993E-005 9.993E-005 9.993E-005 9.993E-005 9.993E-005 9.993E-005 9.993E-005
0.580306 9.99821E-005 0.00117369 0.0295674 0.1733 0.0726868 0.0231502 9.99821E-005 0.119615
0.545528 9.99551E-005 9.99551E-005 9.99551E-005 0.185104 0.112197 9.99551E-005 9.99551E-005 0.156672
0.970078 9.99371E-005 0.0292227 9.99371E-005 9.99371E-005 9.99371E-005 9.99371E-005 9.99371E-005 9.99371E-005
0.999201 9.993E-005 9.993E-005 9.993E-005 9.993E-005 9.993E-005 9.993E-005 9.993E-005 9.993E-005
0.551001 9.9982E-005 0.0163182 0.0263012 0.184585 0.038336 9.9982E-005 0.034358 0.148901
0.999201 9.993E-005 9.993E-005 9.993E-005 9.993E-005 9.993E-005 9.993E-005 9.993E-005 9.993E-005
0.999201 9.993E-005 9.993E-005 9.993E-005 9.993E-005 9.993E-005 9.993E-005 9.993E-005 9.993E-005
0.999201 9.993E-005 9.993E-005 9.993E-005 9.993E-005 9.993E-005 9.993E-005 9.993E-005 9.993E-005
0.992483 9.99371E-005 9.99371E-005 9.99371E-005 9.99371E-005 9.99371E-005 9.99371E-005 9.99371E-005 0.00681787
0.970887 9.99371E-005 9.99371E-005 0.0284134 9.99371E-005 9.99371E-005 9.99371E-005 9.99371E-005 9.99371E-005
9.99641E-005 0.0111317 0.625851 0.278308 9.99641E-005 9.99641E-005 9.99641E-005 0.0088023 0.0755069
9.99731E-005 0.00333607 0.069896 0.0189828 9.99731E-005 9.99731E-005 0.882025 0.0195566 0.00590313
9.99461E-005 9.99461E-005 9.99461E-005 0.0314276 9.99461E-005 9.99461E-005 0.959173 0.00879966 9.99461E-005
0.0264853 9.99371E-005 9.99371E-005 9.99371E-005 9.99371E-005 0.972815 9.99371E-005 9.99371E-005 9.99371E-005
0.0425023 9.99462E-005 9.99462E-005 9.99462E-005 9.99462E-005 0.890319 9.99462E-005 9.99462E-005 0.0665787
0.0239644 9.99462E-005 9.99462E-005 9.99462E-005 9.99462E-005 0.839067 9.99462E-005 9.99462E-005 0.136369
9.99461E-005 9.99461E-005 0.0168549 9.99461E-005 9.99461E-005 0.942585 9.99461E-005 9.99461E-005 0.03996
9.99462E-005 9.99462E-005 9.99462E-005 9.99462E-005 0.0554263 0.663518 9.99462E-005 9.99462E-005 0.280456
9.99461E-005 9.99461E-005 9.99461E-005 0.0182188 9.99461E-005 0.80729 9.99461E-005 9.99461E-005 0.173892
0.00940952 9.99552E-005 9.99552E-005 0.043865 9.99552E-005 0.657062 9.99552E-005 9.99552E-005 0.289164
0.00614946 9.99641E-005 9.99641E-005 9.99641E-005 0.0204914 0.605164 9.99641E-005 0.0162154 0.35158
9.99641E-005 9.99641E-005 9.99641E-005 0.0380947 0.0091746 0.862751 0.00527111 9.99641E-005 0.0843088
9.99461E-005 9.99461E-005 9.99461E-005 9.99461E-005 9.99461E-005 0.938189 9.99461E-005 0.0275363 0.0336754
9.99462E-005 9.99462E-005 0.0122628 9.99462E-005 9.99462E-005 0.974236 9.99462E-005 9.99462E-005 0.0129018
0.000473578 0.0537215 9.99641E-005 0.0143949 9.99641E-005 0.924239 9.99641E-005 9.99641E-005 0.00677072
9.99372E-005 9.99372E-005 9.99372E-005 9.99372E-005 0.00784908 0.991451 9.99372E-005 9.99372E-005 9.99372E-005
0.00876437 9.99461E-005 9.99461E-005 9.99461E-005 9.99461E-005 0.887788 9.99461E-005 9.99461E-005 0.102848
9.99551E-005 9.99551E-005 0.0079042 9.99551E-005 9.99551E-005 0.952167 9.99551E-005 0.00526134 0.0341679
9.99641E-005 0.0188496 0.0455109 0.00718058 9.99641E-005 0.635511 9.99641E-005 9.99641E-005 0.292548
0.0448361 9.99372E-005 9.99372E-005 9.99372E-005 9.99372E-005 0.954464 9.99372E-005 9.99372E-005 9.99372E-005
9.99462E-005 9.99462E-005 9.99462E-005 9.99462E-005 9.99462E-005 0.8567 0.023543 9.99462E-005 0.119157
9.993E-005 9.993E-005 9.993E-005 9.993E-005 9.993E-005 0.999201 9.993E-005 9.993E-005 9.993E-005
0.0394149 0.0234671 9.99641E-005 0.0283202 9.99641E-005 0.505008 9.99641E-005 9.99641E-005 0.40339
0.00479064 9.99461E-005 9.99461E-005 9.99461E-005 9.99461E-005 0.657453 9.99461E-005 9.99461E-005 0.337156
0.00522906 9.99462E-005 0.048832 9.99462E-005 9.99462E-005 0.945339 9.99462E-005 9.99462E-005 9.99462E-005
9.99461E-005 9.99461E-005 9.99461E-005 9.99461E-005 9.99461E-005 0.573037 9.99461E-005 0.0121359 0.414228
9.99641E-005 0.0121208 9.99641E-005 0.0129504 0.0860724 0.881922 9.99641E-005 9.99641E-005 0.00653444
0.0112929 9.99551E-005 0.0014387 9.99551E-005 9.99551E-005 0.817448 9.99551E-005 9.99551E-005 0.16932
9.99551E-005 9.99551E-005 9.99551E-005 0.0178306 9.99551E-005 0.883 9.99551E-005 0.037742 0.0609277
0.576287 9.99731E-005 0.0270586 0.0222925 0.126529 0.218262 9.99731E-005 9.99731E-005 0.0292713
0.337679 0.0474678 0.156519 0.107461 0.185171 0.130146 9.9982E-005 9.9982E-005 0.0353551
0.405846 9.99821E-005 0.0150774 0.0437945 0.166773 0.324769 0.00599914 9.99821E-005 0.0375415
0.0390288 0.00188153 0.872409 9.99641E-005 9.99641E-005 9.99641E-005 0.0554369 0.0308437 9.99641E-005
9.993E-005 9.993E-005 0.999201 9.993E-005 9.993E-005 9.993E-005 9.993E-005 9.993E-005 9.993E-005
9.99461E-005 9.99461E-005 0.918313 9.99461E-005 0.0394782 9.99461E-005 0.041609 9.99461E-005 9.99461E-005
9.9937E-005 9.9937E-005 0.981005 0.0182953 9.9937E-005 9.9937E-005 9.9937E-005 9.9937E-005 9.9937E-005
9.99371E-005 9.99371E-005 0.869872 9.99371E-005 9.99371E-005 9.99371E-005 0.129429 9.99371E-005 9.99371E-005
9.99371E-005 9.99371E-005 0.983104 9.99371E-005 9.99371E-005 9.99371E-005 0.0161968 9.99371E-005 9.99371E-005
0.037438 0.00157565 0.533016 0.0667487 0.0181553 9.998E-005 0.21016 0.132706 9.998E-005
9.99461E-005 0.0159671 9.99461E-005 0.0138396 9.99461E-005 9.99461E-005 0.969594 9.99461E-005 9.99461E-005
9.993E-005 9.993E-005 9.993E-005 9.993E-005 9.993E-005 9.993E-005 0.999201 9.993E-005 9.993E-005
0.0272591 9.99731E-005 0.00082282 0.0652846 9.99731E-005 9.99731E-005 0.869433 0.0216989 0.0152018
9.99641E-005 9.99641E-005 0.393682 0.10564 9.99641E-005 0.244505 0.0178176 9.99641E-005 0.237955
9.9982E-005 0.0672479 0.100553 0.0899124 0.135143 9.9982E-005 0.0741109 0.452147 0.0806862
0.0680669 0.70859 0.000711992 0.018291 9.9991E-005 0.0579177 0.0105886 0.125881 0.00985269
0.156742 9.99551E-005 9.99551E-005 0.0123481 0.704166 0.126244 9.99551E-005 9.99551E-005 9.99551E-005
0.25361 9.996E-005 9.996E-005 0.015892 0.660241 9.996E-005 9.996E-005 0.0665567 0.00330057
9.99457E-005 0.669945 9.99457E-005 9.99457E-005 9.99457E-005 0.245922 9.99457E-005 9.99457E-005 0.0835341
0.0019875 9.99641E-005 0.0149824 9.99641E-005 9.99641E-005 0.83633 0.000176236 9.99641E-005 0.146124
9.993E-005 9.993E-005 9.993E-005 9.993E-005 9.993E-005 9.993E-005 9.993E-005 9.993E-005 0.999201
9.99641E-005 0.0686073 9.99641E-005 0.0037449 9.99641E-005 0.621684 9.99641E-005 0.0227103 0.282854
9.993E-005 9.993E-005 9.993E-005 9.993E-005 9.993E-005 9.993E-005 9.993E-005 9.993E-005 0.999201
9.99461E-005 9.99461E-005 0.0315477 9.99461E-005 0.00035283 0.9675 9.99461E-005 9.99461E-005 9.99461E-005
0.0205967 9.99551E-005 9.99551E-005 9.99551E-005 0.000590083 0.860228 9.99551E-005 9.99551E-005 0.118086
9.99552E-005 9.99552E-005 0.00300659 9.99552E-005 9.99552E-005 0.970814 0.0154071 9.99552E-005 0.010273
9.993E-005 9.993E-005 9.993E-005 9.993E-005 9.993E-005 9.993E-005 9.993E-005 9.993E-005 0.999201
0.0062732 0.0146664 9.99641E-005 9.99641E-005 9.99641E-005 0.831568 0.0298627 9.99641E-005 0.11723
0.033339 9.99462E-005 9.99462E-005 9.99462E-005 9.99462E-005 0.890506 9.99462E-005 9.99462E-005 0.0755549
9.99372E-005 9.99372E-005 9.99372E-005 9.99372E-005 9.99372E-005 0.289892 9.99372E-005 9.99372E-005 0.709408
0.0348934 9.99461E-005 9.99461E-005 9.99461E-005 9.99461E-005 0.129359 9.99461E-005 9.99461E-005 0.835148
0.0135285 9.99641E-005 0.0248718 0.0052757 9.99641E-005 0.167037 9.99641E-005 9.99641E-005 0.788887
9.99551E-005 9.99551E-005 0.00690632 0.0235044 9.99551E-005 0.879141 9.99551E-005 9.99551E-005 0.0899485
9.99551E-005 0.010059 9.99551E-005 9.99551E-005 0.0311807 0.521973 9.99551E-005 9.99551E-005 0.436288
0.0520202 9.99731E-005 0.533328 0.269197 9.99731E-005 9.99731E-005 0.00579817 0.0764038 0.0629528
0.0158348 9.99731E-005 0.437097 0.278053 9.99731E-005 0.0529138 0.0173733 0.198428 9.99731E-005
0.0346775 9.99731E-005 0.18571 0.296924 9.99731E-005 0.0574955 0.129048 0.295844 9.99731E-005
9.99372E-005 9.99372E-005 9.99372E-005 9.99372E-005 9.99372E-005 0.00524301 0.994057 9.99372E-005 9.99372E-005
9.99372E-005 9.99372E-005 9.99372E-005 0.00946004 9.99372E-005 9.99372E-005 0.98984 9.99372E-005 9.99372E-005
9.99462E-005 9.99462E-005 0.0318959 9.99462E-005 0.0103086 9.99462E-005 0.957196 9.99462E-005 9.99462E-005
9.99551E-005 9.99551E-005 0.056571 0.0250869 0.061374 9.99551E-005 0.856468 9.99551E-005 9.99551E-005
0.201316 9.99552E-005 9.99552E-005 0.01677 0.769495 9.99552E-005 9.99552E-005 0.0119186 9.99552E-005
0.194835 9.99641E-005 0.0209595 0.0311737 0.735594 9.99641E-005 9.99641E-005 9.99641E-005 0.0170379
0.238343 0.000223832 0.168131 0.00950649 0.536951 0.0319543 9.99821E-005 9.99821E-005 0.0146902
0.0242373 0.0153251 0.484731 0.287178 9.99815E-005 9.99815E-005 9.99815E-005 0.130833 0.0573952
9.9982E-005 0.044708 0.50933 0.28968 0.0300494 0.0147315 9.9982E-005 0.0902927 0.0210087
0.0340692 9.9982E-005 0.439131 0.213412 0.0205784 0.0846791 9.9982E-005 0.177089 0.0308417
0.0257374 0.0576427 0.453188 0.272329 9.9973E-005 0.104618 9.9973E-005 0.0861847 9.9973E-005
