0.939001 9.99461E-005 9.99461E-005 9.99461E-005 0.0179311 0.0075245 9.99461E-005 0.00466988 9.99461E-005 9.99461E-005 0.0143541 0.01592
0.986831 9.99102E-005 9.99102E-005 9.99102E-005 9.99102E-005 9.99102E-005 9.99102E-005 9.99102E-005 9.99102E-005 9.99102E-005 0.0121697 9.99102E-005
0.864838 9.99192E-005 9.99192E-005 9.99192E-005 0.0976193 9.99192E-005 9.99192E-005 9.99192E-005 9.99192E-005 9.99192E-005 0.0366432 9.99192E-005
0.675079 0.12234 9.99283E-005 9.99283E-005 9.99283E-005 9.99283E-005 0.126279 9.99283E-005 9.99283E-005 9.99283E-005 9.99283E-005 0.0755029
0.875902 9.99282E-005 9.99282E-005 9.99282E-005 0.0216756 9.99282E-005 9.99282E-005 9.99282E-005 9.99282E-005 9.99282E-005 0.0151091 0.0865139
0.998901 9.99011E-005 9.99011E-005 9.99011E-005 9.99011E-005 9.99011E-005 9.99011E-005 9.99011E-005 9.99011E-005 9.99011E-005 9.99011E-005 9.99011E-005
0.998901 9.99011E-005 9.99011E-005 9.99011E-005 9.99011E-005 9.99011E-005 9.99011E-005 9.99011E-005 9.99011E-005 9.99011E-005 9.99011E-005 9.99011E-005
0.730492 0.0805141 0.0222581 9.99461E-005 9.99461E-005 0.00336393 9.99461E-005 9.99461E-005 0.117061 9.99461E-005 9.99461E-005 0.045711
0.775309 0.0863928 9.99371E-005 0.0551019 9.99371E-005 9.99371E-005 0.0627954 0.019701 9.99371E-005 9.99371E-005 9.99371E-005 9.99371E-005
0.787581 0.111314 9.99371E-005 0.0785308 9.99371E-005 9.99371E-005 9.99371E-005 0.0205913 9.99371E-005 0.00128258 9.99371E-005 9.99371E-005
0.875125 9.99192E-005 9.99192E-005 9.99192E-005 9.99192E-005 9.99192E-005 9.99192E-005 0.0781658 9.99192E-005 0.0458096 9.99192E-005 9.99192E-005
0.563287 0.130927 9.99462E-005 9.99462E-005 0.0361787 9.99462E-005 9.99462E-005 9.99462E-005 0.0357699 9.99462E-005 0.0625007 0.170737
0.649768 0.00104211 9.99641E-005 9.99641E-005 0.113751 9.99641E-005 0.0270796 0.00578225 0.114455 9.99641E-005 0.0147368 0.0729867
0.654913 9.995E-005 9.995E-005 9.995E-005 0.120164 0.0205158 0.0180828 0.00716549 9.995E-005 0.0628707 9.995E-005 0.115789
0.395523 0.151069 0.00851526 0.0149755 0.0241576 0.00659789 0.144696 0.0502729 0.116881 9.99821E-005 9.99821E-005 0.0871121
0.494816 0.185589 9.99462E-005 9.99462E-005 0.179789 9.99462E-005 0.0898036 9.99462E-005 0.0349539 9.99462E-005 9.99462E-005 0.0144493
0.582346 0.123827 0.0191299 9.99551E-005 0.0754843 9.99551E-005 0.0843757 9.99551E-005 9.99551E-005 9.99551E-005 0.00530571 0.109032
0.508579 0.102272 0.0167113 9.99461E-005 0.252658 9.99461E-005 9.99461E-005 0.0299488 9.99461E-005 9.99461E-005 9.99461E-005 0.0892304
0.0676185 0.245072 9.99641E-005 9.99641E-005 0.110232 0.00619657 0.0224102 9.99641E-005 9.99641E-005 0.0201764 0.525885 0.00200858
0.0695693 0.833873 9.99282E-005 9.99282E-005 9.99282E-005 9.99282E-005 9.99282E-005 9.99282E-005 9.99282E-005 9.99282E-005 0.0454241 0.0503344
9.99192E-005 0.885104 9.99192E-005 9.99192E-005 9.99192E-005 9.99192E-005 9.99192E-005 9.99192E-005 9.99192E-005 9.99192E-005 0.098003 0.0159937
0.0563272 0.604151 0.0121397 9.99641E-005 0.000351463 9.99641E-005 9.99641E-005 9.99641E-005 0.0169401 0.0414464 0.258728 0.00951608
9.99281E-005 0.868789 9.99281E-005 9.99281E-005 9.99281E-005 9.99281E-005 9.99281E-005 0.0474395 9.99281E-005 0.040316 0.0426558 9.99281E-005
9.99009E-005 9.99009E-005 9.99009E-005 9.99009E-005 9.99009E-005 9.99009E-005 9.99009E-005 9.99009E-005 9.99009E-005 9.99009E-005 0.998901 9.99009E-005
9.99011E-005 9.99011E-005 9.99011E-005 9.99011E-005 9.99011E-005 9.99011E-005 9.99011E-005 9.99011E-005 9.99011E-005 9.99011E-005 0.998901 9.99011E-005
9.99012E-005 9.99012E-005 9.99012E-005 9.99012E-005 9.99012E-005 9.99012E-005 9.99012E-005 9.99012E-005 9.99012E-005 9.99012E-005 0.998901 9.99012E-005
9.99372E-005 0.759655 9.99372E-005 9.99372E-005 9.99372E-005 0.016301 0.102487 9.99372E-005 9.99372E-005 9.99372E-005 0.0725844 0.0482735
0.00410851 0.228458 9.99281E-005 9.99281E-005 9.99281E-005 0.00722201 9.99281E-005 9.99281E-005 9.99281E-005 9.99281E-005 0.759412 9.99281E-005
9.99282E-005 0.90902 9.99282E-005 9.99282E-005 0.0306945 9.99282E-005 0.045702 9.99282E-005 9.99282E-005 9.99282E-005 0.0137845 9.99282E-005
9.99011E-005 9.99011E-005 9.99011E-005 9.99011E-005 9.99011E-005 9.99011E-005 9.99011E-005 9.99011E-005 9.99011E-005 9.99011E-005 0.998901 9.99011E-005
0.0707546 0.671709 9.99282E-005 9.99282E-005 9.99282E-005 9.99282E-005 9.99282E-005 9.99282E-005 0.0974604 9.99282E-005 0.159277 9.99282E-005
9.99102E-005 9.99102E-005 9.99102E-005 9.99102E-005 9.99102E-005 9.99102E-005 9.99102E-005 0.0141053 9.99102E-005 9.99102E-005 0.984896 9.99102E-005
9.99192E-005 0.770343 9.99192E-005 9.99192E-005 0.121336 9.99192E-005 9.99192E-005 9.99192E-005 9.99192E-005 9.99192E-005 0.107421 9.99192E-005
0.0158186 0.692889 9.99282E-005 9.99282E-005 9.99282E-005 9.99282E-005 9.99282E-005 9.99282E-005 9.99282E-005 0.030345 0.260148 9.99282E-005
9.99462E-005 0.717563 9.99462E-005 0.0382282 0.0115357 9.99462E-005 9.99462E-005 9.99462E-005 0.0365163 9.99462E-005 0.153477 0.0420795
0.022366 0.82727 9.99282E-005 9.99282E-005 9.99282E-005 9.99282E-005 0.00530693 9.99282E-005 9.99282E-005 9.99282E-005 0.144258 9.99282E-005
0.017072 0.745835 0.0105185 0.000664674 9.99641E-005 0.00183891 0.101774 9.99641E-005 9.99641E-005 0.00702907 0.114868 9.99641E-005
0.0803632 0.0876591 9.99551E-005 0.0415309 0.0675002 0.00340474 9.99551E-005 9.99551E-005 9.99551E-005 0.00998074 9.99551E-005 0.709061
9.99012E-005 9.99012E-005 9.99012E-005 9.99012E-005 9.99012E-005 9.99012E-005 9.99012E-005 9.99012E-005 9.99012E-005 9.99012E-005 9.99012E-005 0.998901
9.99372E-005 9.99372E-005 9.99372E-005 0.039305 0.123228 0.0210162 9.99372E-005 9.99372E-005 9.99372E-005 9.99372E-005 0.0230965 0.792654
9.99282E-005 9.99282E-005 0.0087179 9.99282E-005 0.151456 9.99282E-005 9.99282E-005 0.0051737 9.99282E-005 9.99282E-005 9.99282E-005 0.833853
9.99372E-005 9.99372E-005 0.0104766 9.99372E-005 0.169968 0.032856 9.99372E-005 9.99372E-005 9.99372E-005 9.99372E-005 0.018199 0.7678
9.99192E-005 9.99192E-005 9.99192E-005 9.99192E-005 0.0358224 9.99192E-005 0.0263176 9.99192E-005 9.99192E-005 9.99192E-005 9.99192E-005 0.936961
9.99192E-005 9.99192E-005 0.00344657 9.99192E-005 0.211606 9.99192E-005 9.99192E-005 9.99192E-005 9.99192E-005 9.99192E-005 9.99192E-005 0.784048
0.00550374 9.99461E-005 0.000605175 9.99461E-005 0.0706949 9.99461E-005 0.0825284 9.99461E-005 9.99461E-005 9.99461E-005 0.0105504 0.829518
9.99192E-005 9.99192E-005 9.99192E-005 9.99192E-005 0.0886532 9.99192E-005 9.99192E-005 9.99192E-005 9.99192E-005 9.99192E-005 0.0027088 0.907739
0.0881651 9.99551E-005 9.99551E-005 0.0688848 0.000244554 9.99551E-005 0.577445 9.99551E-005 0.138501 9.99551E-005 0.0443949 0.0818652
9.99011E-005 9.99011E-005 0.998901 9.99011E-005 9.99011E-005 9.99011E-005 9.99011E-005 9.99011E-005 9.99011E-005 9.99011E-005 9.99011E-005 9.99011E-005
9.99191E-005 9.99191E-005 0.0194308 9.99191E-005 9.99191E-005 9.99191E-005 9.99191E-005 0.970596 9.99191E-005 9.99191E-005 9.99191E-005 0.00907377
9.99193E-005 9.99193E-005 9.99193E-005 9.99193E-005 0.0648563 9.99193E-005 0.931144 9.99193E-005 9.99193E-005 0.00310006 9.99193E-005 9.99193E-005
9.991E-005 9.991E-005 9.991E-005 9.991E-005 9.991E-005 9.991E-005 0.258121 0.74088 9.991E-005 9.991E-005 9.991E-005 9.991E-005
9.99103E-005 9.99103E-005 9.99103E-005 9.99103E-005 9.99103E-005 9.99103E-005 0.966283 9.99103E-005 9.99103E-005 9.99103E-005 0.0327179 9.99103E-005
9.99461E-005 0.126134 9.99461E-005 0.0146611 9.99461E-005 0.0156532 0.813196 9.99461E-005 0.0270131 0.002742 9.99461E-005 9.99461E-005
0.0175823 9.99551E-005 0.0197245 9.99551E-005 9.99551E-005 9.99551E-005 0.688731 9.99551E-005 0.0905888 0.0173256 0.028873 0.136675
0.0492646 9.99193E-005 9.99193E-005 0.0535763 9.99193E-005 9.99193E-005 0.89626 9.99193E-005 9.99193E-005 9.99193E-005 9.99193E-005 9.99193E-005
0.0294995 9.99193E-005 0.00360358 9.99193E-005 9.99193E-005 9.99193E-005 0.965998 9.99193E-005 9.99193E-005 9.99193E-005 9.99193E-005 9.99193E-005
9.993E-005 9.993E-005 9.993E-005 9.993E-005 0.0636453 0.042203 0.812463 9.993E-005 9.993E-005 0.0240599 0.0569295 9.993E-005
0.0494871 9.99282E-005 9.99282E-005 9.99282E-005 9.99282E-005 0.00656486 0.925606 0.0175426 9.99282E-005 9.99282E-005 9.99282E-005 9.99282E-005
9.99102E-005 9.99102E-005 9.99102E-005 9.99102E-005 9.99102E-005 9.99102E-005 0.977571 9.99102E-005 9.99102E-005 0.0214302 9.99102E-005 9.99102E-005
9.99102E-005 0.0426936 9.99102E-005 9.99102E-005 9.99102E-005 9.99102E-005 0.956307 9.99102E-005 9.99102E-005 9.99102E-005 9.99102E-005 9.99102E-005
0.00722432 0.0371547 9.99282E-005 9.99282E-005 9.99282E-005 9.99282E-005 9.99282E-005 9.99282E-005 0.95149 9.99282E-005 0.00333188 9.99282E-005
9.99282E-005 0.0801414 9.99282E-005 9.99282E-005 0.00190493 0.00553189 9.99282E-005 9.99282E-005 0.911622 9.99282E-005 9.99282E-005 9.99282E-005
0.00404686 9.99551E-005 0.00992895 9.99551E-005 0.0106299 9.99551E-005 0.0356287 9.99551E-005 0.865391 9.99551E-005 0.00890862 0.0649666
9.99372E-005 9.99372E-005 9.99372E-005 0.0896924 9.99372E-005 0.366988 9.99372E-005 0.0295092 0.487636 0.0254756 9.99372E-005 9.99372E-005
9.99371E-005 9.99371E-005 9.99371E-005 0.263212 9.99371E-005 0.342311 9.99371E-005 9.99371E-005 0.332102 0.0329724 0.0287032 9.99371E-005
9.99193E-005 9.99193E-005 9.99193E-005 9.99193E-005 9.99193E-005 0.995491 0.00220256 9.99193E-005 9.99193E-005 9.99193E-005 9.99193E-005 0.00140673
9.99011E-005 9.99011E-005 9.99011E-005 9.99011E-005 9.99011E-005 0.998901 9.99011E-005 9.99011E-005 9.99011E-005 9.99011E-005 9.99011E-005 9.99011E-005
9.99551E-005 0.0220939 9.99551E-005 0.0631157 9.99551E-005 0.443463 9.99551E-005 0.00119855 0.406885 0.0556918 9.99551E-005 0.00705257
9.99282E-005 9.99282E-005 9.99282E-005 0.15642 9.99282E-005 0.40499 9.99282E-005 9.99282E-005 0.378595 0.0591959 9.99282E-005 9.99282E-005
9.99192E-005 0.00531885 9.99192E-005 9.99192E-005 0.0396384 0.954143 9.99192E-005 9.99192E-005 9.99192E-005 9.99192E-005 9.99192E-005 9.99192E-005
9.99012E-005 9.99012E-005 9.99012E-005 9.99012E-005 9.99012E-005 0.998901 9.99012E-005 9.99012E-005 9.99012E-005 9.99012E-005 9.99012E-005 9.99012E-005
9.99371E-005 0.0181047 9.99371E-005 0.0321952 9.99371E-005 0.334225 9.99371E-005 9.99371E-005 0.566023 0.0487523 9.99371E-005 9.99371E-005
9.99192E-005 9.99192E-005 9.99192E-005 9.99192E-005 9.99192E-005 0.97646 0.0175807 9.99192E-005 9.99192E-005 9.99192E-005 0.00505972 9.99192E-005
9.99191E-005 9.99191E-005 0.00821095 9.99191E-005 9.99191E-005 0.979902 0.010988 9.99191E-005 9.99191E-005 9.99191E-005 9.99191E-005 9.99191E-005
9.99102E-005 9.99102E-005 9.99102E-005 9.99102E-005 9.99102E-005 0.9829 9.99102E-005 0.0161008 9.99102E-005 9.99102E-005 9.99102E-005 9.99102E-005
9.99192E-005 9.99192E-005 9.99192E-005 9.99192E-005 9.99192E-005 0.945955 9.99192E-005 9.99192E-005 0.049595 0.00355089 9.99192E-005 9.99192E-005
9.99281E-005 9.99281E-005 9.99281E-005 0.000293888 9.99281E-005 0.956113 9.99281E-005 9.99281E-005 9.99281E-005 0.0109191 0.0318741 9.99281E-005
9.99283E-005 0.949214 9.99283E-005 9.99283E-005 0.0324938 9.99283E-005 9.99283E-005 9.99283E-005 9.99283E-005 0.0111803 9.99283E-005 0.00631291
0.0105518 9.99461E-005 0.0111516 9.99461E-005 0.122869 9.99461E-005 9.99461E-005 9.99461E-005 9.99461E-005 0.00237698 0.0215374 0.830913
9.99192E-005 9.99192E-005 9.99192E-005 9.99192E-005 0.00657541 9.99192E-005 9.99192E-005 9.99192E-005 9.99192E-005 9.99192E-005 0.0562576 0.936268
9.99282E-005 9.99282E-005 9.99282E-005 0.969466 9.99282E-005 0.0187615 9.99282E-005 9.99282E-005 9.99282E-005 0.00954904 0.00142453 9.99282E-005
9.99282E-005 9.99282E-005 9.99282E-005 0.927218 9.99282E-005 0.0423312 9.99282E-005 0.0203815 9.99282E-005 0.00927032 9.99282E-005 9.99282E-005
9.99192E-005 9.99192E-005 9.99192E-005 0.875371 9.99192E-005 0.0359392 9.99192E-005 9.99192E-005 9.99192E-005 0.0877904 9.99192E-005 9.99192E-005
9.99192E-005 9.99192E-005 9.99192E-005 0.849857 0.0308309 9.99192E-005 9.99192E-005 9.99192E-005 9.99192E-005 0.118413 9.99192E-005 9.99192E-005
9.99372E-005 9.99372E-005 9.99372E-005 0.795435 9.99372E-005 9.99372E-005 0.0192357 0.000865282 0.022209 0.161556 9.99372E-005 9.99372E-005
9.99371E-005 9.99371E-005 9.99371E-005 0.866328 9.99371E-005 9.99371E-005 9.99371E-005 0.0247805 0.00703136 0.0823701 0.01879 9.99371E-005
9.99372E-005 0.00179427 9.99372E-005 0.789565 9.99372E-005 9.99372E-005 9.99372E-005 0.0182894 9.99372E-005 0.146184 0.0434673 9.99372E-005
9.99282E-005 9.99282E-005 9.99282E-005 0.714489 9.99282E-005 9.99282E-005 0.0261072 9.99282E-005 0.0673295 0.191275 9.99282E-005 9.99282E-005
9.99372E-005 0.0479581 0.00773271 0.878528 9.99372E-005 9.99372E-005 0.0295248 9.99372E-005 9.99372E-005 0.0355563 9.99372E-005 9.99372E-005
0.0155811 9.99371E-005 0.00779294 0.84252 9.99371E-005 9.99371E-005 0.0305597 9.99371E-005 9.99371E-005 0.102847 9.99371E-005 9.99371E-005
9.99283E-005 9.99283E-005 9.99283E-005 0.91071 0.0146251 9.99283E-005 9.99283E-005 9.99283E-005 9.99283E-005 0.0714479 0.00241764 9.99283E-005
9.99552E-005 9.99552E-005 0.00159308 0.816671 9.99552E-005 0.0410461 0.0163511 0.0514481 9.99552E-005 0.0678236 0.00456755 9.99552E-005
9.99102E-005 9.99102E-005 9.99102E-005 0.939346 9.99102E-005 9.99102E-005 0.0596551 9.99102E-005 9.99102E-005 9.99102E-005 9.99102E-005 9.99102E-005
9.99282E-005 9.99282E-005 9.99282E-005 0.86994 9.99282E-005 0.0337701 0.00141125 9.99282E-005 9.99282E-005 0.0940789 9.99282E-005 9.99282E-005
9.99282E-005 9.99282E-005 9.99282E-005 0.842376 9.99282E-005 9.99282E-005 9.99282E-005 0.0128924 0.0312431 0.112689 9.99282E-005 9.99282E-005
9.99371E-005 9.99371E-005 9.99371E-005 0.781052 0.0531696 9.99371E-005 9.99371E-005 0.0480202 9.99371E-005 0.1108 0.00625865 9.99371E-005
9.99282E-005 9.99282E-005 9.99282E-005 0.901392 9.99282E-005 0.0612805 9.99282E-005 0.00237641 9.99282E-005 0.0341513 9.99282E-005 9.99282E-005
0.00302753 9.99372E-005 9.99372E-005 0.869747 9.99372E-005 9.99372E-005 9.99372E-005 0.017731 9.99372E-005 0.0881684 9.99372E-005 0.0206265
9.99283E-005 9.99283E-005 0.00191656 0.860183 9.99283E-005 9.99283E-005 9.99283E-005 9.99283E-005 0.0314141 0.105687 9.99283E-005 9.99283E-005
9.994E-005 0.0793339 0.0119392 0.69993 9.994E-005 0.019629 9.994E-005 0.0104736 9.994E-005 0.178095 9.994E-005 9.994E-005
9.99462E-005 0.0180643 0.00222393 0.819529 9.99462E-005 0.0182498 9.99462E-005 0.00742312 9.99462E-005 0.13391 9.99462E-005 9.99462E-005
9.99282E-005 9.99282E-005 9.99282E-005 0.921524 0.0545809 0.0145068 9.99282E-005 0.00858898 9.99282E-005 9.99282E-005 9.99282E-005 9.99282E-005
0.0235265 9.99282E-005 9.99282E-005 0.768561 9.99282E-005 9.99282E-005 9.99282E-005 0.0325337 9.99282E-005 0.17458 9.99282E-005 9.99282E-005
9.99371E-005 9.99371E-005 0.00877751 0.795367 9.99371E-005 9.99371E-005 0.113129 9.99371E-005 9.99371E-005 0.0719067 0.010121 9.99371E-005
9.99192E-005 9.99192E-005 9.99192E-005 0.857334 9.99192E-005 9.99192E-005 9.99192E-005 9.99192E-005 0.0281741 0.113593 9.99192E-005 9.99192E-005
0.0297636 9.99461E-005 0.00267249 0.838563 9.99461E-005 9.99461E-005 9.99461E-005 0.0398306 9.99461E-005 0.0737101 0.0148601 9.99461E-005
9.99191E-005 9.99191E-005 9.99191E-005 0.116555 9.99191E-005 0.298207 9.99191E-005 9.99191E-005 0.584339 9.99191E-005 9.99191E-005 9.99191E-005
9.99371E-005 0.254006 9.99371E-005 0.0893868 9.99371E-005 0.166899 9.99371E-005 0.031636 0.457373 9.99371E-005 9.99371E-005 9.99371E-005
9.99462E-005 0.00180737 9.99462E-005 0.308219 9.99462E-005 0.273797 9.99462E-005 9.99462E-005 0.384071 0.00878099 0.0227252 9.99462E-005
0.00496862 0.0978968 9.99461E-005 9.99461E-005 0.806571 0.0374174 9.99461E-005 9.99461E-005 9.99461E-005 0.0119207 9.99461E-005 0.0406257
9.99009E-005 9.99009E-005 9.99009E-005 9.99009E-005 0.998901 9.99009E-005 9.99009E-005 9.99009E-005 9.99009E-005 9.99009E-005 9.99009E-005 9.99009E-005
9.99103E-005 9.99103E-005 9.99103E-005 9.99103E-005 0.947332 9.99103E-005 0.0516686 9.99103E-005 9.99103E-005 9.99103E-005 9.99103E-005 9.99103E-005
9.99011E-005 9.99011E-005 9.99011E-005 9.99011E-005 0.998901 9.99011E-005 9.99011E-005 9.99011E-005 9.99011E-005 9.99011E-005 9.99011E-005 9.99011E-005
9.99103E-005 9.99103E-005 9.99103E-005 9.99103E-005 0.923406 9.99103E-005 9.99103E-005 9.99103E-005 9.99103E-005 9.99103E-005 9.99103E-005 0.075595
9.99012E-005 9.99012E-005 9.99012E-005 9.99012E-005 0.998901 9.99012E-005 9.99012E-005 9.99012E-005 9.99012E-005 9.99012E-005 9.99012E-005 9.99012E-005
0.0914138 0.0725885 0.020995 9.99641E-005 0.506102 0.0224412 0.037667 9.99641E-005 9.99641E-005 9.99641E-005 0.0595992 0.188794
9.99282E-005 9.99282E-005 0.00858359 9.99282E-005 9.99282E-005 9.99282E-005 9.99282E-005 0.00682944 9.99282E-005 9.99282E-005 0.00614914 0.977638
9.99013E-005 9.99013E-005 9.99013E-005 9.99013E-005 9.99013E-005 9.99013E-005 9.99013E-005 9.99013E-005 9.99013E-005 9.99013E-005 9.99013E-005 0.998901
0.0300853 9.99641E-005 0.01005 9.99641E-005 0.00300122 0.0259604 9.99641E-005 9.99641E-005 0.00731165 0.00664457 0.0644838 0.852063
9.99462E-005 0.339083 9.99462E-005 0.354363 0.166355 9.99462E-005 9.99462E-005 9.99462E-005 9.99462E-005 0.115401 0.0107218 0.0134768
0.425363 0.234364 9.9973E-005 0.0264868 0.0416586 9.9973E-005 0.127799 0.0803712 9.9973E-005 0.0156354 0.0399416 0.00808014
0.105028 9.9928E-005 9.9928E-005 9.9928E-005 0.000698813 9.9928E-005 9.9928E-005 0.882557 9.9928E-005 9.9928E-005 0.0109168 9.9928E-005
9.99192E-005 9.99192E-005 9.99192E-005 0.0434202 9.99192E-005 9.99192E-005 0.0590028 9.99192E-005 0.896678 9.99192E-005 9.99192E-005 9.99192E-005
0.0694212 9.99192E-005 9.99192E-005 9.99192E-005 9.99192E-005 0.00754674 9.99192E-005 9.99192E-005 0.922133 9.99192E-005 9.99192E-005 9.99192E-005
9.99189E-005 9.99189E-005 9.99189E-005 0.0747267 9.99189E-005 9.99189E-005 9.99189E-005 0.913953 9.99189E-005 0.0104214 9.99189E-005 9.99189E-005
9.99283E-005 9.99283E-005 9.99283E-005 0.78332 9.99283E-005 0.00747347 0.0348084 9.99283E-005 9.99283E-005 0.173599 9.99283E-005 9.99283E-005
9.99102E-005 9.99102E-005 9.99102E-005 0.124784 9.99102E-005 9.99102E-005 9.99102E-005 9.99102E-005 9.99102E-005 0.874217 9.99102E-005 9.99102E-005
0.0106136 0.0149276 0.0164688 0.732409 9.99731E-005 0.00283379 0.0199539 0.0362973 9.99731E-005 0.16478 0.00141566 9.99731E-005
9.99008E-005 9.99008E-005 9.99008E-005 9.99008E-005 9.99008E-005 9.99008E-005 9.99008E-005 9.99008E-005 9.99008E-005 0.998901 9.99008E-005 9.99008E-005
9.99371E-005 9.99371E-005 0.0102886 0.889004 0.012418 9.99371E-005 0.0376711 9.99371E-005 9.99371E-005 0.0499191 9.99371E-005 9.99371E-005
9.99282E-005 9.99282E-005 9.99282E-005 0.873333 9.99282E-005 0.00461044 0.0472783 9.99282E-005 9.99282E-005 0.0739792 9.99282E-005 9.99282E-005
9.99282E-005 9.99282E-005 0.00268661 0.920119 0.0366529 9.99282E-005 9.99282E-005 9.99282E-005 9.99282E-005 0.0397423 9.99282E-005 9.99282E-005
9.99009E-005 9.99009E-005 9.99009E-005 9.99009E-005 9.99009E-005 9.99009E-005 9.99009E-005 9.99009E-005 9.99009E-005 0.998901 9.99009E-005 9.99009E-005
9.993E-005 9.993E-005 9.993E-005 0.794988 9.993E-005 9.993E-005 9.993E-005 0.00662951 0.0292835 0.124516 9.993E-005 0.0438828
9.99282E-005 9.99282E-005 9.99282E-005 0.858318 9.99282E-005 0.0507966 9.99282E-005 0.00491068 9.99282E-005 0.0851754 9.99282E-005 9.99282E-005
9.99462E-005 0.00382396 0.00323829 0.861295 0.0119414 9.99462E-005 9.99462E-005 9.99462E-005 9.99462E-005 0.117708 9.99462E-005 0.00139355
9.99461E-005 0.0225832 9.99461E-005 0.848663 0.000616614 0.0167602 9.99461E-005 9.99461E-005 9.99461E-005 0.100699 9.99461E-005 0.0100789
9.99371E-005 0.0751216 0.00730633 0.770612 9.99371E-005 0.00173554 9.99371E-005 9.99371E-005 9.99371E-005 0.144525 9.99371E-005 9.99371E-005
9.99372E-005 0.00307023 9.99372E-005 0.892354 9.99372E-005 9.99372E-005 0.00561616 9.99372E-005 9.99372E-005 0.0636951 0.0345646 9.99372E-005
9.99282E-005 9.99282E-005 9.99282E-005 0.659995 9.99282E-005 9.99282E-005 0.0701105 0.0572102 9.99282E-005 0.211885 9.99282E-005 9.99282E-005
0.0461358 0.659085 9.99551E-005 9.99551E-005 0.171834 0.0553874 9.99551E-005 9.99551E-005 9.99551E-005 0.00625938 0.0590494 0.00174906
0.0888616 0.86174 0.00232392 9.99551E-005 0.0158864 0.0048159 9.99551E-005 9.99551E-005 9.99551E-005 9.99551E-005 0.0190532 0.00681891
0.160454 0.625729 9.99551E-005 0.00107657 9.99551E-005 0.0271774 9.99551E-005 0.00682895 9.99551E-005 9.99551E-005 0.0907308 0.0875039
9.99103E-005 9.99103E-005 9.99103E-005 0.0119408 9.99103E-005 9.99103E-005 9.99103E-005 9.99103E-005 9.99103E-005 9.99103E-005 9.99103E-005 0.98706
9.99192E-005 9.99192E-005 9.99192E-005 9.99192E-005 9.99192E-005 9.99192E-005 0.013373 9.99192E-005 9.99192E-005 9.99192E-005 0.0301573 0.95557
9.99283E-005 0.0538506 9.99283E-005 9.99283E-005 0.0198401 9.99283E-005 0.047172 9.99283E-005 9.99283E-005 9.99283E-005 9.99283E-005 0.878338
0.0062064 9.99371E-005 9.99371E-005 9.99371E-005 0.0524011 9.99371E-005 0.0547153 9.99371E-005 9.99371E-005 9.99371E-005 0.0337689 0.852209
9.99013E-005 9.99013E-005 9.99013E-005 9.99013E-005 9.99013E-005 9.99013E-005 9.99013E-005 9.99013E-005 0.998901 9.99013E-005 9.99013E-005 9.99013E-005
9.99281E-005 9.99281E-005 9.99281E-005 9.99281E-005 0.0227686 9.99281E-005 0.0355236 9.99281E-005 0.9307 9.99281E-005 0.0102079 9.99281E-005
9.99372E-005 0.0157851 9.99372E-005 9.99372E-005 0.0501066 9.99372E-005 9.99372E-005 0.00503649 0.909454 9.99372E-005 9.99372E-005 0.0189182
0.0292006 0.8144 9.99552E-005 9.99552E-005 0.0824478 9.99552E-005 0.0014821 9.99552E-005 0.00870245 0.024107 0.0391603 9.99552E-005
9.99193E-005 0.965865 0.01019 9.99193E-005 9.99193E-005 9.99193E-005 9.99193E-005 9.99193E-005 0.0230457 9.99193E-005 9.99193E-005 9.99193E-005
0.141075 0.639809 9.99551E-005 0.0692733 0.0606628 0.00431348 9.99551E-005 9.99551E-005 0.070705 9.99551E-005 0.0136613 9.99551E-005
9.99371E-005 0.881743 0.0105822 0.0411194 9.99371E-005 9.99371E-005 9.99371E-005 0.0252862 0.0405698 9.99371E-005 9.99371E-005 9.99371E-005
