9.99102E-005 9.99102E-005 9.99102E-005 9.99102E-005 0.997743 9.99102E-005 0.00125766 9.99102E-005 9.99102E-005 9.99102E-005 9.99102E-005 9.99102E-005
9.99191E-005 9.99191E-005 9.99191E-005 9.99191E-005 0.497778 9.99191E-005 9.99191E-005 9.99191E-005 0.500786 9.99191E-005 9.99191E-005 0.000536731
9.99281E-005 0.0649054 9.99281E-005 9.99281E-005 0.71037 9.99281E-005 9.99281E-005 9.99281E-005 0.202024 9.99281E-005 9.99281E-005 0.0219014
0.100364 9.99372E-005 9.99372E-005 0.0189679 0.576983 9.99372E-005 9.99372E-005 9.99372E-005 0.192336 0.110649 9.99372E-005 9.99372E-005
9.99011E-005 9.99011E-005 9.99011E-005 9.99011E-005 0.998901 9.99011E-005 9.99011E-005 9.99011E-005 9.99011E-005 9.99011E-005 9.99011E-005 9.99011E-005
9.991E-005 9.991E-005 9.991E-005 9.991E-005 0.300116 9.991E-005 9.991E-005 9.991E-005 0.698885 9.991E-005 9.991E-005 9.991E-005
9.991E-005 9.991E-005 9.991E-005 9.991E-005 0.867175 9.991E-005 9.991E-005 9.991E-005 0.131826 9.991E-005 9.991E-005 9.991E-005
0.0206335 9.99461E-005 9.99461E-005 0.0277571 0.0693424 9.99461E-005 9.99461E-005 0.00305709 0.72826 0.15035 9.99461E-005 9.99461E-005
9.99009E-005 9.99009E-005 9.99009E-005 9.99009E-005 9.99009E-005 9.99009E-005 9.99009E-005 9.99009E-005 0.998901 9.99009E-005 9.99009E-005 9.99009E-005
9.99011E-005 9.99011E-005 9.99011E-005 9.99011E-005 9.99011E-005 9.99011E-005 9.99011E-005 9.99011E-005 0.998901 9.99011E-005 9.99011E-005 9.99011E-005
9.99282E-005 9.99282E-005 9.99282E-005 9.99282E-005 0.0500963 0.0267473 0.004836 9.99282E-005 0.917521 9.99282E-005 9.99282E-005 9.99282E-005
9.99282E-005 9.99282E-005 9.99282E-005 0.0548936 0.75339 9.99282E-005 9.99282E-005 9.99282E-005 9.99282E-005 0.158719 9.99282E-005 0.0321974
0.0400622 0.00751258 0.0237035 9.99461E-005 0.83261 9.99461E-005 0.0191212 9.99461E-005 9.99461E-005 9.99461E-005 0.0763909 9.99461E-005
9.99552E-005 0.0893776 9.99552E-005 0.0454983 0.570504 9.99552E-005 0.0598617 0.0151751 0.169559 0.0495245 9.99552E-005 9.99552E-005
0.124058 9.99641E-005 0.0587055 0.0288649 0.563263 0.0939193 9.99641E-005 0.0310443 9.99641E-005 0.0404697 0.059275 9.99641E-005
0.0699858 0.108329 9.99372E-005 9.99372E-005 0.661374 9.99372E-005 9.99372E-005 0.00928695 9.99372E-005 9.99372E-005 0.150325 9.99372E-005
0.0387016 0.0227816 9.99551E-005 0.0820797 0.645497 9.99551E-005 0.00242255 9.99551E-005 0.0426857 0.165332 9.99551E-005 9.99551E-005
9.99371E-005 0.118607 9.99371E-005 0.0184568 0.711186 0.0312331 9.99371E-005 9.99371E-005 9.99371E-005 9.99371E-005 0.119817 9.99371E-005
9.99461E-005 0.0573064 9.99461E-005 0.0330789 0.0710162 9.99461E-005 0.0226212 9.99461E-005 9.99461E-005 9.99461E-005 0.287821 0.527557
9.99192E-005 9.99192E-005 9.99192E-005 0.0071715 0.0783215 9.99192E-005 9.99192E-005 9.99192E-005 9.99192E-005 9.99192E-005 0.913608 9.99192E-005
9.99102E-005 9.99102E-005 9.99102E-005 9.99102E-005 9.99102E-005 9.99102E-005 9.99102E-005 9.99102E-005 9.99102E-005 9.99102E-005 0.948947 0.0500543
9.99641E-005 0.00578045 9.99641E-005 0.00407832 0.00173439 9.99641E-005 0.0256305 9.99641E-005 0.0165364 0.182802 0.546039 0.216999
9.99371E-005 9.99371E-005 9.99371E-005 9.99371E-005 9.99371E-005 0.0217812 0.0376296 9.99371E-005 0.0132024 9.99371E-005 0.91759 0.00909753
9.99009E-005 9.99009E-005 9.99009E-005 9.99009E-005 9.99009E-005 9.99009E-005 9.99009E-005 9.99009E-005 9.99009E-005 9.99009E-005 9.99009E-005 0.998901
9.99101E-005 9.99101E-005 9.99101E-005 9.99101E-005 9.99101E-005 9.99101E-005 9.99101E-005 9.99101E-005 9.99101E-005 0.0267799 9.99101E-005 0.972221
9.99012E-005 9.99012E-005 9.99012E-005 9.99012E-005 9.99012E-005 9.99012E-005 9.99012E-005 9.99012E-005 9.99012E-005 9.99012E-005 9.99012E-005 0.998901
9.99282E-005 9.99282E-005 0.0095804 0.0128213 9.99282E-005 9.99282E-005 9.99282E-005 9.99282E-005 9.99282E-005 0.934109 9.99282E-005 0.0426902
9.99191E-005 9.99191E-005 9.99191E-005 9.99191E-005 9.99191E-005 9.99191E-005 9.99191E-005 0.000339564 9.99191E-005 9.99191E-005 0.257859 0.740902
9.99282E-005 0.0280834 9.99282E-005 9.99282E-005 9.99282E-005 0.00778156 9.99282E-005 9.99282E-005 9.99282E-005 0.046435 0.916901 9.99282E-005
9.99011E-005 9.99011E-005 9.99011E-005 9.99011E-005 9.99011E-005 9.99011E-005 9.99011E-005 9.99011E-005 9.99011E-005 9.99011E-005 9.99011E-005 0.998901
9.99282E-005 9.99282E-005 9.99282E-005 9.99282E-005 9.99282E-005 9.99282E-005 9.99282E-005 9.99282E-005 0.0335165 0.413599 0.418893 0.133193
9.99012E-005 9.99012E-005 9.99012E-005 9.99012E-005 9.99012E-005 9.99012E-005 9.99012E-005 9.99012E-005 9.99012E-005 9.99012E-005 9.99012E-005 0.998901
9.99282E-005 0.0870201 9.99282E-005 9.99282E-005 9.99282E-005 9.99282E-005 9.99282E-005 9.99282E-005 9.99282E-005 0.124416 0.700851 0.0869132
9.99372E-005 9.99372E-005 9.99372E-005 9.99372E-005 9.99372E-005 9.99372E-005 0.0229444 0.0157105 0.0518761 9.99372E-005 0.656911 0.251859
9.99641E-005 0.0178308 0.0323289 0.0280539 9.99641E-005 9.99641E-005 9.99641E-005 0.00190916 0.0100105 0.21744 0.554949 0.137078
9.99191E-005 9.99191E-005 9.99191E-005 9.99191E-005 0.0202337 9.99191E-005 9.99191E-005 9.99191E-005 9.99191E-005 9.99191E-005 0.900528 0.0783387
9.99103E-005 9.99103E-005 9.99103E-005 9.99103E-005 9.99103E-005 9.99103E-005 9.99103E-005 9.99103E-005 9.99103E-005 0.928683 9.99103E-005 0.0703184
9.995E-005 0.0470419 0.0443841 0.706729 0.136931 9.995E-005 0.00203287 0.00541908 9.995E-005 9.995E-005 0.0569623 9.995E-005
9.99192E-005 9.99192E-005 9.99192E-005 0.990202 9.99192E-005 0.00790755 9.99192E-005 9.99192E-005 0.000991112 9.99192E-005 9.99192E-005 9.99192E-005
9.99552E-005 0.0869353 0.00977131 0.803127 9.99552E-005 9.99552E-005 0.00285949 0.0479514 9.99552E-005 0.0216625 9.99552E-005 0.0271937
9.99282E-005 0.123692 9.99282E-005 0.81316 9.99282E-005 0.0149041 9.99282E-005 9.99282E-005 9.99282E-005 0.0474442 9.99282E-005 9.99282E-005
9.99372E-005 0.204826 9.99372E-005 0.738735 9.99372E-005 9.99372E-005 9.99372E-005 0.0320521 9.99372E-005 0.016622 9.99372E-005 0.00706498
9.99191E-005 0.0395985 9.99191E-005 0.889381 9.99191E-005 9.99191E-005 9.99191E-005 9.99191E-005 9.99191E-005 0.0701212 9.99191E-005 9.99191E-005
9.99192E-005 0.198008 9.99192E-005 0.781174 9.99192E-005 9.99192E-005 9.99192E-005 9.99192E-005 9.99192E-005 9.99192E-005 0.0199191 9.99192E-005
0.0645961 0.0522891 9.99551E-005 0.795086 0.0360353 9.99551E-005 0.00725975 9.99551E-005 9.99551E-005 0.0329343 9.99551E-005 0.0112993
9.99192E-005 0.0498276 9.99192E-005 0.930912 9.99192E-005 9.99192E-005 9.99192E-005 9.99192E-005 9.99192E-005 9.99192E-005 9.99192E-005 0.0183616
0.617384 0.0440574 0.0731516 0.0635165 0.0618031 9.99641E-005 9.99641E-005 9.99641E-005 0.0498571 0.0623416 9.99641E-005 0.0274887
9.99019E-005 9.99019E-005 9.99019E-005 9.99019E-005 9.99019E-005 0.998901 9.99019E-005 9.99019E-005 9.99019E-005 9.99019E-005 9.99019E-005 9.99019E-005
9.99277E-005 9.99277E-005 0.0103274 0.0346196 9.99277E-005 0.924981 0.0292725 9.99277E-005 9.99277E-005 9.99277E-005 9.99277E-005 9.99277E-005
0.881542 0.117459 9.99103E-005 9.99103E-005 9.99103E-005 9.99103E-005 9.99103E-005 9.99103E-005 9.99103E-005 9.99103E-005 9.99103E-005 9.99103E-005
0.351801 9.99188E-005 0.11317 9.99188E-005 9.99188E-005 0.53413 9.99188E-005 9.99188E-005 9.99188E-005 9.99188E-005 9.99188E-005 9.99188E-005
0.904917 9.99192E-005 9.99192E-005 9.99192E-005 0.0663193 9.99192E-005 9.99192E-005 9.99192E-005 9.99192E-005 9.99192E-005 9.99192E-005 0.027864
0.773793 9.99372E-005 0.026381 0.0229306 9.99372E-005 9.99372E-005 9.99372E-005 0.0226541 9.99372E-005 9.99372E-005 0.153542 9.99372E-005
0.708742 9.99461E-005 9.99461E-005 0.0866248 0.0959247 9.99461E-005 0.0434554 9.99461E-005 9.99461E-005 0.0517507 9.99461E-005 0.0129029
0.809653 9.99193E-005 0.0478609 9.99193E-005 0.141587 9.99193E-005 9.99193E-005 9.99193E-005 9.99193E-005 9.99193E-005 9.99193E-005 9.99193E-005
0.914213 9.99192E-005 9.99192E-005 0.00342763 9.99192E-005 9.99192E-005 9.99192E-005 9.99192E-005 0.0814603 9.99192E-005 9.99192E-005 9.99192E-005
0.753634 0.0761679 9.9955E-005 9.9955E-005 0.00281256 9.9955E-005 0.0254435 0.0605044 9.9955E-005 0.0243609 9.9955E-005 0.0565765
0.900731 0.00202572 9.99282E-005 9.99282E-005 0.0394584 9.99282E-005 9.99282E-005 9.99282E-005 0.0569855 9.99282E-005 9.99282E-005 9.99282E-005
0.956807 9.99192E-005 9.99192E-005 9.99192E-005 9.99192E-005 9.99192E-005 0.0409096 9.99192E-005 0.00138374 9.99192E-005 9.99192E-005 9.99192E-005
0.909007 9.99102E-005 9.99102E-005 9.99102E-005 9.99102E-005 9.99102E-005 9.99102E-005 9.99102E-005 9.99102E-005 0.0899944 9.99102E-005 9.99102E-005
0.492478 9.99372E-005 0.0715638 9.99372E-005 9.99372E-005 9.99372E-005 9.99372E-005 0.216625 0.0130114 9.99372E-005 0.205622 9.99372E-005
0.46819 9.99371E-005 0.0128666 9.99371E-005 9.99371E-005 9.99371E-005 9.99371E-005 0.241104 0.0335277 9.99371E-005 0.243612 9.99371E-005
0.554273 9.99462E-005 0.0141084 0.0216831 9.99462E-005 9.99462E-005 9.99462E-005 0.211204 0.11771 9.99462E-005 0.080421 9.99462E-005
0.155014 9.99372E-005 0.1001 9.99372E-005 9.99372E-005 9.99372E-005 0.0949154 0.558364 9.99372E-005 0.0909071 9.99372E-005 9.99372E-005
0.0892462 9.99461E-005 0.305453 9.99461E-005 9.99461E-005 9.99461E-005 0.0389457 0.446805 9.99461E-005 0.0834293 9.99461E-005 0.0355215
9.99013E-005 9.99013E-005 9.99013E-005 9.99013E-005 9.99013E-005 9.99013E-005 9.99013E-005 0.998901 9.99013E-005 9.99013E-005 9.99013E-005 9.99013E-005
9.99011E-005 9.99011E-005 9.99011E-005 9.99011E-005 9.99011E-005 9.99011E-005 9.99011E-005 0.998901 9.99011E-005 9.99011E-005 9.99011E-005 9.99011E-005
0.147206 9.99461E-005 0.0748689 9.99461E-005 0.00782496 9.99461E-005 0.10056 0.557992 9.99461E-005 0.110949 9.99461E-005 9.99461E-005
0.2017 9.99371E-005 0.159334 9.99371E-005 9.99371E-005 9.99371E-005 0.0868029 0.517 9.99371E-005 9.99371E-005 0.0344643 9.99371E-005
9.99191E-005 0.0266227 9.99191E-005 9.99191E-005 0.00449685 9.99191E-005 9.99191E-005 0.967981 9.99191E-005 9.99191E-005 9.99191E-005 9.99191E-005
9.99012E-005 9.99012E-005 9.99012E-005 9.99012E-005 9.99012E-005 9.99012E-005 9.99012E-005 0.998901 9.99012E-005 9.99012E-005 9.99012E-005 9.99012E-005
0.129112 9.99372E-005 0.0824322 9.99372E-005 9.99372E-005 9.99372E-005 0.0810161 0.538921 9.99372E-005 9.99372E-005 0.167819 9.99372E-005
9.99102E-005 9.99102E-005 9.99102E-005 0.00126561 9.99102E-005 9.99102E-005 9.99102E-005 0.997735 9.99102E-005 9.99102E-005 9.99102E-005 9.99102E-005
9.99101E-005 9.99101E-005 9.99101E-005 9.99101E-005 9.99101E-005 9.99101E-005 9.99101E-005 0.99742 0.00158086 9.99101E-005 9.99101E-005 9.99101E-005
9.99083E-005 9.99083E-005 9.99083E-005 9.99083E-005 9.99083E-005 9.99083E-005 9.99083E-005 0.998901 9.99083E-005 9.99083E-005 9.99083E-005 9.99083E-005
9.99102E-005 9.99102E-005 9.99102E-005 9.99102E-005 9.99102E-005 9.99102E-005 9.99102E-005 0.988165 0.0108356 9.99102E-005 9.99102E-005 9.99102E-005
9.99101E-005 9.99101E-005 9.99101E-005 9.99101E-005 9.99101E-005 9.99101E-005 9.99101E-005 0.977152 9.99101E-005 9.99101E-005 9.99101E-005 0.021849
9.99013E-005 9.99013E-005 9.99013E-005 9.99013E-005 9.99013E-005 9.99013E-005 9.99013E-005 9.99013E-005 9.99013E-005 0.998901 9.99013E-005 9.99013E-005
9.99371E-005 0.0746566 9.99371E-005 0.805125 9.99371E-005 9.99371E-005 9.99371E-005 9.99371E-005 0.00414901 0.110607 9.99371E-005 0.00476302
9.99281E-005 9.99281E-005 9.99281E-005 0.928245 9.99281E-005 9.99281E-005 9.99281E-005 9.99281E-005 0.0260502 0.00879133 9.99281E-005 0.0361142
9.99192E-005 9.99192E-005 0.962467 9.99192E-005 9.99192E-005 9.99192E-005 9.99192E-005 0.0223409 9.99192E-005 9.99192E-005 9.99192E-005 0.014293
9.99283E-005 9.99283E-005 0.935407 9.99283E-005 9.99283E-005 0.00384027 0.0132878 0.0466652 9.99283E-005 9.99283E-005 9.99283E-005 9.99283E-005
9.99193E-005 9.99193E-005 0.899114 9.99193E-005 9.99193E-005 9.99193E-005 0.0708199 0.0291664 9.99193E-005 9.99193E-005 9.99193E-005 9.99193E-005
9.99192E-005 0.0311059 0.875184 9.99192E-005 9.99192E-005 9.99192E-005 0.0928106 9.99192E-005 9.99192E-005 9.99192E-005 9.99192E-005 9.99192E-005
0.0909203 9.99193E-005 0.745635 9.99193E-005 9.99193E-005 9.99193E-005 0.162546 9.99193E-005 9.99193E-005 9.99193E-005 9.99193E-005 9.99193E-005
9.99371E-005 9.99371E-005 0.887804 9.99371E-005 0.0223044 9.99371E-005 0.0635149 9.99371E-005 9.99371E-005 9.99371E-005 0.0187735 0.00690325
9.99283E-005 9.99283E-005 0.788042 9.99283E-005 9.99283E-005 9.99283E-005 0.144644 9.99283E-005 9.99283E-005 9.99283E-005 0.0317784 0.034737
0.0414412 9.99462E-005 0.747562 0.0144733 0.00686454 9.99462E-005 0.178382 9.99462E-005 0.0106767 9.99462E-005 9.99462E-005 9.99462E-005
9.99192E-005 9.99192E-005 0.858323 9.99192E-005 9.99192E-005 9.99192E-005 0.0574675 9.99192E-005 9.99192E-005 9.99192E-005 0.0833107 9.99192E-005
0.0268886 9.99281E-005 0.854321 9.99281E-005 0.046107 9.99281E-005 0.0718836 9.99281E-005 9.99281E-005 9.99281E-005 9.99281E-005 9.99281E-005
9.99282E-005 0.0315333 0.936917 9.99282E-005 9.99282E-005 9.99282E-005 0.0303293 9.99282E-005 0.000420908 9.99282E-005 9.99282E-005 9.99282E-005
0.0258237 9.99372E-005 0.840673 9.99372E-005 9.99372E-005 0.025936 0.076804 9.99372E-005 9.99372E-005 0.0300636 9.99372E-005 9.99372E-005
0.0203654 9.99282E-005 0.937557 9.99282E-005 9.99282E-005 9.99282E-005 0.0238828 9.99282E-005 0.0173954 9.99282E-005 9.99282E-005 9.99282E-005
9.99192E-005 9.99192E-005 0.858847 9.99192E-005 9.99192E-005 9.99192E-005 0.107534 0.0327207 9.99192E-005 9.99192E-005 9.99192E-005 9.99192E-005
9.99192E-005 9.99192E-005 0.82808 9.99192E-005 9.99192E-005 9.99192E-005 0.112053 9.99192E-005 0.0589674 9.99192E-005 9.99192E-005 9.99192E-005
9.99282E-005 0.0471743 0.777371 9.99282E-005 9.99282E-005 9.99282E-005 0.119922 9.99282E-005 9.99282E-005 9.99282E-005 0.0547337 9.99282E-005
9.99192E-005 9.99192E-005 0.924479 9.99192E-005 9.99192E-005 9.99192E-005 0.0185935 0.0560286 9.99192E-005 9.99192E-005 9.99192E-005 9.99192E-005
9.99372E-005 9.99372E-005 0.882161 0.0425475 9.99372E-005 9.99372E-005 0.0551474 0.00260492 0.0168396 9.99372E-005 9.99372E-005 9.99372E-005
0.0343332 9.99193E-005 0.868574 9.99193E-005 9.99193E-005 9.99193E-005 0.0961932 9.99193E-005 9.99193E-005 9.99193E-005 9.99193E-005 9.99193E-005
9.99282E-005 9.99282E-005 0.703067 9.99282E-005 9.99282E-005 9.99282E-005 0.16352 0.00737292 9.99282E-005 0.12524 9.99282E-005 9.99282E-005
9.99282E-005 9.99282E-005 0.793866 9.99282E-005 9.99282E-005 9.99282E-005 0.139054 0.0131305 9.99282E-005 0.0531493 9.99282E-005 9.99282E-005
9.99193E-005 0.061586 0.915651 9.99193E-005 0.021864 9.99193E-005 9.99193E-005 9.99193E-005 9.99193E-005 9.99193E-005 9.99193E-005 9.99193E-005
9.99192E-005 9.99192E-005 0.788184 9.99192E-005 9.99192E-005 9.99192E-005 0.164248 9.99192E-005 0.0466693 9.99192E-005 9.99192E-005 9.99192E-005
0.114488 9.99371E-005 0.771722 9.99371E-005 9.99371E-005 9.99371E-005 0.075102 9.99371E-005 0.0227966 9.99371E-005 9.99371E-005 0.0151926
9.99192E-005 9.99192E-005 0.855806 9.99192E-005 9.99192E-005 9.99192E-005 0.131385 0.0119099 9.99192E-005 9.99192E-005 9.99192E-005 9.99192E-005
0.00501128 9.99371E-005 0.848775 9.99371E-005 9.99371E-005 0.0218375 0.0410125 9.99371E-005 0.0826639 9.99371E-005 9.99371E-005 9.99371E-005
0.145066 0.0174154 0.21599 9.99641E-005 9.99641E-005 9.99641E-005 0.0211034 0.548326 9.99641E-005 0.0135404 0.0277116 0.0104474
0.125081 9.99461E-005 0.177593 9.99461E-005 9.99461E-005 0.0105142 9.99461E-005 0.304089 9.99461E-005 0.221268 0.160856 9.99461E-005
0.173747 9.99552E-005 0.320365 9.99552E-005 9.99552E-005 9.99552E-005 0.0220306 0.382628 9.99552E-005 0.04469 0.0260477 0.0299919
9.994E-005 0.642346 9.994E-005 0.0414475 0.143485 0.00443527 9.994E-005 0.0360272 9.994E-005 9.994E-005 0.13166 9.994E-005
9.99009E-005 0.998901 9.99009E-005 9.99009E-005 9.99009E-005 9.99009E-005 9.99009E-005 9.99009E-005 9.99009E-005 9.99009E-005 9.99009E-005 9.99009E-005
9.99103E-005 0.98165 9.99103E-005 9.99103E-005 9.99103E-005 9.99103E-005 9.99103E-005 9.99103E-005 0.0173511 9.99103E-005 9.99103E-005 9.99103E-005
9.99101E-005 0.972247 9.99101E-005 9.99101E-005 9.99101E-005 9.99101E-005 9.99101E-005 9.99101E-005 9.99101E-005 9.99101E-005 0.0267543 9.99101E-005
9.99103E-005 0.897381 9.99103E-005 0.10162 9.99103E-005 9.99103E-005 9.99103E-005 9.99103E-005 9.99103E-005 9.99103E-005 9.99103E-005 9.99103E-005
9.99012E-005 0.998901 9.99012E-005 9.99012E-005 9.99012E-005 9.99012E-005 9.99012E-005 9.99012E-005 9.99012E-005 9.99012E-005 9.99012E-005 9.99012E-005
9.99462E-005 0.471126 9.99462E-005 0.140131 0.131068 9.99462E-005 9.99462E-005 0.0134025 9.99462E-005 0.230773 9.99462E-005 0.012899
9.99192E-005 9.99192E-005 9.99192E-005 0.97004 9.99192E-005 0.0272854 9.99192E-005 9.99192E-005 9.99192E-005 9.99192E-005 9.99192E-005 0.00177495
9.99013E-005 9.99013E-005 9.99013E-005 0.998901 9.99013E-005 9.99013E-005 9.99013E-005 9.99013E-005 9.99013E-005 9.99013E-005 9.99013E-005 9.99013E-005
9.99462E-005 9.99462E-005 0.00330245 0.850747 0.0552975 9.99462E-005 9.99462E-005 0.0199667 9.99462E-005 9.99462E-005 0.0130931 0.0569938
9.99372E-005 0.138766 0.346281 0.0157613 9.99372E-005 9.99372E-005 0.100687 9.99372E-005 9.99372E-005 9.99372E-005 0.397806 9.99372E-005
0.0793403 0.0404432 0.0340436 0.0265009 0.283983 0.0711555 0.0276905 9.9991E-005 0.203745 0.135294 0.049752 0.0479523
9.99638E-005 0.00958482 0.0532955 9.99638E-005 0.125832 0.695146 0.0157302 0.0645667 9.99638E-005 0.0168159 9.99638E-005 0.0186293
0.688442 9.99372E-005 0.114247 9.99372E-005 9.99372E-005 9.99372E-005 9.99372E-005 0.154478 9.99372E-005 0.0265898 9.99372E-005 0.0155438
0.534667 9.99371E-005 9.99371E-005 9.99371E-005 0.0837649 9.99371E-005 0.0172974 0.257065 9.99371E-005 0.106506 9.99371E-005 9.99371E-005
9.99186E-005 9.99186E-005 0.304064 9.99186E-005 9.99186E-005 0.647804 0.0472326 9.99186E-005 9.99186E-005 9.99186E-005 9.99186E-005 9.99186E-005
0.0123917 9.99372E-005 0.772405 9.99372E-005 0.0285246 9.99372E-005 0.182231 0.00374816 9.99372E-005 9.99372E-005 9.99372E-005 9.99372E-005
9.99134E-005 9.99134E-005 0.0870329 9.99134E-005 9.99134E-005 9.99134E-005 0.911968 9.99134E-005 9.99134E-005 9.99134E-005 9.99134E-005 9.99134E-005
9.99372E-005 9.99372E-005 0.654012 9.99372E-005 9.99372E-005 0.0139395 0.222432 0.0100861 9.99372E-005 0.0988309 9.99372E-005 9.99372E-005
9.99008E-005 9.99008E-005 9.99008E-005 9.99008E-005 9.99008E-005 9.99008E-005 0.998901 9.99008E-005 9.99008E-005 9.99008E-005 9.99008E-005 9.99008E-005
0.043616 0.0186313 0.920198 9.99281E-005 9.99281E-005 9.99281E-005 0.0167551 9.99281E-005 9.99281E-005 9.99281E-005 9.99281E-005 9.99281E-005
0.0269126 9.99372E-005 0.896802 9.99372E-005 9.99372E-005 9.99372E-005 0.0490278 0.00358312 0.022975 9.99372E-005 9.99372E-005 9.99372E-005
9.99372E-005 0.0144452 0.92292 9.99372E-005 0.0405848 9.99372E-005 0.020225 0.00112574 9.99372E-005 9.99372E-005 9.99372E-005 9.99372E-005
9.99009E-005 9.99009E-005 9.99009E-005 9.99009E-005 9.99009E-005 9.99009E-005 0.998901 9.99009E-005 9.99009E-005 9.99009E-005 9.99009E-005 9.99009E-005
9.99282E-005 9.99282E-005 0.810637 0.0376791 9.99282E-005 9.99282E-005 0.120328 9.99282E-005 9.99282E-005 9.99282E-005 0.0305571 9.99282E-005
9.99282E-005 9.99282E-005 0.848842 9.99282E-005 9.99282E-005 9.99282E-005 0.105083 0.0431783 9.99282E-005 9.99282E-005 9.99282E-005 0.00209676
9.99193E-005 9.99193E-005 0.860672 9.99193E-005 9.99193E-005 9.99193E-005 0.0943825 9.99193E-005 9.99193E-005 9.99193E-005 0.0440458 9.99193E-005
9.99192E-005 9.99192E-005 0.83913 9.99192E-005 9.99192E-005 9.99192E-005 0.105528 9.99192E-005 9.99192E-005 9.99192E-005 0.0544434 9.99192E-005
9.99282E-005 9.99282E-005 0.756441 9.99282E-005 9.99282E-005 9.99282E-005 0.124945 9.99282E-005 9.99282E-005 0.072594 0.0452212 9.99282E-005
9.99192E-005 9.99192E-005 0.856509 9.99192E-005 9.99192E-005 9.99192E-005 0.0617153 9.99192E-005 9.99192E-005 9.99192E-005 0.0808759 9.99192E-005
0.0553029 9.99372E-005 0.699843 9.99372E-005 9.99372E-005 0.0139974 0.208051 9.99372E-005 9.99372E-005 9.99372E-005 0.0221059 9.99372E-005
9.99462E-005 0.122172 9.99462E-005 9.99462E-005 9.99462E-005 9.99462E-005 0.0039442 0.0461344 0.0813145 9.99462E-005 0.703509 0.0423266
9.99101E-005 9.99101E-005 9.99101E-005 9.99101E-005 9.99101E-005 9.99101E-005 9.99101E-005 9.99101E-005 0.0628793 0.936122 9.99101E-005 9.99101E-005
9.99281E-005 9.99281E-005 9.99281E-005 0.0447188 9.99281E-005 9.99281E-005 9.99281E-005 9.99281E-005 0.090084 0.823061 9.99281E-005 0.0413368
9.99103E-005 9.99103E-005 0.00508615 0.993915 9.99103E-005 9.99103E-005 9.99103E-005 9.99103E-005 9.99103E-005 9.99103E-005 9.99103E-005 9.99103E-005
9.99192E-005 9.99192E-005 9.99192E-005 0.964742 9.99192E-005 9.99192E-005 9.99192E-005 9.99192E-005 0.0074799 9.99192E-005 9.99192E-005 0.0268791
0.0227078 9.99193E-005 9.99193E-005 0.900336 9.99193E-005 9.99193E-005 9.99193E-005 9.99193E-005 9.99193E-005 9.99193E-005 0.0760571 9.99193E-005
0.0325292 0.00370649 9.99461E-005 0.835513 0.053007 9.99461E-005 9.99461E-005 9.99461E-005 9.99461E-005 9.99461E-005 0.0619047 0.0127403
0.657793 9.99372E-005 0.0155722 9.99372E-005 9.99372E-005 9.99372E-005 9.99372E-005 0.191397 0.00816721 9.99372E-005 0.126372 9.99372E-005
0.695962 0.00496216 9.99461E-005 9.99461E-005 9.99461E-005 9.99461E-005 0.00578283 0.187985 9.99461E-005 0.0981523 9.99461E-005 0.00655608
0.459272 9.99372E-005 0.0261935 0.0280739 9.99372E-005 9.99372E-005 9.99372E-005 0.232422 9.99372E-005 0.253339 9.99372E-005 9.99372E-005
9.99462E-005 0.0628198 9.99462E-005 0.0108157 0.044386 9.99462E-005 0.0122728 9.99462E-005 9.99462E-005 9.99462E-005 0.865074 0.00403197
9.99012E-005 9.99012E-005 9.99012E-005 9.99012E-005 9.99012E-005 9.99012E-005 9.99012E-005 9.99012E-005 9.99012E-005 0.998901 9.99012E-005 9.99012E-005
9.99371E-005 0.00586138 0.0884208 9.99371E-005 0.18637 9.99371E-005 9.99371E-005 0.00368735 9.99371E-005 9.99371E-005 0.714961 9.99371E-005
9.99192E-005 9.99192E-005 0.0471853 9.99192E-005 9.99192E-005 0.0129478 9.99192E-005 9.99192E-005 9.99192E-005 9.99192E-005 0.938968 9.99192E-005
