0.928367 0.0168062 9.9982E-005 9.9982E-005 0.0147564 0.0242099 0.015661
0.993535 9.99551E-005 9.99551E-005 9.99551E-005 9.99551E-005 0.00596513 9.99551E-005
0.956535 9.99551E-005 9.99551E-005 9.99551E-005 9.99551E-005 0.0429653 9.99551E-005
0.74003 0.0930701 0.129975 9.99731E-005 9.99731E-005 0.0366244 9.99731E-005
0.893252 0.102537 9.99641E-005 9.99641E-005 9.99641E-005 0.00381113 9.99641E-005
0.9994 9.995E-005 9.995E-005 9.995E-005 9.995E-005 9.995E-005 9.995E-005
0.994298 9.9955E-005 9.9955E-005 9.9955E-005 9.9955E-005 0.00520212 9.9955E-005
0.789945 0.0655129 0.103617 9.9982E-005 0.0241847 9.9982E-005 0.0165402
0.872094 9.9964E-005 0.0489549 0.0785507 9.9964E-005 9.9964E-005 9.9964E-005
0.889027 9.99551E-005 9.99551E-005 0.110473 9.99551E-005 9.99551E-005 9.99551E-005
0.881074 9.99641E-005 9.99641E-005 0.0616458 9.99641E-005 9.99641E-005 0.0568803
0.638773 0.206968 0.0231183 9.99821E-005 0.00114919 0.129792 9.99821E-005
0.699064 0.119795 0.132298 9.99821E-005 0.0125077 0.0361353 9.99821E-005
0.677325 0.203558 0.0470726 0.0545337 0.0173109 9.99821E-005 9.99821E-005
0.428261 0.143981 0.252447 9.9991E-005 0.0511552 0.053081 0.070974
0.607343 0.205217 0.124371 9.9991E-005 0.0273896 0.0332599 0.0023193
0.641591 0.189761 0.0985997 9.99731E-005 9.99731E-005 0.0697482 9.99731E-005
0.60594 0.290077 0.00269498 9.9982E-005 9.9982E-005 0.029927 0.0711614
0.126953 0.145413 0.0259812 0.000112532 0.0025917 0.698849 9.9991E-005
0.291754 0.258874 9.9991E-005 0.0265536 0.00369603 0.408937 0.0100862
0.139688 0.277632 0.0574094 9.9982E-005 9.9982E-005 0.497374 0.0276968
0.226512 0.142855 9.9982E-005 0.0682767 9.9982E-005 0.537002 0.0251541
0.202014 0.175339 9.9982E-005 0.0897861 9.9982E-005 0.431711 0.100949
9.995E-005 9.995E-005 9.995E-005 9.995E-005 9.995E-005 0.9994 9.995E-005
9.995E-005 9.995E-005 9.995E-005 9.995E-005 9.995E-005 0.9994 9.995E-005
9.995E-005 9.995E-005 9.995E-005 9.995E-005 9.995E-005 0.9994 9.995E-005
0.186482 0.267066 0.0779774 0.0703479 0.0244664 0.373561 9.9991E-005
0.0502253 9.9964E-005 9.9964E-005 9.9964E-005 0.00891328 0.940462 9.9964E-005
0.241598 0.18578 0.0860598 9.9991E-005 0.026338 0.394699 0.0654244
9.995E-005 9.995E-005 9.995E-005 9.995E-005 9.995E-005 0.9994 9.995E-005
0.280454 0.114054 0.090568 9.99821E-005 0.0156126 0.499111 9.99821E-005
9.995E-005 9.995E-005 9.995E-005 9.995E-005 9.995E-005 0.9994 9.995E-005
0.196009 0.295085 9.99821E-005 0.0187045 0.0332898 0.456712 9.99821E-005
0.199815 0.145879 9.99821E-005 0.047986 0.0233554 0.582765 9.99821E-005
0.133746 0.253114 9.9991E-005 0.07709 0.0454757 0.487371 0.00310284
0.245302 0.168848 0.0484723 9.9982E-005 0.044622 0.492556 9.9982E-005
0.268269 0.128146 0.0280689 0.0516817 0.0291148 0.430654 0.0640658
0.140979 0.800554 9.99731E-005 0.0438443 0.0143221 9.99731E-005 9.99731E-005
9.995E-005 0.9994 9.995E-005 9.995E-005 9.995E-005 9.995E-005 9.995E-005
0.0146341 0.890291 9.99821E-005 0.0290176 0.0394245 0.026433 9.99821E-005
0.0175724 0.981409 9.99641E-005 9.99641E-005 9.99641E-005 9.99641E-005 0.000619007
9.99641E-005 0.930157 9.99641E-005 9.99641E-005 0.0336162 0.035827 9.99641E-005
9.99641E-005 0.993138 0.00611214 9.99641E-005 0.00034964 9.99641E-005 9.99641E-005
9.99551E-005 0.995743 9.99551E-005 9.99551E-005 0.00375712 9.99551E-005 9.99551E-005
9.99641E-005 0.895256 0.0855441 9.99641E-005 9.99641E-005 0.0188003 9.99641E-005
9.99551E-005 0.99396 9.99551E-005 9.99551E-005 9.99551E-005 0.00554041 9.99551E-005
0.0961034 0.107329 0.686431 0.0782987 9.99821E-005 0.0316377 9.99821E-005
9.995E-005 9.995E-005 9.995E-005 9.995E-005 9.995E-005 9.995E-005 0.9994
9.99639E-005 0.0365163 9.99639E-005 0.0463676 9.99639E-005 9.99639E-005 0.916716
9.99552E-005 0.0496161 0.949884 9.99552E-005 9.99552E-005 9.99552E-005 9.99552E-005
9.99639E-005 9.99639E-005 0.339582 0.132746 9.99639E-005 9.99639E-005 0.527272
9.995E-005 9.995E-005 0.9994 9.995E-005 9.995E-005 9.995E-005 9.995E-005
9.9982E-005 0.045048 0.873399 0.0232265 0.0173841 0.0407426 9.9982E-005
0.000268536 0.138561 0.811979 0.00250379 0.00166672 0.0324619 0.0125596
0.00352546 9.99641E-005 0.981403 0.0146714 9.99641E-005 9.99641E-005 9.99641E-005
0.0246874 9.99551E-005 0.974813 9.99551E-005 9.99551E-005 9.99551E-005 9.99551E-005
9.9982E-005 0.0347163 0.839 0.00577148 0.0614394 0.058873 9.9982E-005
0.0749628 9.99641E-005 0.921854 9.99641E-005 0.00278333 9.99641E-005 9.99641E-005
9.99551E-005 9.99551E-005 0.985283 0.0142173 9.99551E-005 9.99551E-005 9.99551E-005
9.995E-005 9.995E-005 0.9994 9.995E-005 9.995E-005 9.995E-005 9.995E-005
0.0331517 0.00413604 0.555726 0.0665717 0.252296 0.0880194 9.9991E-005
0.0425897 0.039267 0.536969 0.00529804 0.290482 0.0694708 0.0159231
0.00370015 0.091864 0.594997 0.0389038 0.23457 0.0358643 9.9991E-005
9.99821E-005 9.99821E-005 0.167437 0.203229 0.577458 0.0257411 0.0259352
9.99731E-005 9.99731E-005 0.114724 0.342012 0.489034 0.0539312 9.99731E-005
9.995E-005 9.995E-005 9.995E-005 9.995E-005 0.9994 9.995E-005 9.995E-005
9.995E-005 9.995E-005 9.995E-005 9.995E-005 0.9994 9.995E-005 9.995E-005
9.99821E-005 0.0347389 0.201268 0.167973 0.572677 0.023143 9.99821E-005
9.99641E-005 9.99641E-005 0.204396 0.250975 0.544229 9.99641E-005 9.99641E-005
9.99641E-005 0.0103424 9.99641E-005 9.99641E-005 0.989096 0.00016142 9.99641E-005
9.995E-005 9.995E-005 9.995E-005 9.995E-005 0.9994 9.995E-005 9.995E-005
0.0216695 9.9991E-005 0.211893 0.15064 0.551364 0.0419292 0.022403
9.995E-005 9.995E-005 9.995E-005 9.995E-005 0.9994 9.995E-005 9.995E-005
9.995E-005 9.995E-005 9.995E-005 9.995E-005 0.9994 9.995E-005 9.995E-005
9.995E-005 9.995E-005 9.995E-005 9.995E-005 0.9994 9.995E-005 9.995E-005
9.995E-005 9.995E-005 9.995E-005 9.995E-005 0.9994 9.995E-005 9.995E-005
9.99551E-005 9.99551E-005 9.99551E-005 9.99551E-005 0.983015 0.0164853 9.99551E-005
0.239226 0.324596 9.9991E-005 0.0473643 0.0136432 0.336755 0.0383156
0.0100939 0.942352 9.9982E-005 9.9982E-005 0.00410243 0.0277263 0.0155254
9.99551E-005 0.93056 9.99551E-005 9.99551E-005 9.99551E-005 0.06894 9.99551E-005
9.99551E-005 9.99551E-005 9.99551E-005 0.955894 0.0436065 9.99551E-005 9.99551E-005
9.99641E-005 9.99641E-005 9.99641E-005 0.938111 0.0571462 9.99641E-005 0.00434252
9.99551E-005 9.99551E-005 9.99551E-005 0.957277 0.0422232 9.99551E-005 9.99551E-005
9.99551E-005 9.99551E-005 0.0372415 0.962259 9.99551E-005 9.99551E-005 9.99551E-005
9.99552E-005 9.99552E-005 0.0498584 0.949642 9.99552E-005 9.99552E-005 9.99552E-005
9.99641E-005 9.99641E-005 0.011648 0.964503 9.99641E-005 0.0234491 9.99641E-005
9.99641E-005 9.99641E-005 9.99641E-005 0.94159 0.00244885 0.0555611 9.99641E-005
0.0154405 9.99731E-005 0.0499425 0.933133 0.00118432 9.99731E-005 9.99731E-005
9.99731E-005 0.00737563 0.0337749 0.931934 9.99731E-005 0.0266154 9.99731E-005
0.0242163 9.99641E-005 0.0451732 0.930211 9.99641E-005 9.99641E-005 9.99641E-005
9.99552E-005 9.99552E-005 9.99552E-005 0.996998 9.99552E-005 0.00250234 9.99552E-005
9.99731E-005 9.99731E-005 9.99731E-005 0.906263 0.027587 0.0134244 0.0524258
9.99551E-005 9.99551E-005 0.045517 0.953983 9.99551E-005 9.99551E-005 9.99551E-005
9.99551E-005 9.99551E-005 9.99551E-005 0.969141 0.0303588 9.99551E-005 9.99551E-005
0.00486171 9.99551E-005 9.99551E-005 0.994639 9.99551E-005 9.99551E-005 9.99551E-005
0.00527568 0.015072 9.9982E-005 0.920298 9.9982E-005 0.0334921 0.0256618
9.99551E-005 9.99551E-005 9.99551E-005 0.928948 0.070552 9.99551E-005 9.99551E-005
0.00716864 0.0281154 9.99731E-005 0.961309 0.00310656 9.99731E-005 9.99731E-005
9.99641E-005 9.99641E-005 0.00100948 0.985687 0.0129037 9.99641E-005 9.99641E-005
0.00371501 9.9982E-005 9.9982E-005 0.89877 0.0353369 0.0429171 0.0190613
9.99731E-005 9.99731E-005 9.99731E-005 0.95568 0.0305934 0.0126401 0.000786889
0.00975987 0.0240562 0.0155578 0.915882 0.0229052 9.9991E-005 0.0117389
0.0211578 9.99551E-005 9.99551E-005 0.978342 9.99551E-005 9.99551E-005 9.99551E-005
9.99641E-005 9.99641E-005 0.111918 0.869221 9.99641E-005 0.018461 9.99641E-005
9.99641E-005 9.99641E-005 0.000384814 0.99107 0.00814491 9.99641E-005 9.99641E-005
0.0155913 9.9973E-005 9.9973E-005 0.914168 9.9973E-005 0.0309577 0.0389835
9.99731E-005 9.99731E-005 0.161722 0.236454 0.562445 0.0390791 9.99731E-005
0.0218604 0.0295732 0.214566 0.15381 0.349169 0.176607 0.0544148
9.99821E-005 0.0101766 0.209836 0.326394 0.401456 0.0519379 9.99821E-005
0.253934 0.614111 9.9982E-005 9.9982E-005 0.0746062 0.0382319 0.0189175
0.207931 0.756507 0.018566 0.0166955 9.99731E-005 9.99731E-005 9.99731E-005
0.221393 0.661911 0.0881644 9.99821E-005 0.00969447 0.0186373 9.99821E-005
0.301753 0.611899 9.99731E-005 9.99731E-005 0.0173304 0.068718 9.99731E-005
0.206915 0.753606 9.99641E-005 9.99641E-005 0.0390796 9.99641E-005 9.99641E-005
0.27128 0.688219 0.0155171 9.99731E-005 9.99731E-005 0.0246836 9.99731E-005
0.229565 0.565422 0.0109553 9.9991E-005 0.047986 0.10331 0.0426615
9.99641E-005 0.972592 9.99641E-005 9.99641E-005 9.99641E-005 0.00716822 0.0198404
9.995E-005 0.9994 9.995E-005 9.995E-005 9.995E-005 9.995E-005 9.995E-005
0.00279975 0.876435 9.99731E-005 9.99731E-005 0.0333299 0.0871355 9.99731E-005
9.99641E-005 0.31252 9.99641E-005 0.513866 9.99641E-005 0.173214 9.99641E-005
0.506374 0.116205 0.11276 0.0757795 9.9991E-005 0.107336 0.0814449
0.105927 0.0189335 9.9991E-005 0.0701009 0.0524468 0.0323657 0.720126
9.99731E-005 9.99731E-005 0.677599 0.125932 0.170801 0.0253681 9.99731E-005
0.0818963 9.9982E-005 0.63014 0.0121609 0.251821 0.0237817 9.9982E-005
9.99548E-005 9.99548E-005 9.99548E-005 0.359288 9.99548E-005 9.99548E-005 0.640213
9.99821E-005 0.0042064 0.0200399 0.952655 0.0139437 0.00895535 9.99821E-005
9.99552E-005 0.0284793 9.99552E-005 0.971021 9.99552E-005 9.99552E-005 9.99552E-005
0.0236272 9.9982E-005 9.9982E-005 0.898973 0.00846866 0.00628439 0.0624471
9.995E-005 9.995E-005 9.995E-005 0.9994 9.995E-005 9.995E-005 9.995E-005
9.99641E-005 9.99641E-005 0.0584907 0.927545 9.99641E-005 9.99641E-005 0.0135639
9.99641E-005 9.99641E-005 0.0268929 0.952882 0.0198248 9.99641E-005 9.99641E-005
0.0107749 0.000213192 9.99731E-005 0.956543 0.0321692 9.99731E-005 9.99731E-005
9.995E-005 9.995E-005 9.995E-005 0.9994 9.995E-005 9.995E-005 9.995E-005
9.99641E-005 0.0412002 9.99641E-005 0.939646 0.0187542 9.99641E-005 9.99641E-005
9.99552E-005 9.99552E-005 9.99552E-005 0.946989 0.0525112 9.99552E-005 9.99552E-005
9.99552E-005 0.0126342 9.99552E-005 0.986866 9.99552E-005 9.99552E-005 9.99552E-005
9.99641E-005 0.0275694 9.99641E-005 0.946998 0.025033 9.99641E-005 9.99641E-005
9.99641E-005 0.0589716 9.99641E-005 0.932923 0.00770562 9.99641E-005 9.99641E-005
9.99641E-005 9.99641E-005 0.0227556 0.942092 9.99641E-005 0.0347522 9.99641E-005
9.99641E-005 9.99641E-005 0.0799224 0.896779 9.99641E-005 9.99641E-005 0.0228989
0.252285 0.291664 9.99821E-005 0.0256269 0.102704 0.32752 9.99821E-005
0.33954 0.234155 9.9991E-005 0.0481303 0.0239073 0.340798 0.013369
0.342569 0.236617 9.9982E-005 0.0238197 0.0556103 0.341184 9.9982E-005
9.99551E-005 0.998472 9.99551E-005 0.00102773 9.99551E-005 9.99551E-005 9.99551E-005
9.99551E-005 0.974053 9.99551E-005 9.99551E-005 9.99551E-005 0.0254476 9.99551E-005
9.99552E-005 0.95005 0.0494498 9.99552E-005 9.99552E-005 9.99552E-005 9.99552E-005
9.99641E-005 0.912081 0.0475854 9.99641E-005 9.99641E-005 0.039934 9.99641E-005
9.99641E-005 9.99641E-005 0.778824 9.99641E-005 0.191319 0.0294574 9.99641E-005
9.99731E-005 9.99731E-005 0.733287 0.00536596 0.211539 0.0495079 9.99731E-005
0.0359144 0.0924367 0.531508 0.0175574 0.260487 0.0230194 0.0390777
0.257774 0.259371 0.0320868 0.0525439 0.0220547 0.357514 0.0186547
0.259145 0.245847 0.0427151 0.0035811 0.0281072 0.345821 0.0747832
0.314085 0.205149 0.0420076 0.10833 0.0470365 0.274761 0.00863174
0.243249 0.208544 9.9991E-005 0.082078 0.0351341 0.337096 0.0937977
