0.997805 9.98923E-005 9.98923E-005 9.98923E-005 9.98923E-005 9.98923E-005 9.98923E-005 9.98923E-005 9.98923E-005 9.98923E-005 9.98923E-005 9.98923E-005 9.98923E-005 0.000995865
0.700684 9.98922E-005 9.98922E-005 9.98922E-005 0.298117 9.98922E-005 9.98922E-005 9.98922E-005 9.98922E-005 9.98922E-005 9.98922E-005 9.98922E-005 9.98922E-005 9.98922E-005
0.890522 9.99101E-005 9.99101E-005 9.99101E-005 0.0584594 9.99101E-005 0.0400503 9.99101E-005 9.99101E-005 9.99101E-005 9.99101E-005 0.00996915 9.99101E-005 9.99101E-005
0.550047 9.99282E-005 9.99282E-005 0.0615172 0.148634 9.99282E-005 9.99282E-005 9.99282E-005 0.0195035 0.171134 0.0483651 9.99282E-005 9.99282E-005 9.99282E-005
0.998702 9.98832E-005 9.98832E-005 9.98832E-005 9.98832E-005 9.98832E-005 9.98832E-005 9.98832E-005 9.98832E-005 9.98832E-005 9.98832E-005 9.98832E-005 9.98832E-005 9.98832E-005
0.424022 9.9892E-005 9.9892E-005 9.9892E-005 0.57478 9.9892E-005 9.9892E-005 9.9892E-005 9.9892E-005 9.9892E-005 9.9892E-005 9.9892E-005 9.9892E-005 9.9892E-005
0.95179 9.98921E-005 9.98921E-005 9.98921E-005 0.0470112 9.98921E-005 9.98921E-005 9.98921E-005 9.98921E-005 9.98921E-005 9.98921E-005 9.98921E-005 9.98921E-005 9.98921E-005
0.128908 9.99371E-005 0.013153 0.00636353 0.675926 0.0250976 9.99371E-005 9.99371E-005 9.99371E-005 0.130936 0.0189164 9.99371E-005 9.99371E-005 9.99371E-005
9.98827E-005 9.98827E-005 9.98827E-005 9.98827E-005 0.998702 9.98827E-005 9.98827E-005 9.98827E-005 9.98827E-005 9.98827E-005 9.98827E-005 9.98827E-005 9.98827E-005 9.98827E-005
9.9883E-005 9.9883E-005 9.9883E-005 9.9883E-005 0.998702 9.9883E-005 9.9883E-005 9.9883E-005 9.9883E-005 9.9883E-005 9.9883E-005 9.9883E-005 9.9883E-005 9.9883E-005
0.358734 9.99102E-005 9.99102E-005 9.99102E-005 0.577992 9.99102E-005 9.99102E-005 0.0296414 9.99102E-005 9.99102E-005 9.99102E-005 9.99102E-005 9.99102E-005 0.0326337
0.720282 9.99193E-005 9.99193E-005 9.99193E-005 9.99193E-005 0.0525246 9.99193E-005 9.99193E-005 9.99193E-005 0.158696 0.0283113 0.0392865 9.99193E-005 9.99193E-005
0.727845 0.103386 9.99282E-005 0.0751554 9.99282E-005 0.0521091 9.99282E-005 9.99282E-005 0.0148302 9.99282E-005 9.99282E-005 9.99282E-005 9.99282E-005 0.0258747
0.709969 9.99462E-005 0.00244622 0.00859941 0.00740954 0.0752466 0.0542551 0.0660732 9.99462E-005 0.0754016 9.99462E-005 9.99462E-005 9.99462E-005 9.99462E-005
0.480088 0.108903 0.0204363 0.123373 9.99551E-005 9.99551E-005 0.0335465 9.99551E-005 0.0757179 0.00192344 0.0667383 9.99551E-005 9.99551E-005 0.0887735
0.586613 0.178548 0.0111391 0.0669566 9.99461E-005 0.00375157 0.135627 9.99461E-005 9.99461E-005 0.00755211 9.99461E-005 9.99461E-005 9.99461E-005 0.00921399
0.655218 9.99282E-005 9.99282E-005 0.0622754 9.99282E-005 0.0284571 0.0497713 9.99282E-005 9.99282E-005 0.133194 0.0702846 9.99282E-005 9.99282E-005 9.99282E-005
0.636473 0.12982 9.99281E-005 9.99281E-005 9.99281E-005 0.0670137 0.114558 9.99281E-005 9.99281E-005 9.99281E-005 0.00987034 9.99281E-005 9.99281E-005 0.0414659
0.0560514 0.230682 9.99372E-005 9.99372E-005 0.0240051 0.0369447 0.0917786 0.0227089 9.99372E-005 9.99372E-005 9.99372E-005 0.53713 9.99372E-005 9.99372E-005
0.0391433 0.9565 9.99013E-005 9.99013E-005 9.99013E-005 9.99013E-005 9.99013E-005 9.99013E-005 9.99013E-005 9.99013E-005 0.00325756 9.99013E-005 9.99013E-005 9.99013E-005
9.99102E-005 0.764876 9.99102E-005 9.99102E-005 9.99102E-005 0.0164301 9.99102E-005 9.99102E-005 9.99102E-005 0.163905 9.99102E-005 0.0537898 9.99102E-005 9.99102E-005
9.99282E-005 0.499444 9.99282E-005 9.99282E-005 0.0150275 9.99282E-005 9.99282E-005 0.0241478 9.99282E-005 0.215275 0.0202166 0.22509 9.99282E-005 9.99282E-005
9.99102E-005 0.937663 9.99102E-005 9.99102E-005 9.99102E-005 9.99102E-005 9.99102E-005 0.0367736 9.99102E-005 9.99102E-005 9.99102E-005 0.0110179 9.99102E-005 0.0135459
9.9883E-005 9.9883E-005 9.9883E-005 9.9883E-005 9.9883E-005 9.9883E-005 9.9883E-005 9.9883E-005 9.9883E-005 9.9883E-005 9.9883E-005 0.998702 9.9883E-005 9.9883E-005
9.98921E-005 9.98921E-005 9.98921E-005 9.98921E-005 9.98921E-005 9.98921E-005 9.98921E-005 9.98921E-005 9.98921E-005 0.0147346 9.98921E-005 0.984067 9.98921E-005 9.98921E-005
9.98832E-005 9.98832E-005 9.98832E-005 9.98832E-005 9.98832E-005 9.98832E-005 9.98832E-005 9.98832E-005 9.98832E-005 9.98832E-005 9.98832E-005 0.998702 9.98832E-005 9.98832E-005
9.99102E-005 9.99102E-005 9.99102E-005 9.99102E-005 9.99102E-005 0.105093 9.99102E-005 9.99102E-005 9.99102E-005 0.830519 9.99102E-005 0.0340907 0.0292979 9.99102E-005
9.98922E-005 0.237802 9.98922E-005 9.98922E-005 9.98922E-005 9.98922E-005 9.98922E-005 9.98922E-005 9.98922E-005 9.98922E-005 9.98922E-005 0.760999 9.98922E-005 9.98922E-005
9.99102E-005 0.935954 9.99102E-005 9.99102E-005 9.99102E-005 9.99102E-005 0.0372606 9.99102E-005 9.99102E-005 9.99102E-005 9.99102E-005 0.00264414 9.99102E-005 0.0231424
9.98831E-005 9.98831E-005 9.98831E-005 9.98831E-005 9.98831E-005 9.98831E-005 9.98831E-005 9.98831E-005 9.98831E-005 9.98831E-005 9.98831E-005 0.998702 9.98831E-005 9.98831E-005
0.0148214 9.99102E-005 9.99102E-005 9.99102E-005 0.00713011 9.99102E-005 9.99102E-005 9.99102E-005 9.99102E-005 0.847391 9.99102E-005 0.129658 9.99102E-005 9.99102E-005
9.98833E-005 9.98833E-005 9.98833E-005 9.98833E-005 9.98833E-005 9.98833E-005 9.98833E-005 9.98833E-005 9.98833E-005 9.98833E-005 9.98833E-005 0.998702 9.98833E-005 9.98833E-005
9.99192E-005 0.674672 9.99192E-005 9.99192E-005 9.99192E-005 0.0109074 0.103013 9.99192E-005 9.99192E-005 0.138472 9.99192E-005 0.0720362 9.99192E-005 9.99192E-005
9.99102E-005 0.705001 9.99102E-005 9.99102E-005 0.0520931 9.99102E-005 9.99102E-005 0.025457 9.99102E-005 9.99102E-005 9.99102E-005 0.21645 9.99102E-005 9.99102E-005
9.99282E-005 0.129139 9.99282E-005 9.99282E-005 0.00512745 9.99282E-005 9.99282E-005 9.99282E-005 0.0533397 0.633903 0.0375835 0.140109 9.99282E-005 9.99282E-005
9.99102E-005 0.896429 9.99102E-005 9.99102E-005 0.00376534 9.99102E-005 9.99102E-005 9.99102E-005 9.99102E-005 9.99102E-005 0.00877217 0.0900342 9.99102E-005 9.99102E-005
9.99102E-005 9.99102E-005 9.99102E-005 0.00977603 9.99102E-005 9.99102E-005 9.99102E-005 9.99102E-005 9.99102E-005 0.926954 9.99102E-005 0.0529272 9.99102E-005 0.0093436
0.117628 0.0621489 0.00725828 9.99372E-005 9.99372E-005 0.753772 0.0207237 0.0184505 0.0193194 9.99372E-005 9.99372E-005 9.99372E-005 9.99372E-005 9.99372E-005
9.98832E-005 9.98832E-005 9.98832E-005 9.98832E-005 9.98832E-005 0.998702 9.98832E-005 9.98832E-005 9.98832E-005 9.98832E-005 9.98832E-005 9.98832E-005 9.98832E-005 9.98832E-005
9.99283E-005 9.99283E-005 0.0163854 9.99283E-005 9.99283E-005 0.834361 0.0661131 9.99283E-005 0.0440416 0.022876 9.99283E-005 0.0154239 9.99283E-005 9.99283E-005
9.99282E-005 9.99282E-005 9.99282E-005 9.99282E-005 9.99282E-005 0.865583 0.0854025 9.99282E-005 0.00692642 0.0310183 0.00435924 9.99282E-005 9.99282E-005 0.005911
9.99103E-005 9.99103E-005 0.0271507 9.99103E-005 9.99103E-005 0.817706 0.124001 9.99103E-005 9.99103E-005 9.99103E-005 9.99103E-005 0.0301432 9.99103E-005 9.99103E-005
9.99012E-005 9.99012E-005 9.99012E-005 9.99012E-005 9.99012E-005 0.909721 9.99012E-005 9.99012E-005 9.99012E-005 0.0421354 0.0470444 9.99012E-005 9.99012E-005 9.99012E-005
9.99103E-005 0.0394389 9.99103E-005 9.99103E-005 9.99103E-005 0.793655 0.137789 9.99103E-005 9.99103E-005 9.99103E-005 0.0281179 9.99103E-005 9.99103E-005 9.99103E-005
9.99461E-005 0.0273971 9.99461E-005 0.0691542 0.0200479 0.681246 0.0495032 9.99461E-005 9.99461E-005 0.0118978 0.132597 0.00755701 9.99461E-005 9.99461E-005
9.99102E-005 9.99102E-005 9.99102E-005 9.99102E-005 9.99102E-005 0.9497 0.00463047 9.99102E-005 9.99102E-005 9.99102E-005 0.0286805 0.0159894 9.99102E-005 9.99102E-005
9.99461E-005 9.99461E-005 9.99461E-005 0.641868 0.0422786 0.122774 0.00133437 9.99461E-005 0.0157784 0.0918397 9.99461E-005 0.0290273 0.0544999 9.99461E-005
9.9884E-005 9.9884E-005 9.9884E-005 9.9884E-005 9.9884E-005 9.9884E-005 9.9884E-005 9.9884E-005 9.9884E-005 9.9884E-005 9.9884E-005 9.9884E-005 9.9884E-005 0.998702
9.99097E-005 9.99097E-005 9.99097E-005 9.99097E-005 9.99097E-005 0.0377419 9.99097E-005 0.0467533 0.0106595 9.99097E-005 9.99097E-005 9.99097E-005 9.99097E-005 0.903846
9.99014E-005 9.99014E-005 9.99014E-005 0.888197 9.99014E-005 9.99014E-005 0.102871 9.99014E-005 9.99014E-005 9.99014E-005 0.00783354 9.99014E-005 9.99014E-005 9.99014E-005
9.99007E-005 9.99007E-005 9.99007E-005 0.350239 9.99007E-005 9.99007E-005 9.99007E-005 9.99007E-005 9.99007E-005 9.99007E-005 9.99007E-005 9.99007E-005 0.144785 0.503877
9.99013E-005 9.99013E-005 9.99013E-005 0.946238 9.99013E-005 9.99013E-005 9.99013E-005 9.99013E-005 9.99013E-005 9.99013E-005 0.0235168 0.0291466 9.99013E-005 9.99013E-005
9.99192E-005 0.139105 0.0316393 0.750697 9.99192E-005 9.99192E-005 9.99192E-005 9.99192E-005 0.0458652 9.99192E-005 0.0317941 9.99192E-005 9.99192E-005 9.99192E-005
0.0692751 9.99461E-005 9.99461E-005 0.742143 9.99461E-005 0.0985475 9.99461E-005 0.0255769 9.99461E-005 0.020781 0.0157818 0.0269903 9.99461E-005 0.000304833
0.101557 9.99014E-005 9.99014E-005 0.837366 9.99014E-005 9.99014E-005 9.99014E-005 9.99014E-005 9.99014E-005 9.99014E-005 9.99014E-005 9.99014E-005 0.0599777 9.99014E-005
0.0219022 9.99282E-005 9.99282E-005 0.934842 0.0108317 0.0215562 0.000527688 9.99282E-005 9.99282E-005 9.99282E-005 0.00954064 9.99282E-005 9.99282E-005 9.99282E-005
9.99371E-005 9.99371E-005 0.0512846 0.746742 9.99371E-005 9.99371E-005 0.098431 0.0220175 9.99371E-005 9.99371E-005 0.00688075 0.0567107 0.0172335 9.99371E-005
0.101699 9.99103E-005 0.00313998 0.884584 9.99103E-005 0.0095777 9.99103E-005 9.99103E-005 9.99103E-005 9.99103E-005 9.99103E-005 9.99103E-005 9.99103E-005 9.99103E-005
9.99012E-005 9.99012E-005 9.99012E-005 0.960366 0.0144346 9.99012E-005 9.99012E-005 0.0241004 9.99012E-005 9.99012E-005 9.99012E-005 9.99012E-005 9.99012E-005 9.99012E-005
9.99102E-005 9.99102E-005 9.99102E-005 0.892306 0.0145142 9.99102E-005 9.99102E-005 9.99102E-005 0.040694 0.0514862 9.99102E-005 9.99102E-005 9.99102E-005 9.99102E-005
9.99193E-005 0.192661 0.20838 0.500394 9.99193E-005 9.99193E-005 9.99193E-005 9.99193E-005 0.0929553 9.99193E-005 9.99193E-005 0.00470979 9.99193E-005 9.99193E-005
9.99192E-005 0.219541 0.234267 0.476509 0.0310622 9.99192E-005 9.99192E-005 9.99192E-005 0.0377216 9.99192E-005 9.99192E-005 9.99192E-005 9.99192E-005 9.99192E-005
9.99462E-005 0.0474007 0.215724 0.485707 0.142822 0.0502313 9.99462E-005 9.99462E-005 0.0519887 9.99462E-005 9.99462E-005 0.00118072 0.00434594 9.99462E-005
9.99372E-005 9.99372E-005 0.549962 0.0785956 9.99372E-005 9.99372E-005 9.99372E-005 0.0106894 0.0397452 0.130249 9.99372E-005 9.99372E-005 0.178152 0.0119076
9.99371E-005 9.99371E-005 0.453929 0.0720243 9.99371E-005 9.99371E-005 0.00151716 0.00322072 9.99371E-005 0.0694057 9.99371E-005 0.0322622 0.366942 9.99371E-005
9.98924E-005 9.98924E-005 0.986421 9.98924E-005 9.98924E-005 9.98924E-005 9.98924E-005 9.98924E-005 9.98924E-005 9.98924E-005 0.0123801 9.98924E-005 9.98924E-005 9.98924E-005
9.98831E-005 9.98831E-005 0.998702 9.98831E-005 9.98831E-005 9.98831E-005 9.98831E-005 9.98831E-005 9.98831E-005 9.98831E-005 9.98831E-005 9.98831E-005 9.98831E-005 9.98831E-005
9.99192E-005 9.99192E-005 0.539765 0.126954 9.99192E-005 9.99192E-005 9.99192E-005 0.0256736 9.99192E-005 0.137903 9.99192E-005 9.99192E-005 0.168806 9.99192E-005
9.99282E-005 0.054636 0.514147 0.15762 9.99282E-005 9.99282E-005 9.99282E-005 0.0245826 0.0753276 9.99282E-005 9.99282E-005 9.99282E-005 0.172887 9.99282E-005
9.99012E-005 0.00383726 0.966754 9.99012E-005 9.99012E-005 9.99012E-005 0.0283099 9.99012E-005 9.99012E-005 9.99012E-005 9.99012E-005 9.99012E-005 9.99012E-005 9.99012E-005
9.98832E-005 9.98832E-005 0.998702 9.98832E-005 9.98832E-005 9.98832E-005 9.98832E-005 9.98832E-005 9.98832E-005 9.98832E-005 9.98832E-005 9.98832E-005 9.98832E-005 9.98832E-005
9.99372E-005 0.18838 0.498809 0.106994 0.00915826 9.99372E-005 9.99372E-005 0.00697096 0.00158943 9.99372E-005 9.99372E-005 9.99372E-005 0.187399 9.99372E-005
9.98923E-005 9.98923E-005 0.995292 9.98923E-005 9.98923E-005 0.00350965 9.98923E-005 9.98923E-005 9.98923E-005 9.98923E-005 9.98923E-005 9.98923E-005 9.98923E-005 9.98923E-005
9.98921E-005 9.98921E-005 0.986889 9.98921E-005 0.0119122 9.98921E-005 9.98921E-005 9.98921E-005 9.98921E-005 9.98921E-005 9.98921E-005 9.98921E-005 9.98921E-005 9.98921E-005
9.98923E-005 9.98923E-005 0.997141 9.98923E-005 9.98923E-005 9.98923E-005 9.98923E-005 9.98923E-005 9.98923E-005 9.98923E-005 0.00166012 9.98923E-005 9.98923E-005 9.98923E-005
9.99102E-005 9.99102E-005 0.967705 9.99102E-005 0.0168507 9.99102E-005 9.99102E-005 0.00339431 9.99102E-005 9.99102E-005 9.99102E-005 9.99102E-005 0.0110513 9.99102E-005
9.98922E-005 9.98922E-005 0.966198 9.98922E-005 9.98922E-005 9.98922E-005 9.98922E-005 9.98922E-005 9.98922E-005 9.98922E-005 9.98922E-005 0.0326037 9.98922E-005 9.98922E-005
9.99013E-005 9.99013E-005 9.99013E-005 9.99013E-005 9.99013E-005 9.99013E-005 0.0135433 9.99013E-005 9.99013E-005 0.960598 0.0247599 9.99013E-005 9.99013E-005 9.99013E-005
9.99192E-005 9.99192E-005 9.99192E-005 9.99192E-005 0.0357242 0.882306 0.0555056 9.99192E-005 9.99192E-005 9.99192E-005 9.99192E-005 0.024049 9.99192E-005 0.00151611
9.99012E-005 9.99012E-005 9.99012E-005 9.99012E-005 9.99012E-005 0.946691 9.99012E-005 9.99012E-005 9.99012E-005 9.99012E-005 0.0176352 0.0345747 9.99012E-005 9.99012E-005
9.99012E-005 9.99012E-005 0.012845 9.99012E-005 9.99012E-005 9.99012E-005 9.99012E-005 9.99012E-005 9.99012E-005 9.99012E-005 0.0322956 9.99012E-005 0.953761 9.99012E-005
9.99014E-005 9.99014E-005 0.0403134 9.99014E-005 9.99014E-005 9.99014E-005 9.99014E-005 9.99014E-005 9.99014E-005 9.99014E-005 9.99014E-005 9.99014E-005 0.954283 0.00430483
9.99014E-005 9.99014E-005 0.00782176 9.99014E-005 9.99014E-005 9.99014E-005 9.99014E-005 9.99014E-005 0.00314468 9.99014E-005 9.99014E-005 9.99014E-005 0.987935 9.99014E-005
9.98922E-005 9.98922E-005 9.98922E-005 9.98922E-005 9.98922E-005 9.98922E-005 9.98922E-005 0.0209037 0.977898 9.98922E-005 9.98922E-005 9.98922E-005 9.98922E-005 9.98922E-005
9.99104E-005 9.99104E-005 9.99104E-005 0.0370589 9.99104E-005 9.99104E-005 9.99104E-005 0.0869986 9.99104E-005 0.0176687 9.99104E-005 9.99104E-005 0.857275 9.99104E-005
0.00356537 0.00742972 9.99282E-005 9.99282E-005 9.99282E-005 9.99282E-005 9.99282E-005 0.0449013 0.132456 9.99282E-005 9.99282E-005 0.0230384 0.78781 9.99282E-005
9.99193E-005 0.0387672 9.99193E-005 9.99193E-005 9.99193E-005 9.99193E-005 9.99193E-005 0.101053 0.132699 9.99193E-005 9.99193E-005 0.0254966 0.701085 9.99193E-005
9.99372E-005 9.99372E-005 0.00864879 0.0269258 0.000410444 9.99372E-005 9.99372E-005 0.138906 0.361528 9.99372E-005 0.0371877 9.99372E-005 0.425694 9.99372E-005
9.99192E-005 0.0792897 9.99192E-005 9.99192E-005 9.99192E-005 9.99192E-005 9.99192E-005 0.00511377 0.0264832 9.99192E-005 0.00859738 9.99192E-005 0.879617 9.99192E-005
9.98832E-005 9.98832E-005 9.98832E-005 9.98832E-005 9.98832E-005 9.98832E-005 9.98832E-005 9.98832E-005 0.998702 9.98832E-005 9.98832E-005 9.98832E-005 9.98832E-005 9.98832E-005
9.98832E-005 9.98832E-005 9.98832E-005 9.98832E-005 9.98832E-005 9.98832E-005 9.98832E-005 9.98832E-005 0.998702 9.98832E-005 9.98832E-005 9.98832E-005 9.98832E-005 9.98832E-005
9.99462E-005 9.99462E-005 0.00128843 0.00390157 9.99462E-005 9.99462E-005 9.99462E-005 0.0511453 0.0280648 0.0339299 9.99462E-005 0.00329708 0.838222 0.0395518
9.99103E-005 9.99103E-005 9.99103E-005 0.0209696 9.99103E-005 9.99103E-005 9.99103E-005 9.99103E-005 0.0287272 9.99103E-005 0.00829425 9.99103E-005 0.94101 9.99103E-005
9.99102E-005 9.99102E-005 0.0209516 9.99102E-005 9.99102E-005 9.99102E-005 9.99102E-005 0.0612696 0.0688856 9.99102E-005 9.99102E-005 9.99102E-005 0.847894 9.99102E-005
9.99102E-005 9.99102E-005 9.99102E-005 9.99102E-005 0.0644372 9.99102E-005 9.99102E-005 0.0756651 0.130114 9.99102E-005 9.99102E-005 9.99102E-005 0.728785 9.99102E-005
9.994E-005 0.00851865 9.994E-005 9.994E-005 0.00306312 9.994E-005 0.0394787 0.0723035 0.433369 9.994E-005 9.994E-005 0.0165125 0.412291 0.0138629
9.98923E-005 9.98923E-005 0.0369752 9.98923E-005 9.98923E-005 9.98923E-005 9.98923E-005 9.98923E-005 9.98923E-005 9.98923E-005 9.98923E-005 9.98923E-005 0.961826 9.98923E-005
9.99282E-005 9.99282E-005 9.99282E-005 9.99282E-005 0.0019875 0.0356752 0.0138801 0.0691559 0.00925232 9.99282E-005 9.99282E-005 9.99282E-005 0.86925 9.99282E-005
9.99014E-005 9.99014E-005 9.99014E-005 0.015142 9.99014E-005 9.99014E-005 9.99014E-005 0.0531878 9.99014E-005 9.99014E-005 9.99014E-005 9.99014E-005 0.930571 9.99014E-005
9.99102E-005 9.99102E-005 9.99102E-005 9.99102E-005 9.99102E-005 9.99102E-005 9.99102E-005 0.103627 0.211574 0.116992 9.99102E-005 9.99102E-005 0.566808 9.99102E-005
9.99103E-005 9.99103E-005 9.99103E-005 9.99103E-005 9.99103E-005 9.99103E-005 9.99103E-005 0.0838481 0.00117084 0.0453445 9.99103E-005 9.99103E-005 0.868637 9.99103E-005
0.0223824 9.99164E-005 0.0288709 9.99164E-005 9.99164E-005 9.99164E-005 9.99164E-005 9.99164E-005 0.842105 9.99164E-005 9.99164E-005 9.99164E-005 0.105643 9.99164E-005
9.99192E-005 9.99192E-005 9.99192E-005 9.99192E-005 0.0152424 9.99192E-005 9.99192E-005 0.0891968 9.99192E-005 9.99192E-005 0.0172665 9.99192E-005 0.875899 0.00149608
9.99282E-005 9.99282E-005 9.99282E-005 0.0594852 0.0249861 9.99282E-005 9.99282E-005 0.00903598 9.99282E-005 0.00287414 9.99282E-005 0.0262157 0.876604 9.99282E-005
9.99192E-005 9.99192E-005 9.99192E-005 9.99192E-005 0.0128285 9.99192E-005 0.0195843 0.0446467 0.0523748 9.99192E-005 9.99192E-005 9.99192E-005 0.869666 9.99192E-005
9.99261E-005 9.99261E-005 9.99261E-005 9.99261E-005 0.0849628 9.99261E-005 9.99261E-005 0.000855526 0.222541 9.99261E-005 9.99261E-005 9.99261E-005 0.682367 0.00837358
9.99192E-005 9.99192E-005 0.546513 0.0993285 9.99192E-005 9.99192E-005 0.0142823 9.99192E-005 9.99192E-005 0.0919003 9.99192E-005 9.99192E-005 0.247077 9.99192E-005
9.99281E-005 0.0310035 0.286254 0.122297 9.99281E-005 9.99281E-005 9.99281E-005 9.99281E-005 9.99281E-005 0.36353 9.99281E-005 9.99281E-005 0.173475 0.0226414
9.99283E-005 9.99283E-005 0.384966 0.162369 9.99283E-005 9.99283E-005 9.99283E-005 9.99283E-005 0.212944 0.0687241 9.99283E-005 0.0262715 0.143926 9.99283E-005
0.0656019 0.160987 0.0192329 9.99192E-005 9.99192E-005 0.038446 0.714833 9.99192E-005 9.99192E-005 9.99192E-005 9.99192E-005 9.99192E-005 9.99192E-005 9.99192E-005
9.98828E-005 9.98828E-005 9.98828E-005 9.98828E-005 9.98828E-005 9.98828E-005 0.998702 9.98828E-005 9.98828E-005 9.98828E-005 9.98828E-005 9.98828E-005 9.98828E-005 9.98828E-005
9.99103E-005 9.99103E-005 9.99103E-005 0.0279892 0.0056905 0.00420255 0.961119 9.99103E-005 9.99103E-005 9.99103E-005 9.99103E-005 9.99103E-005 9.99103E-005 9.99103E-005
9.98921E-005 0.0371437 9.98921E-005 9.98921E-005 9.98921E-005 9.98921E-005 0.961658 9.98921E-005 9.98921E-005 9.98921E-005 9.98921E-005 9.98921E-005 9.98921E-005 9.98921E-005
9.99013E-005 9.99013E-005 9.99013E-005 9.99013E-005 9.99013E-005 0.108658 0.885667 9.99013E-005 9.99013E-005 9.99013E-005 0.00457589 9.99013E-005 9.99013E-005 9.99013E-005
9.98833E-005 9.98833E-005 9.98833E-005 9.98833E-005 9.98833E-005 9.98833E-005 0.998702 9.98833E-005 9.98833E-005 9.98833E-005 9.98833E-005 9.98833E-005 9.98833E-005 9.98833E-005
0.135333 9.99372E-005 0.0038969 9.99372E-005 9.99372E-005 0.174131 0.438554 9.99372E-005 9.99372E-005 0.222859 9.99372E-005 0.0145711 9.99372E-005 0.00995509
9.9883E-005 9.9883E-005 9.9883E-005 9.9883E-005 9.9883E-005 9.9883E-005 9.9883E-005 9.9883E-005 9.9883E-005 9.9883E-005 0.998702 9.9883E-005 9.9883E-005 9.9883E-005
9.98829E-005 9.98829E-005 9.98829E-005 9.98829E-005 9.98829E-005 9.98829E-005 9.98829E-005 9.98829E-005 9.98829E-005 9.98829E-005 0.998702 9.98829E-005 9.98829E-005 9.98829E-005
0.0521487 0.00960294 0.0110801 9.99551E-005 9.99551E-005 0.625855 0.00429788 0.000298108 9.99551E-005 9.99551E-005 0.214657 0.0766733 0.00488722 9.99551E-005
9.99282E-005 0.375842 9.99282E-005 9.99282E-005 9.99282E-005 0.0277515 0.14594 0.107887 0.123204 9.99282E-005 9.99282E-005 9.99282E-005 0.218577 9.99282E-005
0.28893 0.0159812 9.9964E-005 0.0995544 0.171949 9.9964E-005 0.0342412 9.9964E-005 0.0836564 0.171273 0.0317261 0.043906 9.9964E-005 0.0583826
0.0956323 0.0314781 0.0441483 9.99458E-005 0.00838617 0.00712223 9.99458E-005 9.99458E-005 9.99458E-005 9.99458E-005 9.99458E-005 0.0232932 0.0814919 0.707848
9.99282E-005 0.0274658 0.146712 0.650238 9.99282E-005 9.99282E-005 9.99282E-005 0.00218376 0.149323 9.99282E-005 9.99282E-005 0.0232785 9.99282E-005 9.99282E-005
0.0984582 9.99282E-005 0.236429 0.55512 9.99282E-005 9.99282E-005 9.99282E-005 0.00588332 0.0154792 0.0878309 9.99282E-005 9.99282E-005 9.99282E-005 9.99282E-005
9.99005E-005 9.99005E-005 9.99005E-005 9.99005E-005 9.99005E-005 9.99005E-005 9.99005E-005 0.0479022 9.99005E-005 9.99005E-005 9.99005E-005 9.99005E-005 0.312431 0.638567
9.99193E-005 0.000656644 9.99193E-005 0.0185958 9.99193E-005 9.99193E-005 0.0301769 0.110651 9.99193E-005 9.99193E-005 9.99193E-005 9.99193E-005 0.839021 9.99193E-005
9.99103E-005 0.00148537 9.99103E-005 9.99103E-005 9.99103E-005 9.99103E-005 9.99103E-005 0.866549 9.99103E-005 9.99103E-005 0.00449524 9.99103E-005 0.126471 9.99103E-005
9.99192E-005 9.99192E-005 9.99192E-005 9.99192E-005 9.99192E-005 9.99192E-005 9.99192E-005 0.150468 0.231293 0.0880114 9.99192E-005 9.99192E-005 0.510032 0.0192958
9.98829E-005 9.98829E-005 9.98829E-005 9.98829E-005 9.98829E-005 9.98829E-005 9.98829E-005 0.998702 9.98829E-005 9.98829E-005 9.98829E-005 9.98829E-005 9.98829E-005 9.98829E-005
9.99102E-005 9.99102E-005 9.99102E-005 0.0219689 9.99102E-005 9.99102E-005 9.99102E-005 9.99102E-005 0.730307 9.99102E-005 9.99102E-005 9.99102E-005 0.236522 0.0102032
9.99282E-005 9.99282E-005 0.0165349 0.03724 0.0031674 9.99282E-005 9.99282E-005 0.0416367 9.99282E-005 9.99282E-005 0.00128037 9.99282E-005 0.899341 9.99282E-005
0.0200406 9.99192E-005 9.99192E-005 9.99192E-005 9.99192E-005 9.99192E-005 0.0271873 0.00610316 0.0567464 9.99192E-005 9.99192E-005 9.99192E-005 0.889023 9.99192E-005
9.98829E-005 9.98829E-005 9.98829E-005 9.98829E-005 9.98829E-005 9.98829E-005 9.98829E-005 0.998702 9.98829E-005 9.98829E-005 9.98829E-005 9.98829E-005 9.98829E-005 9.98829E-005
9.99103E-005 0.0459599 9.99103E-005 9.99103E-005 9.99103E-005 9.99103E-005 9.99103E-005 0.0541581 9.99103E-005 9.99103E-005 0.0331393 9.99103E-005 0.865744 9.99103E-005
9.99103E-005 9.99103E-005 0.0178437 9.99103E-005 9.99103E-005 0.0101516 9.99103E-005 0.0272117 9.99103E-005 9.99103E-005 9.99103E-005 9.99103E-005 0.943794 9.99103E-005
9.98924E-005 9.98924E-005 9.98924E-005 9.98924E-005 9.98924E-005 9.98924E-005 9.98924E-005 0.0140956 0.984706 9.98924E-005 9.98924E-005 9.98924E-005 9.98924E-005 9.98924E-005
9.98923E-005 9.98923E-005 0.0170229 9.98923E-005 9.98923E-005 9.98923E-005 9.98923E-005 9.98923E-005 0.981778 9.98923E-005 9.98923E-005 9.98923E-005 9.98923E-005 9.98923E-005
9.99102E-005 9.99102E-005 9.99102E-005 9.99102E-005 9.99102E-005 9.99102E-005 9.99102E-005 0.0146264 0.945795 0.0282138 0.0103653 9.99102E-005 9.99102E-005 9.99102E-005
9.99103E-005 0.0518103 9.99103E-005 9.99103E-005 9.99103E-005 9.99103E-005 9.99103E-005 0.00546533 9.99103E-005 9.99103E-005 9.99103E-005 0.00653498 0.93519 9.99103E-005
9.99372E-005 0.0149809 9.99372E-005 0.0298917 9.99372E-005 9.99372E-005 9.99372E-005 0.160826 0.281895 9.99372E-005 0.0120539 9.99372E-005 0.487336 0.0123165
9.99283E-005 0.675292 0.0480694 9.99283E-005 0.0593085 9.99283E-005 0.16407 0.0198912 9.99283E-005 9.99283E-005 9.99283E-005 0.0325695 9.99283E-005 9.99283E-005
9.99012E-005 9.99012E-005 9.99012E-005 9.99012E-005 0.106326 0.00602359 9.99012E-005 9.99012E-005 9.99012E-005 0.886552 9.99012E-005 9.99012E-005 9.99012E-005 9.99012E-005
9.99191E-005 9.99191E-005 9.99191E-005 9.99191E-005 0.109983 0.0337209 9.99191E-005 9.99191E-005 9.99191E-005 0.799586 0.0177201 0.0380916 9.99191E-005 9.99191E-005
9.99013E-005 9.99013E-005 9.99013E-005 9.99013E-005 9.99013E-005 0.862115 9.99013E-005 9.99013E-005 9.99013E-005 9.99013E-005 0.132712 9.99013E-005 0.00407369 9.99013E-005
9.99192E-005 9.99192E-005 9.99192E-005 9.99192E-005 0.0180057 0.810149 9.99192E-005 0.00268523 9.99192E-005 9.99192E-005 0.142168 0.0260932 9.99192E-005 9.99192E-005
9.99103E-005 0.0687101 9.99103E-005 9.99103E-005 0.00442541 0.889337 9.99103E-005 9.99103E-005 9.99103E-005 9.99103E-005 0.0365281 9.99103E-005 9.99103E-005 9.99103E-005
9.99192E-005 0.0437295 9.99192E-005 0.0218389 9.99192E-005 0.894644 0.00525201 9.99192E-005 9.99192E-005 9.99192E-005 9.99192E-005 0.0336363 9.99192E-005 9.99192E-005
9.99372E-005 0.108589 0.202223 0.659883 0.00530338 9.99372E-005 9.99372E-005 9.99372E-005 9.99372E-005 9.99372E-005 0.00229647 9.99372E-005 0.00980323 0.0112023
9.99372E-005 9.99372E-005 0.201857 0.654345 9.99372E-005 0.0190913 0.0305373 0.0294313 9.99372E-005 0.0593606 9.99372E-005 0.00467819 9.99372E-005 9.99372E-005
9.99364E-005 9.99364E-005 0.238478 0.474989 9.99364E-005 9.99364E-005 0.0231537 9.99364E-005 9.99364E-005 0.245002 0.00422672 9.99364E-005 0.0133502 9.99364E-005
0.0591033 0.870708 0.00463101 9.99282E-005 9.99282E-005 9.99282E-005 0.0380909 0.00806955 9.99282E-005 9.99282E-005 0.0185982 9.99282E-005 9.99282E-005 9.99282E-005
9.98923E-005 9.98923E-005 9.98923E-005 9.98923E-005 9.98923E-005 9.98923E-005 9.98923E-005 9.98923E-005 9.98923E-005 0.957412 0.041389 9.98923E-005 9.98923E-005 9.98923E-005
0.0757604 0.785071 9.99371E-005 0.00810549 0.031531 0.00328893 0.0150563 9.99371E-005 0.0804878 9.99371E-005 9.99371E-005 9.99371E-005 9.99371E-005 9.99371E-005
9.99102E-005 0.952917 9.99102E-005 9.99102E-005 9.99102E-005 9.99102E-005 9.99102E-005 9.99102E-005 0.0153573 9.99102E-005 9.99102E-005 9.99102E-005 0.0234805 0.00724596
