0.0778265 9.99282E-005 9.99282E-005 9.99282E-005 0.0191722 9.99282E-005 9.99282E-005 0.871931 0.0186809 0.00674065 9.99282E-005 0.00484968 9.99282E-005 9.99282E-005
9.98922E-005 9.98922E-005 9.98922E-005 9.98922E-005 9.98922E-005 9.98922E-005 9.98922E-005 0.982239 0.0165625 9.98922E-005 9.98922E-005 9.98922E-005 9.98922E-005 9.98922E-005
9.99102E-005 9.99102E-005 9.99102E-005 9.99102E-005 9.99102E-005 9.99102E-005 9.99102E-005 0.752988 0.044328 0.0896453 0.11204 9.99102E-005 9.99102E-005 9.99102E-005
9.99193E-005 9.99193E-005 9.99193E-005 0.111933 0.0181783 9.99193E-005 9.99193E-005 0.407904 9.99193E-005 9.99193E-005 0.403416 9.99193E-005 0.0576697 9.99193E-005
9.99192E-005 9.99192E-005 9.99192E-005 9.99192E-005 0.0517057 9.99192E-005 9.99192E-005 0.623683 0.0292792 0.00120649 0.293227 9.99192E-005 9.99192E-005 9.99192E-005
9.98831E-005 9.98831E-005 9.98831E-005 9.98831E-005 9.98831E-005 9.98831E-005 9.98831E-005 0.998702 9.98831E-005 9.98831E-005 9.98831E-005 9.98831E-005 9.98831E-005 9.98831E-005
9.99012E-005 9.99012E-005 9.99012E-005 9.99012E-005 9.99012E-005 9.99012E-005 9.99012E-005 0.968724 0.014012 9.99012E-005 0.0161649 9.99012E-005 9.99012E-005 9.99012E-005
9.993E-005 9.993E-005 9.993E-005 0.0702127 0.0635528 0.012123 0.0722744 0.73149 9.993E-005 9.993E-005 9.993E-005 0.0131244 0.0365234 9.993E-005
9.99191E-005 0.0182518 0.0329157 0.0963291 9.99191E-005 9.99191E-005 9.99191E-005 0.825109 9.99191E-005 9.99191E-005 9.99191E-005 9.99191E-005 0.0264956 9.99191E-005
9.99102E-005 0.0156736 0.0866804 9.99102E-005 9.99102E-005 9.99102E-005 9.99102E-005 0.847843 9.99102E-005 9.99102E-005 9.99102E-005 9.99102E-005 0.0488041 9.99102E-005
9.99013E-005 0.0741729 9.99013E-005 9.99013E-005 9.99013E-005 9.99013E-005 9.99013E-005 0.872897 9.99013E-005 9.99013E-005 9.99013E-005 9.99013E-005 9.99013E-005 0.051831
9.98923E-005 9.98923E-005 9.98923E-005 9.98923E-005 9.98923E-005 9.98923E-005 9.98923E-005 9.98923E-005 0.0419202 9.98923E-005 0.956881 9.98923E-005 9.98923E-005 9.98923E-005
9.99012E-005 9.99012E-005 9.99012E-005 9.99012E-005 9.99012E-005 9.99012E-005 0.00951793 0.0503347 9.99012E-005 9.99012E-005 0.939048 9.99012E-005 9.99012E-005 9.99012E-005
9.99014E-005 9.99014E-005 9.99014E-005 9.99014E-005 9.99014E-005 9.99014E-005 9.99014E-005 0.0587205 9.99014E-005 9.99014E-005 0.899063 9.99014E-005 9.99014E-005 0.041118
9.99282E-005 0.0462324 0.0503696 0.0107577 9.99282E-005 0.000566352 0.0298771 9.99282E-005 9.99282E-005 9.99282E-005 0.861397 9.99282E-005 9.99282E-005 9.99282E-005
0.0250934 0.0114588 9.99192E-005 9.99192E-005 9.99192E-005 9.99192E-005 9.99192E-005 9.99192E-005 9.99192E-005 0.0412029 0.904339 9.99192E-005 0.0170067 9.99192E-005
0.0179683 9.99012E-005 9.99012E-005 9.99012E-005 9.99012E-005 9.99012E-005 9.99012E-005 9.99012E-005 9.99012E-005 9.99012E-005 0.977926 0.00300721 9.99012E-005 9.99012E-005
9.99102E-005 0.0020729 9.99102E-005 9.99102E-005 9.99102E-005 9.99102E-005 9.99102E-005 9.99102E-005 9.99102E-005 0.100701 0.890169 0.00605778 9.99102E-005 9.99102E-005
9.99372E-005 9.99372E-005 9.99372E-005 0.0262217 0.0194241 0.0153336 9.99372E-005 0.0861418 0.540786 0.0817029 9.99372E-005 9.99372E-005 0.229691 9.99372E-005
0.0700341 9.99192E-005 9.99192E-005 9.99192E-005 0.0153612 9.99192E-005 9.99192E-005 9.99192E-005 0.0426045 9.99192E-005 0.0264017 9.99192E-005 0.844699 9.99192E-005
9.99013E-005 9.99013E-005 9.99013E-005 9.99013E-005 0.014525 9.99013E-005 9.99013E-005 9.99013E-005 0.0945341 9.99013E-005 9.99013E-005 9.99013E-005 0.889842 9.99013E-005
9.99372E-005 9.99372E-005 9.99372E-005 0.0411331 0.00973089 9.99372E-005 9.99372E-005 0.0494134 0.235949 9.99372E-005 9.99372E-005 0.000948931 0.624086 0.0380388
9.99102E-005 0.0304941 9.99102E-005 9.99102E-005 9.99102E-005 9.99102E-005 9.99102E-005 9.99102E-005 0.0494531 9.99102E-005 9.99102E-005 9.99102E-005 0.851432 0.0676212
9.98829E-005 9.98829E-005 9.98829E-005 9.98829E-005 9.98829E-005 9.98829E-005 9.98829E-005 9.98829E-005 0.998702 9.98829E-005 9.98829E-005 9.98829E-005 9.98829E-005 9.98829E-005
9.98832E-005 9.98832E-005 9.98832E-005 9.98832E-005 9.98832E-005 9.98832E-005 9.98832E-005 9.98832E-005 0.998702 9.98832E-005 9.98832E-005 9.98832E-005 9.98832E-005 9.98832E-005
9.98832E-005 9.98832E-005 9.98832E-005 9.98832E-005 9.98832E-005 9.98832E-005 9.98832E-005 9.98832E-005 0.998702 9.98832E-005 9.98832E-005 9.98832E-005 9.98832E-005 9.98832E-005
9.99282E-005 9.99282E-005 0.0303931 0.070015 0.0621823 0.0300958 9.99282E-005 9.99282E-005 0.0623729 9.99282E-005 9.99282E-005 9.99282E-005 0.744141 9.99282E-005
9.99191E-005 9.99191E-005 0.00591007 9.99191E-005 9.99191E-005 0.00444592 9.99191E-005 0.032505 0.763065 9.99191E-005 9.99191E-005 9.99191E-005 0.193174 9.99191E-005
0.051203 9.99013E-005 9.99013E-005 9.99013E-005 9.99013E-005 9.99013E-005 9.99013E-005 9.99013E-005 0.0171609 9.99013E-005 9.99013E-005 9.99013E-005 0.930537 9.99013E-005
9.98832E-005 9.98832E-005 9.98832E-005 9.98832E-005 9.98832E-005 9.98832E-005 9.98832E-005 9.98832E-005 0.998702 9.98832E-005 9.98832E-005 9.98832E-005 9.98832E-005 9.98832E-005
9.99102E-005 9.99102E-005 9.99102E-005 9.99102E-005 9.99102E-005 9.99102E-005 0.0690778 0.0563288 0.160172 9.99102E-005 9.99102E-005 9.99102E-005 0.713422 9.99102E-005
9.98832E-005 9.98832E-005 9.98832E-005 9.98832E-005 9.98832E-005 9.98832E-005 9.98832E-005 9.98832E-005 0.998702 9.98832E-005 9.98832E-005 9.98832E-005 9.98832E-005 9.98832E-005
9.99102E-005 9.99102E-005 9.99102E-005 9.99102E-005 9.99102E-005 9.99102E-005 9.99102E-005 9.99102E-005 0.0830388 0.101839 9.99102E-005 0.00129842 0.812825 9.99102E-005
9.99282E-005 9.99282E-005 0.0140399 9.99282E-005 9.99282E-005 0.0129982 9.99282E-005 0.00754295 0.26017 9.99282E-005 9.99282E-005 9.99282E-005 0.702646 0.00180333
9.99462E-005 9.99462E-005 0.0038756 9.99462E-005 0.0275864 0.0082424 0.0370484 9.99462E-005 0.163646 0.031933 9.99462E-005 9.99462E-005 0.687579 0.0394896
0.035862 9.99102E-005 9.99102E-005 9.99102E-005 9.99102E-005 9.99102E-005 9.99102E-005 0.0020851 0.123543 9.99102E-005 9.99102E-005 9.99102E-005 0.837511 9.99102E-005
0.0973756 9.99282E-005 0.014027 9.99282E-005 9.99282E-005 9.99282E-005 9.99282E-005 0.00185886 0.0892282 9.99282E-005 9.99282E-005 0.00818471 0.788526 9.99282E-005
9.99372E-005 9.99372E-005 0.0357581 9.99372E-005 0.704708 0.0139339 9.99372E-005 0.0281536 9.99372E-005 0.0397427 0.120986 9.99372E-005 0.056018 9.99372E-005
9.98923E-005 0.0145101 9.98923E-005 9.98923E-005 0.984291 9.98923E-005 9.98923E-005 9.98923E-005 9.98923E-005 9.98923E-005 9.98923E-005 9.98923E-005 9.98923E-005 9.98923E-005
9.99372E-005 9.99372E-005 0.028178 0.0025367 0.793483 0.0373904 9.99372E-005 9.99372E-005 0.0201308 0.102764 9.99372E-005 9.99372E-005 0.0148167 9.99372E-005
9.99192E-005 0.00220219 9.99192E-005 9.99192E-005 0.854409 9.99192E-005 9.99192E-005 9.99192E-005 9.99192E-005 0.125586 9.99192E-005 0.0146858 9.99192E-005 0.00221722
9.99192E-005 9.99192E-005 9.99192E-005 9.99192E-005 0.739278 0.0295175 9.99192E-005 9.99192E-005 0.0190978 0.188926 9.99192E-005 0.0222814 9.99192E-005 9.99192E-005
0.0203737 9.99102E-005 9.99102E-005 9.99102E-005 0.943927 9.99102E-005 9.99102E-005 9.99102E-005 0.0102027 0.0244971 9.99102E-005 9.99102E-005 9.99102E-005 9.99102E-005
9.99103E-005 9.99103E-005 9.99103E-005 9.99103E-005 0.796517 0.00271184 9.99103E-005 9.99103E-005 9.99103E-005 0.189719 9.99103E-005 0.0100525 9.99103E-005 9.99103E-005
9.99201E-005 9.99201E-005 9.99201E-005 0.0598405 0.781038 9.99201E-005 9.99201E-005 9.99201E-005 0.00629144 0.00733331 0.13916 0.00553731 9.99201E-005 9.99201E-005
9.99134E-005 9.99134E-005 0.00359332 9.99134E-005 0.980116 9.99134E-005 9.99134E-005 9.99134E-005 0.0133053 0.00198638 9.99134E-005 9.99134E-005 9.99134E-005 9.99134E-005
9.99282E-005 9.99282E-005 0.075805 0.58152 0.0571009 9.99282E-005 0.0752485 9.99282E-005 0.041882 9.99282E-005 0.167645 9.99282E-005 9.99282E-005 9.99282E-005
9.98801E-005 9.98801E-005 9.98801E-005 9.98801E-005 9.98801E-005 9.98801E-005 9.98801E-005 9.98801E-005 9.98801E-005 9.98801E-005 9.98801E-005 0.998702 9.98801E-005 9.98801E-005
9.99012E-005 0.978518 9.99012E-005 9.99012E-005 0.00408547 9.99012E-005 9.99012E-005 9.99012E-005 9.99012E-005 9.99012E-005 9.99012E-005 0.0162974 9.99012E-005 9.99012E-005
0.0442933 9.99103E-005 9.99103E-005 0.894452 9.99103E-005 0.00754463 9.99103E-005 9.99103E-005 9.99103E-005 0.0527108 9.99103E-005 9.99103E-005 9.99103E-005 9.99103E-005
0.0162782 0.732873 9.9901E-005 0.24975 9.9901E-005 9.9901E-005 9.9901E-005 9.9901E-005 9.9901E-005 9.9901E-005 9.9901E-005 9.9901E-005 9.9901E-005 9.9901E-005
0.998702 9.98831E-005 9.98831E-005 9.98831E-005 9.98831E-005 9.98831E-005 9.98831E-005 9.98831E-005 9.98831E-005 9.98831E-005 9.98831E-005 9.98831E-005 9.98831E-005 9.98831E-005
9.99102E-005 9.99102E-005 9.99102E-005 0.910066 0.00238276 0.0263215 9.99102E-005 9.99102E-005 9.99102E-005 9.99102E-005 9.99102E-005 9.99102E-005 0.0602304 9.99102E-005
9.99282E-005 9.99282E-005 9.99282E-005 0.835159 0.0933658 0.00179513 0.00606233 0.0281575 0.0346606 9.99282E-005 9.99282E-005 9.99282E-005 9.99282E-005 9.99282E-005
0.998702 9.98833E-005 9.98833E-005 9.98833E-005 9.98833E-005 9.98833E-005 9.98833E-005 9.98833E-005 9.98833E-005 9.98833E-005 9.98833E-005 9.98833E-005 9.98833E-005 9.98833E-005
0.0810218 9.99013E-005 9.99013E-005 0.904828 9.99013E-005 9.99013E-005 9.99013E-005 0.0130514 9.99013E-005 9.99013E-005 9.99013E-005 9.99013E-005 9.99013E-005 9.99013E-005
0.0417958 9.99281E-005 0.00897113 0.809361 9.99281E-005 0.0502781 9.99281E-005 9.99281E-005 0.0370857 0.0517092 9.99281E-005 9.99281E-005 9.99281E-005 9.99281E-005
0.995346 9.98922E-005 9.98922E-005 9.98922E-005 9.98922E-005 9.98922E-005 9.98922E-005 0.00345543 9.98922E-005 9.98922E-005 9.98922E-005 9.98922E-005 9.98922E-005 9.98922E-005
9.98832E-005 9.98832E-005 9.98832E-005 0.998702 9.98832E-005 9.98832E-005 9.98832E-005 9.98832E-005 9.98832E-005 9.98832E-005 9.98832E-005 9.98832E-005 9.98832E-005 9.98832E-005
9.98833E-005 9.98833E-005 9.98833E-005 0.998702 9.98833E-005 9.98833E-005 9.98833E-005 9.98833E-005 9.98833E-005 9.98833E-005 9.98833E-005 9.98833E-005 9.98833E-005 9.98833E-005
9.99102E-005 9.99102E-005 9.99102E-005 0.00156987 9.99102E-005 9.99102E-005 0.875585 9.99102E-005 9.99102E-005 9.99102E-005 0.105801 9.99102E-005 9.99102E-005 0.0160451
9.99192E-005 9.99192E-005 9.99192E-005 0.0414365 9.99192E-005 9.99192E-005 0.846062 0.0334847 9.99192E-005 0.0111208 9.99192E-005 9.99192E-005 0.0669967 9.99192E-005
0.0192605 9.99372E-005 9.99372E-005 0.000890909 0.0675815 9.99372E-005 0.850935 0.0476985 9.99372E-005 0.00262212 9.99372E-005 0.0103121 9.99372E-005 9.99372E-005
9.99013E-005 9.99013E-005 9.99013E-005 9.99013E-005 9.99013E-005 0.299963 0.589329 9.99013E-005 9.99013E-005 9.99013E-005 9.99013E-005 9.99013E-005 9.99013E-005 0.10961
9.99192E-005 9.99192E-005 0.154192 9.99192E-005 9.99192E-005 0.290009 0.434031 9.99192E-005 0.0164868 9.99192E-005 9.99192E-005 9.99192E-005 9.99192E-005 0.104382
9.99014E-005 9.99014E-005 9.99014E-005 0.0164841 0.000893869 0.981523 9.99014E-005 9.99014E-005 9.99014E-005 9.99014E-005 9.99014E-005 9.99014E-005 9.99014E-005 9.99014E-005
9.98831E-005 9.98831E-005 9.98831E-005 9.98831E-005 9.98831E-005 0.998702 9.98831E-005 9.98831E-005 9.98831E-005 9.98831E-005 9.98831E-005 9.98831E-005 9.98831E-005 9.98831E-005
0.0187248 9.99103E-005 9.99103E-005 9.99103E-005 9.99103E-005 0.367297 0.493117 9.99103E-005 9.99103E-005 9.99103E-005 9.99103E-005 9.99103E-005 9.99103E-005 0.119863
9.99101E-005 9.99101E-005 0.0916804 0.0592783 9.99101E-005 0.344413 0.375369 9.99101E-005 9.99101E-005 9.99101E-005 9.99101E-005 9.99101E-005 9.99101E-005 0.12836
9.99012E-005 9.99012E-005 9.99012E-005 9.99012E-005 9.99012E-005 0.937166 9.99012E-005 9.99012E-005 9.99012E-005 0.00444994 0.0572854 9.99012E-005 9.99012E-005 9.99012E-005
9.98833E-005 9.98833E-005 9.98833E-005 9.98833E-005 9.98833E-005 0.998702 9.98833E-005 9.98833E-005 9.98833E-005 9.98833E-005 9.98833E-005 9.98833E-005 9.98833E-005 9.98833E-005
0.0252079 9.99282E-005 0.00075453 9.99282E-005 9.99282E-005 0.303189 0.584161 9.99282E-005 9.99282E-005 9.99282E-005 9.99282E-005 9.99282E-005 0.0200009 0.0658879
9.99013E-005 9.99013E-005 9.99013E-005 0.0279557 0.0022622 0.968683 9.99013E-005 9.99013E-005 9.99013E-005 9.99013E-005 9.99013E-005 9.99013E-005 9.99013E-005 9.99013E-005
9.99101E-005 9.99101E-005 9.99101E-005 0.000538943 9.99101E-005 0.962008 0.0224333 9.99101E-005 9.99101E-005 9.99101E-005 9.99101E-005 0.0140205 9.99101E-005 9.99101E-005
9.98923E-005 0.0122356 9.98923E-005 9.98923E-005 9.98923E-005 0.986566 9.98923E-005 9.98923E-005 9.98923E-005 9.98923E-005 9.98923E-005 9.98923E-005 9.98923E-005 9.98923E-005
9.99013E-005 9.99013E-005 9.99013E-005 9.99013E-005 9.99013E-005 0.906313 0.0872921 9.99013E-005 9.99013E-005 9.99013E-005 9.99013E-005 9.99013E-005 9.99013E-005 0.00529611
9.99012E-005 9.99012E-005 0.000481825 9.99012E-005 9.99012E-005 0.961383 9.99012E-005 9.99012E-005 0.0370358 9.99012E-005 9.99012E-005 9.99012E-005 9.99012E-005 9.99012E-005
9.99014E-005 9.99014E-005 9.99014E-005 9.99014E-005 9.99014E-005 9.99014E-005 9.99014E-005 9.99014E-005 9.99014E-005 0.064286 9.99014E-005 9.99014E-005 0.932254 0.00236103
9.99282E-005 9.99282E-005 9.99282E-005 9.99282E-005 0.832581 9.99282E-005 0.0260411 0.0174855 0.0215905 0.0990737 9.99282E-005 0.00242864 9.99282E-005 9.99282E-005
9.99012E-005 9.99012E-005 9.99012E-005 9.99012E-005 0.953144 9.99012E-005 9.99012E-005 9.99012E-005 0.0437803 0.00197688 9.99012E-005 9.99012E-005 9.99012E-005 9.99012E-005
0.0264209 9.99102E-005 0.922722 9.99102E-005 9.99102E-005 0.0275526 9.99102E-005 9.99102E-005 9.99102E-005 9.99102E-005 9.99102E-005 9.99102E-005 9.99102E-005 0.022305
9.99103E-005 0.0255898 0.75667 9.99103E-005 9.99103E-005 0.0499999 9.99103E-005 9.99103E-005 9.99103E-005 9.99103E-005 9.99103E-005 9.99103E-005 9.99103E-005 0.166741
9.99014E-005 9.99014E-005 0.795794 9.99014E-005 9.99014E-005 0.0378683 9.99014E-005 9.99014E-005 9.99014E-005 9.99014E-005 9.99014E-005 9.99014E-005 9.99014E-005 0.165239
9.99013E-005 9.99013E-005 0.951939 0.0281517 9.99013E-005 9.99013E-005 9.99013E-005 9.99013E-005 9.99013E-005 0.0188107 9.99013E-005 9.99013E-005 9.99013E-005 9.99013E-005
0.0684401 0.0049817 0.501059 9.99193E-005 9.99193E-005 0.00288599 9.99193E-005 9.99193E-005 9.99193E-005 9.99193E-005 9.99193E-005 9.99193E-005 9.99193E-005 0.421734
0.0775026 9.99191E-005 0.609125 9.99191E-005 9.99191E-005 9.99191E-005 0.000155986 9.99191E-005 0.00308278 9.99191E-005 9.99191E-005 9.99191E-005 9.99191E-005 0.309235
9.99193E-005 0.0244352 0.550061 9.99193E-005 9.99193E-005 9.99193E-005 9.99193E-005 9.99193E-005 0.0338264 0.00217551 9.99193E-005 9.99193E-005 9.99193E-005 0.388602
9.99282E-005 0.010285 0.495685 0.0403228 0.00631434 9.99282E-005 0.0126326 9.99282E-005 9.99282E-005 9.99282E-005 9.99282E-005 9.99282E-005 9.99282E-005 0.433961
9.99192E-005 9.99192E-005 0.835438 0.0358144 9.99192E-005 9.99192E-005 9.99192E-005 9.99192E-005 9.99192E-005 9.99192E-005 9.99192E-005 0.00598967 0.0500354 0.0718233
9.99191E-005 9.99191E-005 0.904492 0.0598424 9.99191E-005 9.99191E-005 9.99191E-005 9.99191E-005 9.99191E-005 9.99191E-005 0.0192697 0.00433385 9.99191E-005 0.0111629
9.98924E-005 9.98924E-005 0.973989 9.98924E-005 9.98924E-005 9.98924E-005 9.98924E-005 9.98924E-005 9.98924E-005 0.0248121 9.98924E-005 9.98924E-005 9.98924E-005 9.98924E-005
0.0570995 0.0495828 0.772113 9.99339E-005 9.99339E-005 0.000845029 9.99339E-005 9.99339E-005 9.99339E-005 9.99339E-005 9.99339E-005 0.00539238 9.99339E-005 0.114167
0.0497178 9.99103E-005 0.912775 0.0106882 9.99103E-005 9.99103E-005 9.99103E-005 9.99103E-005 9.99103E-005 9.99103E-005 9.99103E-005 9.99103E-005 9.99103E-005 0.0258197
0.00790896 9.99102E-005 0.852344 9.99102E-005 9.99102E-005 0.0181267 9.99102E-005 9.99102E-005 9.99102E-005 9.99102E-005 9.99102E-005 9.99102E-005 9.99102E-005 0.120621
9.99192E-005 0.00183293 0.906623 9.99192E-005 9.99192E-005 9.99192E-005 0.000501267 0.0302638 9.99192E-005 9.99192E-005 9.99192E-005 9.99192E-005 9.99192E-005 0.0598797
9.99282E-005 0.0246302 0.498589 9.99282E-005 9.99282E-005 9.99282E-005 9.99282E-005 0.0126372 0.00996625 0.0525096 9.99282E-005 9.99282E-005 9.99282E-005 0.400868
9.99103E-005 0.0114681 0.856586 9.99103E-005 9.99103E-005 0.0516618 9.99103E-005 9.99103E-005 9.99103E-005 9.99103E-005 9.99103E-005 9.99103E-005 9.99103E-005 0.079285
9.99193E-005 9.99193E-005 0.74003 9.99193E-005 0.0143419 9.99193E-005 9.99193E-005 0.0116078 9.99193E-005 0.0118997 9.99193E-005 9.99193E-005 9.99193E-005 0.221221
0.020832 9.99014E-005 0.964538 9.99014E-005 9.99014E-005 9.99014E-005 9.99014E-005 9.99014E-005 9.99014E-005 9.99014E-005 9.99014E-005 9.99014E-005 9.99014E-005 0.013531
0.0129959 0.0144926 0.351278 9.99411E-005 9.99411E-005 0.00622691 0.0175418 9.99411E-005 9.99411E-005 9.99411E-005 9.99411E-005 9.99411E-005 0.0493732 0.547392
9.99192E-005 0.00629385 0.439985 9.99192E-005 9.99192E-005 0.0154121 9.99192E-005 9.99192E-005 9.99192E-005 9.99192E-005 0.0161316 9.99192E-005 9.99192E-005 0.521279
9.98923E-005 9.98923E-005 0.923541 9.98923E-005 9.98923E-005 9.98923E-005 9.98923E-005 9.98923E-005 9.98923E-005 9.98923E-005 0.0752605 9.98923E-005 9.98923E-005 9.98923E-005
9.99012E-005 0.0325099 0.365672 9.99012E-005 9.99012E-005 9.99012E-005 9.99012E-005 9.99012E-005 9.99012E-005 9.99012E-005 9.99012E-005 9.99012E-005 9.99012E-005 0.600719
0.10876 0.00392574 0.848995 9.99371E-005 9.99371E-005 9.99371E-005 0.0093248 9.99371E-005 0.00356102 9.99371E-005 9.99371E-005 0.00381266 9.99371E-005 0.0209206
9.99013E-005 9.99013E-005 0.674351 9.99013E-005 9.99013E-005 9.99013E-005 0.0182928 9.99013E-005 9.99013E-005 9.99013E-005 9.99013E-005 9.99013E-005 9.99013E-005 0.306258
9.99371E-005 0.0274828 0.832366 0.000476755 9.99371E-005 9.99371E-005 9.99371E-005 0.0371767 0.0152087 9.99371E-005 9.99371E-005 0.00688359 9.99371E-005 0.0797061
9.99101E-005 9.99101E-005 0.057101 9.99101E-005 9.99101E-005 0.242986 0.660936 9.99101E-005 9.99101E-005 9.99101E-005 9.99101E-005 9.99101E-005 9.99101E-005 0.037978
9.99281E-005 0.0321727 0.045569 9.99281E-005 9.99281E-005 0.11815 0.544507 9.99281E-005 9.99281E-005 9.99281E-005 9.99281E-005 9.99281E-005 0.232178 0.0266236
9.99283E-005 9.99283E-005 0.234241 9.99283E-005 9.99283E-005 0.20729 0.490979 9.99283E-005 0.00588695 9.99283E-005 9.99283E-005 9.99283E-005 0.0120699 0.0487328
9.99102E-005 9.99102E-005 9.99102E-005 9.99102E-005 9.99102E-005 0.0288832 9.99102E-005 9.99102E-005 9.99102E-005 0.681789 0.255813 9.99102E-005 0.0325163 9.99102E-005
9.98829E-005 9.98829E-005 9.98829E-005 9.98829E-005 9.98829E-005 9.98829E-005 9.98829E-005 9.98829E-005 9.98829E-005 0.998702 9.98829E-005 9.98829E-005 9.98829E-005 9.98829E-005
0.00206137 9.99013E-005 9.99013E-005 0.0385524 9.99013E-005 9.99013E-005 9.99013E-005 9.99013E-005 9.99013E-005 0.958287 9.99013E-005 9.99013E-005 9.99013E-005 9.99013E-005
9.98922E-005 9.98922E-005 9.98922E-005 9.98922E-005 9.98922E-005 9.98922E-005 9.98922E-005 9.98922E-005 0.0132142 0.985587 9.98922E-005 9.98922E-005 9.98922E-005 9.98922E-005
9.99013E-005 9.99013E-005 9.99013E-005 9.99013E-005 0.0681778 9.99013E-005 9.99013E-005 9.99013E-005 9.99013E-005 0.928744 0.00197939 9.99013E-005 9.99013E-005 9.99013E-005
9.98833E-005 9.98833E-005 9.98833E-005 9.98833E-005 9.98833E-005 9.98833E-005 9.98833E-005 9.98833E-005 9.98833E-005 0.998702 9.98833E-005 9.98833E-005 9.98833E-005 9.98833E-005
9.99551E-005 9.99551E-005 9.99551E-005 0.0485569 0.169663 0.0143116 9.99551E-005 0.00233273 0.0527247 0.521703 0.120881 0.0148146 0.0545134 9.99551E-005
9.99102E-005 0.0180079 9.99102E-005 9.99102E-005 0.974065 9.99102E-005 9.99102E-005 9.99102E-005 0.00113485 9.99102E-005 9.99102E-005 0.00579362 9.99102E-005 9.99102E-005
9.98833E-005 9.98833E-005 9.98833E-005 9.98833E-005 0.998702 9.98833E-005 9.98833E-005 9.98833E-005 9.98833E-005 9.98833E-005 9.98833E-005 9.98833E-005 9.98833E-005 9.98833E-005
9.99372E-005 9.99372E-005 9.99372E-005 9.99372E-005 0.820611 0.0114708 9.99372E-005 9.99372E-005 0.0522568 0.00176286 0.0961984 0.00496996 9.99372E-005 0.0120304
9.99193E-005 9.99193E-005 0.221122 9.99193E-005 0.0204529 9.99193E-005 9.99193E-005 9.99193E-005 9.99193E-005 0.166935 9.99193E-005 9.99193E-005 0.345716 0.244875
9.99461E-005 0.0318872 9.99461E-005 0.161207 9.99461E-005 9.99461E-005 9.99461E-005 0.0490043 0.0383423 9.99461E-005 0.590663 0.00351461 0.0553787 0.069403
9.99099E-005 0.874218 9.99099E-005 9.99099E-005 9.99099E-005 9.99099E-005 9.99099E-005 0.00499752 0.0137665 9.99099E-005 0.106019 9.99099E-005 9.99099E-005 9.99099E-005
9.99013E-005 9.99013E-005 0.0226172 0.181624 9.99013E-005 9.99013E-005 0.79466 9.99013E-005 9.99013E-005 9.99013E-005 9.99013E-005 9.99013E-005 9.99013E-005 9.99013E-005
0.0554593 9.99192E-005 9.99192E-005 0.0088534 9.99192E-005 0.00560641 0.83402 0.0951617 9.99192E-005 9.99192E-005 9.99192E-005 9.99192E-005 9.99192E-005 9.99192E-005
9.99008E-005 0.89856 0.0344892 9.99008E-005 9.99008E-005 9.99008E-005 9.99008E-005 9.99008E-005 9.99008E-005 9.99008E-005 9.99008E-005 9.99008E-005 9.99008E-005 0.0658523
9.99193E-005 9.99193E-005 0.798496 0.0303452 9.99193E-005 0.00355076 9.99193E-005 9.99193E-005 9.99193E-005 9.99193E-005 0.0142962 9.99193E-005 9.99193E-005 0.152412
0.000268299 9.98923E-005 9.98923E-005 9.98923E-005 9.98923E-005 9.98923E-005 9.98923E-005 9.98923E-005 9.98923E-005 9.98923E-005 9.98923E-005 9.98923E-005 9.98923E-005 0.998533
9.99282E-005 0.0200796 0.57725 9.99282E-005 9.99282E-005 9.99282E-005 9.99282E-005 9.99282E-005 0.0106397 9.99282E-005 0.0483501 9.99282E-005 0.00212648 0.340754
9.9883E-005 9.9883E-005 9.9883E-005 9.9883E-005 9.9883E-005 9.9883E-005 9.9883E-005 9.9883E-005 9.9883E-005 9.9883E-005 9.9883E-005 9.9883E-005 9.9883E-005 0.998702
9.99102E-005 9.99102E-005 0.924826 0.0536467 9.99102E-005 9.99102E-005 9.99102E-005 9.99102E-005 9.99102E-005 0.00730884 9.99102E-005 0.0132196 9.99102E-005 9.99102E-005
0.00644165 0.0106119 0.789701 0.00415842 9.99372E-005 0.00884478 0.0179406 9.99372E-005 9.99372E-005 9.99372E-005 9.99372E-005 9.99372E-005 9.99372E-005 0.161602
9.99282E-005 9.99282E-005 0.824263 0.00963363 9.99282E-005 0.0160732 9.99282E-005 9.99282E-005 0.0044047 0.0135697 9.99282E-005 9.99282E-005 9.99282E-005 0.131256
9.98831E-005 9.98831E-005 9.98831E-005 9.98831E-005 9.98831E-005 9.98831E-005 9.98831E-005 9.98831E-005 9.98831E-005 9.98831E-005 9.98831E-005 9.98831E-005 9.98831E-005 0.998702
9.99192E-005 0.0128183 0.719612 9.99192E-005 0.0442277 0.00106499 9.99192E-005 9.99192E-005 9.99192E-005 9.99192E-005 9.99192E-005 9.99192E-005 9.99192E-005 0.221377
9.99193E-005 0.0190961 0.858396 0.00374772 9.99193E-005 0.0443592 9.99193E-005 9.99193E-005 9.99193E-005 9.99193E-005 9.99193E-005 9.99193E-005 9.99193E-005 0.0735015
9.99013E-005 9.99013E-005 0.150113 9.99013E-005 9.99013E-005 9.99013E-005 0.00950885 9.99013E-005 9.99013E-005 9.99013E-005 9.99013E-005 9.99013E-005 9.99013E-005 0.839279
9.99012E-005 9.99012E-005 0.0116544 9.99012E-005 9.99012E-005 0.031451 9.99012E-005 9.99012E-005 9.99012E-005 9.99012E-005 9.99012E-005 9.99012E-005 9.99012E-005 0.955796
9.99192E-005 9.99192E-005 0.09701 9.99192E-005 9.99192E-005 9.99192E-005 9.99192E-005 9.99192E-005 9.99192E-005 9.99192E-005 0.0400998 0.00820559 0.0214671 0.832318
9.99103E-005 9.99103E-005 0.816931 9.99103E-005 9.99103E-005 9.99103E-005 9.99103E-005 9.99103E-005 0.020831 9.99103E-005 9.99103E-005 9.99103E-005 0.018325 0.142914
9.99102E-005 0.0433214 0.347718 0.0610637 9.99102E-005 9.99102E-005 9.99102E-005 9.99102E-005 9.99102E-005 9.99102E-005 9.99102E-005 9.99102E-005 9.99102E-005 0.546898
9.993E-005 9.993E-005 9.993E-005 9.993E-005 0.00708156 0.067063 9.993E-005 0.0844378 0.0461873 0.13127 9.993E-005 9.993E-005 0.646771 0.01649
9.99282E-005 9.99282E-005 0.0088085 9.99282E-005 0.026317 9.99282E-005 9.99282E-005 0.0724742 0.0207515 0.0241842 9.99282E-005 9.99282E-005 0.846665 9.99282E-005
9.99372E-005 0.00955494 0.0137523 9.99372E-005 0.0869667 0.0270073 9.99372E-005 0.144983 0.0706625 9.99372E-005 9.99372E-005 9.99372E-005 0.646373 9.99372E-005
0.0324449 9.98923E-005 9.98923E-005 9.98923E-005 0.966356 9.98923E-005 9.98923E-005 9.98923E-005 9.98923E-005 9.98923E-005 9.98923E-005 9.98923E-005 9.98923E-005 9.98923E-005
0.01487 9.99013E-005 9.99013E-005 9.99013E-005 0.973091 9.99013E-005 9.99013E-005 9.99013E-005 0.0109397 9.99013E-005 9.99013E-005 9.99013E-005 9.99013E-005 9.99013E-005
0.0818202 9.99103E-005 9.99103E-005 9.99103E-005 0.862986 9.99103E-005 9.99103E-005 9.99103E-005 9.99103E-005 0.00299067 9.99103E-005 9.99103E-005 0.0512045 9.99103E-005
9.99192E-005 9.99192E-005 9.99192E-005 0.0315415 0.813408 9.99192E-005 9.99192E-005 9.99192E-005 0.0240634 0.0194397 0.110648 9.99192E-005 9.99192E-005 9.99192E-005
9.98923E-005 9.98923E-005 9.98923E-005 9.98923E-005 9.98923E-005 9.98923E-005 0.901885 9.98923E-005 9.98923E-005 9.98923E-005 0.0969167 9.98923E-005 9.98923E-005 9.98923E-005
9.99012E-005 9.99012E-005 9.99012E-005 0.110398 9.99012E-005 9.99012E-005 0.860867 0.0276365 9.99012E-005 9.99012E-005 9.99012E-005 9.99012E-005 9.99012E-005 9.99012E-005
0.0387853 9.99282E-005 9.99282E-005 9.99282E-005 0.0107211 9.99282E-005 0.818908 9.99282E-005 9.99282E-005 0.0255704 0.0836807 9.99282E-005 0.0215351 9.99282E-005
9.99462E-005 9.99462E-005 9.99462E-005 0.0275742 0.0214669 0.000843008 9.99462E-005 9.99462E-005 0.0279959 0.0273326 0.0475053 0.00742089 0.839262 9.99462E-005
9.99103E-005 0.000848395 9.99103E-005 9.99103E-005 9.99103E-005 9.99103E-005 0.0694789 9.99103E-005 9.99103E-005 9.99103E-005 9.99103E-005 0.00565821 0.923015 9.99103E-005
0.101111 9.99461E-005 0.0420663 9.99461E-005 9.99461E-005 0.0140451 0.00995242 9.99461E-005 0.000696982 0.0386428 0.124623 9.99461E-005 0.668263 9.99461E-005
9.99282E-005 0.020226 0.0431783 9.99282E-005 9.99282E-005 0.00921137 0.0379864 9.99282E-005 9.99282E-005 9.99282E-005 9.99282E-005 0.00961384 0.878985 9.99282E-005
