9.99282E-005 9.99282E-005 0.00830787 9.99282E-005 0.857662 9.99282E-005 9.99282E-005 0.0199476 9.99282E-005 0.00053075 9.99282E-005 0.0133151 0.0994371 9.99282E-005
9.98833E-005 9.98833E-005 9.98833E-005 9.98833E-005 0.998702 9.98833E-005 9.98833E-005 9.98833E-005 9.98833E-005 9.98833E-005 9.98833E-005 9.98833E-005 9.98833E-005 9.98833E-005
0.00140701 9.99102E-005 9.99102E-005 9.99102E-005 0.887399 9.99102E-005 9.99102E-005 0.0748208 9.99102E-005 9.99102E-005 9.99102E-005 0.0353741 9.99102E-005 9.99102E-005
9.99103E-005 9.99103E-005 0.0802148 9.99103E-005 0.667837 9.99103E-005 0.0578781 9.99103E-005 9.99103E-005 9.99103E-005 0.193071 9.99103E-005 9.99103E-005 9.99103E-005
0.108392 9.99102E-005 9.99102E-005 9.99102E-005 0.877926 9.99102E-005 9.99102E-005 0.00223454 9.99102E-005 9.99102E-005 9.99102E-005 0.010448 9.99102E-005 9.99102E-005
9.98922E-005 9.98922E-005 9.98922E-005 9.98922E-005 0.990436 9.98922E-005 9.98922E-005 9.98922E-005 9.98922E-005 9.98922E-005 0.00836512 9.98922E-005 9.98922E-005 9.98922E-005
9.98922E-005 9.98922E-005 9.98922E-005 9.98922E-005 0.98303 9.98922E-005 9.98922E-005 9.98922E-005 9.98922E-005 9.98922E-005 9.98922E-005 0.0157716 9.98922E-005 9.98922E-005
0.0619859 0.00740842 9.99371E-005 9.99371E-005 0.692949 0.0407551 0.0521967 9.99371E-005 9.99371E-005 0.00520799 0.138797 9.99371E-005 9.99371E-005 9.99371E-005
9.99191E-005 9.99191E-005 9.99191E-005 0.0237784 0.77309 9.99191E-005 0.0148812 9.99191E-005 0.0294763 9.99191E-005 0.157875 9.99191E-005 9.99191E-005 9.99191E-005
9.99192E-005 9.99192E-005 0.013916 0.0796934 0.791882 9.99192E-005 0.0771624 9.99192E-005 0.036447 9.99192E-005 9.99192E-005 9.99192E-005 9.99192E-005 9.99192E-005
9.99012E-005 9.99012E-005 9.99012E-005 0.0485613 0.857886 9.99012E-005 9.99012E-005 9.99012E-005 0.0924534 9.99012E-005 9.99012E-005 9.99012E-005 9.99012E-005 9.99012E-005
0.179201 9.99283E-005 9.99283E-005 9.99283E-005 0.575923 9.99283E-005 0.139004 0.0136147 9.99283E-005 9.99283E-005 9.99283E-005 0.0542994 0.0371579 9.99283E-005
0.0427502 9.99462E-005 0.0245258 9.99462E-005 0.627263 0.145515 0.0433193 0.0763799 0.00285606 9.99462E-005 9.99462E-005 9.99462E-005 0.0367917 9.99462E-005
0.0125212 0.00929951 0.110543 0.059201 0.60538 9.99373E-005 9.99373E-005 0.0989807 9.99373E-005 9.99373E-005 9.99373E-005 9.99373E-005 0.103375 9.99373E-005
9.99462E-005 0.0157165 0.161053 9.99462E-005 0.34991 0.0191011 0.0528852 0.00724591 0.0624772 9.99462E-005 0.331011 9.99462E-005 9.99462E-005 9.99462E-005
0.140035 9.99462E-005 9.99462E-005 9.99462E-005 0.473481 0.0286103 0.111443 0.115643 0.00712317 9.99462E-005 0.0620732 9.99462E-005 0.0609919 9.99462E-005
0.139707 9.99372E-005 9.99372E-005 9.99372E-005 0.534905 9.99372E-005 0.0995385 0.073704 9.99372E-005 0.00852599 9.99372E-005 0.00122188 0.141699 9.99372E-005
0.116261 9.99461E-005 0.0261025 9.99461E-005 0.485505 9.99461E-005 0.103078 0.185824 0.0247573 0.0112915 0.0465812 9.99461E-005 9.99461E-005 9.99461E-005
0.0512214 9.99372E-005 0.0141352 9.99372E-005 0.0745851 9.99372E-005 0.232893 0.0517786 9.99372E-005 9.99372E-005 0.0377335 0.536954 9.99372E-005 9.99372E-005
0.0124364 9.99282E-005 0.0191342 9.99282E-005 0.0523293 9.99282E-005 0.815863 9.99282E-005 9.99282E-005 9.99282E-005 9.99282E-005 0.044666 0.0547714 9.99282E-005
9.99013E-005 9.99013E-005 0.0919908 9.99013E-005 9.99013E-005 9.99013E-005 0.814595 9.99013E-005 9.99013E-005 9.99013E-005 9.99013E-005 0.0923149 9.99013E-005 9.99013E-005
0.0627889 9.99372E-005 9.99372E-005 0.011037 0.0111532 9.99372E-005 0.642201 9.99372E-005 9.99372E-005 0.00283545 0.0474705 0.221814 9.99372E-005 9.99372E-005
9.99102E-005 9.99102E-005 9.99102E-005 0.0131018 9.99102E-005 9.99102E-005 0.88332 9.99102E-005 0.0566035 9.99102E-005 9.99102E-005 0.0459756 9.99102E-005 9.99102E-005
9.9883E-005 9.9883E-005 9.9883E-005 9.9883E-005 9.9883E-005 9.9883E-005 9.9883E-005 9.9883E-005 9.9883E-005 9.9883E-005 9.9883E-005 0.998702 9.9883E-005 9.9883E-005
9.98832E-005 9.98832E-005 9.98832E-005 9.98832E-005 9.98832E-005 9.98832E-005 9.98832E-005 9.98832E-005 9.98832E-005 9.98832E-005 9.98832E-005 0.998702 9.98832E-005 9.98832E-005
9.98832E-005 9.98832E-005 9.98832E-005 9.98832E-005 9.98832E-005 9.98832E-005 9.98832E-005 9.98832E-005 9.98832E-005 9.98832E-005 9.98832E-005 0.998702 9.98832E-005 9.98832E-005
0.146809 0.0130692 9.99282E-005 9.99282E-005 9.99282E-005 9.99282E-005 0.628143 9.99282E-005 9.99282E-005 9.99282E-005 0.143323 0.063624 9.99282E-005 0.00423211
9.99102E-005 9.99102E-005 9.99102E-005 0.0147197 0.0087888 9.99102E-005 0.214221 9.99102E-005 9.99102E-005 9.99102E-005 9.99102E-005 0.761272 9.99102E-005 9.99102E-005
9.99103E-005 9.99103E-005 9.99103E-005 9.99103E-005 9.99103E-005 9.99103E-005 0.91453 0.0315902 9.99103E-005 9.99103E-005 9.99103E-005 0.00949179 0.0433887 9.99103E-005
9.98832E-005 9.98832E-005 9.98832E-005 9.98832E-005 9.98832E-005 9.98832E-005 9.98832E-005 9.98832E-005 9.98832E-005 9.98832E-005 9.98832E-005 0.998702 9.98832E-005 9.98832E-005
9.99102E-005 9.99102E-005 9.99102E-005 9.99102E-005 0.094914 0.107847 0.621969 9.99102E-005 9.99102E-005 9.99102E-005 9.99102E-005 0.174271 9.99102E-005 9.99102E-005
9.98922E-005 9.98922E-005 9.98922E-005 9.98922E-005 9.98922E-005 9.98922E-005 9.98922E-005 9.98922E-005 0.00414563 9.98922E-005 9.98922E-005 0.994656 9.98922E-005 9.98922E-005
0.00943564 9.99102E-005 9.99102E-005 9.99102E-005 9.99102E-005 9.99102E-005 0.766185 0.13393 9.99102E-005 9.99102E-005 9.99102E-005 0.0894502 9.99102E-005 9.99102E-005
0.0320807 9.99103E-005 9.99103E-005 0.0557581 9.99103E-005 9.99103E-005 0.653715 9.99103E-005 9.99103E-005 9.99103E-005 9.99103E-005 0.257448 9.99103E-005 9.99103E-005
9.99372E-005 9.99372E-005 0.0933113 0.0255588 9.99372E-005 0.0517105 0.644548 0.0215248 9.99372E-005 9.99372E-005 0.010751 0.151896 9.99372E-005 9.99372E-005
9.99109E-005 9.99109E-005 0.0433171 9.99109E-005 0.000137011 9.99109E-005 0.838561 9.99109E-005 9.99109E-005 9.99109E-005 9.99109E-005 0.116986 9.99109E-005 9.99109E-005
0.00780879 0.00470561 9.99462E-005 9.99462E-005 0.0260043 9.99462E-005 0.715127 9.99462E-005 9.99462E-005 0.0136892 0.0821969 0.113013 0.0368555 9.99462E-005
0.86863 9.99372E-005 9.99372E-005 0.00215059 0.0601368 0.0153741 0.00660475 0.0117838 9.99372E-005 9.99372E-005 9.99372E-005 9.99372E-005 9.99372E-005 0.0346209
0.821292 9.98922E-005 0.177509 9.98922E-005 9.98922E-005 9.98922E-005 9.98922E-005 9.98922E-005 9.98922E-005 9.98922E-005 9.98922E-005 9.98922E-005 9.98922E-005 9.98922E-005
0.85399 0.0152258 0.0506454 0.0244728 0.0137561 9.99372E-005 9.99372E-005 0.0338569 9.99372E-005 9.99372E-005 9.99372E-005 0.00735356 9.99372E-005 9.99372E-005
0.99504 9.99013E-005 9.99013E-005 9.99013E-005 9.99013E-005 9.99013E-005 9.99013E-005 9.99013E-005 0.00215314 0.00170788 9.99013E-005 9.99013E-005 9.99013E-005 9.99013E-005
0.956081 9.99102E-005 9.99102E-005 9.99102E-005 9.99102E-005 9.99102E-005 9.99102E-005 0.0231489 9.99102E-005 9.99102E-005 9.99102E-005 0.0168917 0.00287911 9.99102E-005
0.904477 9.98922E-005 0.0943242 9.98922E-005 9.98922E-005 9.98922E-005 9.98922E-005 9.98922E-005 9.98922E-005 9.98922E-005 9.98922E-005 9.98922E-005 9.98922E-005 9.98922E-005
0.917126 9.98923E-005 9.98923E-005 9.98923E-005 9.98923E-005 9.98923E-005 9.98923E-005 0.0816751 9.98923E-005 9.98923E-005 9.98923E-005 9.98923E-005 9.98923E-005 9.98923E-005
0.363759 9.99371E-005 0.443009 9.99371E-005 0.00778725 9.99371E-005 9.99371E-005 0.0575868 9.99371E-005 0.000327571 0.107542 0.0192888 9.99371E-005 9.99371E-005
0.843723 9.98922E-005 0.155079 9.98922E-005 9.98922E-005 9.98922E-005 9.98922E-005 9.98922E-005 9.98922E-005 9.98922E-005 9.98922E-005 9.98922E-005 9.98922E-005 9.98922E-005
0.0629401 9.99372E-005 0.00431416 0.00662 0.0560888 9.99372E-005 9.99372E-005 9.99372E-005 9.99372E-005 9.99372E-005 0.849758 0.0179607 9.99372E-005 0.00161883
9.98801E-005 9.98801E-005 9.98801E-005 9.98801E-005 9.98801E-005 9.98801E-005 9.98801E-005 9.98801E-005 9.98801E-005 0.998702 9.98801E-005 9.98801E-005 9.98801E-005 9.98801E-005
0.0370778 9.99012E-005 9.99012E-005 9.99012E-005 9.99012E-005 9.99012E-005 9.99012E-005 9.99012E-005 0.948505 0.0133183 9.99012E-005 9.99012E-005 9.99012E-005 9.99012E-005
9.99013E-005 9.99013E-005 9.99013E-005 9.99013E-005 9.99013E-005 9.99013E-005 9.99013E-005 0.0647966 9.99013E-005 9.99013E-005 0.0429964 9.99013E-005 0.891108 9.99013E-005
9.9901E-005 9.9901E-005 9.9901E-005 9.9901E-005 9.9901E-005 9.9901E-005 9.9901E-005 9.9901E-005 0.74994 9.9901E-005 0.106082 9.9901E-005 0.142879 9.9901E-005
9.98831E-005 9.98831E-005 9.98831E-005 9.98831E-005 9.98831E-005 9.98831E-005 9.98831E-005 9.98831E-005 9.98831E-005 9.98831E-005 9.98831E-005 9.98831E-005 0.998702 9.98831E-005
9.98923E-005 9.98923E-005 0.0247403 9.98923E-005 9.98923E-005 9.98923E-005 9.98923E-005 9.98923E-005 9.98923E-005 9.98923E-005 0.974061 9.98923E-005 9.98923E-005 9.98923E-005
0.043442 9.99192E-005 0.0637703 9.99192E-005 0.0100839 9.99192E-005 9.99192E-005 9.99192E-005 9.99192E-005 9.99192E-005 0.874907 0.0068973 9.99192E-005 9.99192E-005
9.98923E-005 9.98923E-005 9.98923E-005 9.98923E-005 9.98923E-005 9.98923E-005 9.98923E-005 9.98923E-005 9.98923E-005 9.98923E-005 9.98923E-005 9.98923E-005 0.98165 0.0171512
9.98923E-005 9.98923E-005 9.98923E-005 0.0053661 9.98923E-005 9.98923E-005 9.98923E-005 9.98923E-005 9.98923E-005 9.98923E-005 9.98923E-005 9.98923E-005 0.993435 9.98923E-005
9.99191E-005 0.0260923 9.99191E-005 9.99191E-005 9.99191E-005 9.99191E-005 9.99191E-005 0.0386158 9.99191E-005 9.99191E-005 0.72061 0.0401654 0.173617 9.99191E-005
9.99102E-005 0.0312899 9.99102E-005 9.99102E-005 0.00839694 9.99102E-005 9.99102E-005 9.99102E-005 9.99102E-005 9.99102E-005 0.0285436 9.99102E-005 0.93077 9.99102E-005
9.98831E-005 9.98831E-005 9.98831E-005 9.98831E-005 9.98831E-005 9.98831E-005 9.98831E-005 9.98831E-005 9.98831E-005 9.98831E-005 0.998702 9.98831E-005 9.98831E-005 9.98831E-005
9.98832E-005 9.98832E-005 9.98832E-005 9.98832E-005 9.98832E-005 9.98832E-005 9.98832E-005 9.98832E-005 9.98832E-005 9.98832E-005 0.998702 9.98832E-005 9.98832E-005 9.98832E-005
9.99103E-005 9.99103E-005 9.99103E-005 9.99103E-005 0.00539515 0.974026 0.0105022 9.99103E-005 9.99103E-005 9.99103E-005 9.99103E-005 0.00907709 9.99103E-005 9.99103E-005
9.99102E-005 0.0180404 9.99102E-005 9.99102E-005 9.99102E-005 0.861457 0.102851 0.0166526 9.99102E-005 9.99102E-005 9.99102E-005 9.99102E-005 9.99102E-005 9.99102E-005
9.99372E-005 0.010321 0.0892005 9.99372E-005 9.99372E-005 0.851125 9.99372E-005 9.99372E-005 9.99372E-005 0.00653031 0.00512552 0.00185469 0.0351439 9.99372E-005
9.99192E-005 0.385797 9.99192E-005 0.0283657 9.99192E-005 0.467822 9.99192E-005 9.99192E-005 0.0189902 9.99192E-005 9.99192E-005 9.99192E-005 9.99192E-005 0.0981259
9.99102E-005 0.330495 9.99102E-005 9.99102E-005 9.99102E-005 0.332445 9.99102E-005 9.99102E-005 9.99102E-005 9.99102E-005 9.99102E-005 0.0275565 9.99102E-005 0.308504
9.99013E-005 0.972126 0.0153393 9.99013E-005 9.99013E-005 9.99013E-005 9.99013E-005 9.99013E-005 9.99013E-005 9.99013E-005 9.99013E-005 9.99013E-005 0.0114361 9.99013E-005
9.98831E-005 0.998702 9.98831E-005 9.98831E-005 9.98831E-005 9.98831E-005 9.98831E-005 9.98831E-005 9.98831E-005 9.98831E-005 9.98831E-005 9.98831E-005 9.98831E-005 9.98831E-005
9.99372E-005 0.389615 0.0210158 0.0249552 9.99372E-005 0.434879 0.00225967 9.99372E-005 9.99372E-005 9.99372E-005 9.99372E-005 9.99372E-005 0.0184092 0.108167
9.99192E-005 0.389982 9.99192E-005 0.0900056 9.99192E-005 0.318401 9.99192E-005 9.99192E-005 9.99192E-005 9.99192E-005 0.0768828 9.99192E-005 9.99192E-005 0.12383
0.00787128 0.940419 9.99192E-005 9.99192E-005 9.99192E-005 0.00155018 0.00932513 0.0399355 9.99192E-005 9.99192E-005 9.99192E-005 9.99192E-005 9.99192E-005 9.99192E-005
9.98832E-005 0.998702 9.98832E-005 9.98832E-005 9.98832E-005 9.98832E-005 9.98832E-005 9.98832E-005 9.98832E-005 9.98832E-005 9.98832E-005 9.98832E-005 9.98832E-005 9.98832E-005
9.99102E-005 0.354685 9.99102E-005 9.99102E-005 9.99102E-005 0.47681 0.0628982 9.99102E-005 9.99102E-005 9.99102E-005 9.99102E-005 9.99102E-005 9.99102E-005 0.104608
9.99013E-005 0.977989 0.0105911 9.99013E-005 9.99013E-005 9.99013E-005 9.99013E-005 9.99013E-005 9.99013E-005 9.99013E-005 0.0103215 9.99013E-005 9.99013E-005 9.99013E-005
9.99011E-005 0.971386 9.99011E-005 9.99011E-005 9.99011E-005 9.99011E-005 9.99011E-005 9.99011E-005 9.99011E-005 0.0169836 0.0105316 9.99011E-005 9.99011E-005 9.99011E-005
9.98923E-005 0.994148 0.00465352 9.98923E-005 9.98923E-005 9.98923E-005 9.98923E-005 9.98923E-005 9.98923E-005 9.98923E-005 9.98923E-005 9.98923E-005 9.98923E-005 9.98923E-005
9.99013E-005 0.950271 9.99013E-005 9.99013E-005 9.99013E-005 0.0254752 9.99013E-005 9.99013E-005 9.99013E-005 9.99013E-005 9.99013E-005 9.99013E-005 9.99013E-005 0.0231551
9.98922E-005 0.960593 9.98922E-005 9.98922E-005 9.98922E-005 9.98922E-005 9.98922E-005 9.98922E-005 9.98922E-005 9.98922E-005 9.98922E-005 0.0382081 9.98922E-005 9.98922E-005
0.0809243 9.99014E-005 9.99014E-005 9.99014E-005 9.99014E-005 9.99014E-005 0.900154 0.0178231 9.99014E-005 9.99014E-005 9.99014E-005 9.99014E-005 9.99014E-005 9.99014E-005
0.9832 9.99012E-005 9.99012E-005 9.99012E-005 9.99012E-005 9.99012E-005 9.99012E-005 9.99012E-005 0.000983829 9.99012E-005 9.99012E-005 0.0147177 9.99012E-005 9.99012E-005
0.811309 9.99012E-005 0.158549 9.99012E-005 9.99012E-005 9.99012E-005 9.99012E-005 9.99012E-005 9.99012E-005 9.99012E-005 9.99012E-005 0.029044 9.99012E-005 9.99012E-005
9.99012E-005 0.01646 9.99012E-005 9.99012E-005 9.99012E-005 9.99012E-005 9.99012E-005 9.99012E-005 9.99012E-005 9.99012E-005 9.99012E-005 9.99012E-005 0.03662 0.945821
9.99103E-005 0.0392558 9.99103E-005 9.99103E-005 9.99103E-005 9.99103E-005 9.99103E-005 9.99103E-005 0.0210704 9.99103E-005 0.00465242 9.99103E-005 9.99103E-005 0.934022
9.98924E-005 0.0113039 9.98924E-005 9.98924E-005 9.98924E-005 9.98924E-005 9.98924E-005 9.98924E-005 9.98924E-005 9.98924E-005 9.98924E-005 9.98924E-005 9.98924E-005 0.987497
9.99013E-005 9.99013E-005 9.99013E-005 0.946112 9.99013E-005 9.99013E-005 9.99013E-005 9.99013E-005 9.99013E-005 9.99013E-005 0.00548086 9.99013E-005 9.99013E-005 0.0473078
9.99104E-005 9.99104E-005 9.99104E-005 0.11761 9.99104E-005 0.0040669 9.99104E-005 9.99104E-005 9.99104E-005 9.99104E-005 0.0524663 9.99104E-005 9.99104E-005 0.824858
9.99192E-005 9.99192E-005 9.99192E-005 0.112045 9.99192E-005 9.99192E-005 9.99192E-005 9.99192E-005 0.00122533 9.99192E-005 9.99192E-005 0.0165919 0.0318108 0.837428
9.99193E-005 9.99193E-005 9.99193E-005 0.0904057 9.99193E-005 9.99193E-005 0.0204272 9.99193E-005 0.00796754 9.99193E-005 9.99193E-005 0.0438013 9.99193E-005 0.836499
0.00730086 0.00163215 9.99193E-005 0.293921 9.99193E-005 9.99193E-005 9.99193E-005 9.99193E-005 9.99193E-005 9.99193E-005 9.99193E-005 9.99193E-005 0.0845575 0.611689
9.99013E-005 9.99013E-005 9.99013E-005 9.99013E-005 9.99013E-005 9.99013E-005 0.0486471 9.99013E-005 9.99013E-005 9.99013E-005 0.0524675 9.99013E-005 9.99013E-005 0.897787
9.99191E-005 9.99191E-005 9.99191E-005 0.896342 9.99191E-005 9.99191E-005 9.99191E-005 9.99191E-005 9.99191E-005 0.00923183 0.0290939 9.99191E-005 0.00584795 0.0585846
9.98924E-005 0.00619248 9.98924E-005 0.992609 9.98924E-005 9.98924E-005 9.98924E-005 9.98924E-005 9.98924E-005 9.98924E-005 9.98924E-005 9.98924E-005 9.98924E-005 9.98924E-005
9.99193E-005 0.00109804 9.99193E-005 0.0669711 9.99193E-005 9.99193E-005 9.99193E-005 9.99193E-005 0.0237928 9.99193E-005 9.99193E-005 9.99193E-005 0.0828071 0.824432
9.98923E-005 9.98923E-005 9.98923E-005 9.98923E-005 9.98923E-005 9.98923E-005 9.98923E-005 9.98923E-005 9.98923E-005 9.98923E-005 0.0739603 9.98923E-005 9.98923E-005 0.924841
9.99102E-005 0.0242165 9.99102E-005 0.238968 9.99102E-005 9.99102E-005 9.99102E-005 9.99102E-005 9.99102E-005 9.99102E-005 9.99102E-005 9.99102E-005 0.0234953 0.712322
9.99102E-005 9.99102E-005 9.99102E-005 0.386647 9.99102E-005 0.0512695 9.99102E-005 9.99102E-005 0.0116976 9.99102E-005 9.99102E-005 9.99102E-005 9.99102E-005 0.549387
9.99282E-005 9.99282E-005 9.99282E-005 0.275678 9.99282E-005 9.99282E-005 9.99282E-005 0.0547304 0.0431133 9.99282E-005 9.99282E-005 0.0173114 0.00700817 0.60136
9.99013E-005 0.0529275 9.99013E-005 9.99013E-005 9.99013E-005 9.99013E-005 9.99013E-005 9.99013E-005 0.00415076 9.99013E-005 9.99013E-005 9.99013E-005 9.99013E-005 0.941823
0.00576728 9.99193E-005 0.0158826 0.0070919 9.99193E-005 9.99193E-005 9.99193E-005 0.0141196 9.99193E-005 9.99193E-005 9.99193E-005 9.99193E-005 9.99193E-005 0.956239
9.99103E-005 9.99103E-005 9.99103E-005 0.107025 9.99103E-005 0.0188056 9.99103E-005 9.99103E-005 9.99103E-005 9.99103E-005 9.99103E-005 9.99103E-005 0.0222749 0.850896
9.99192E-005 9.99192E-005 9.99192E-005 0.179027 9.99192E-005 9.99192E-005 0.0849634 9.99192E-005 0.00495328 0.00963893 9.99192E-005 9.99192E-005 9.99192E-005 0.720518
9.99103E-005 9.99103E-005 9.99103E-005 0.0780522 9.99103E-005 9.99103E-005 0.0248112 9.99103E-005 0.00436109 9.99103E-005 9.99103E-005 9.99103E-005 9.99103E-005 0.891776
9.99282E-005 0.0354441 9.99282E-005 0.478877 9.99282E-005 0.0430784 9.99282E-005 0.0190456 0.0177678 9.99282E-005 9.99282E-005 9.99282E-005 9.99282E-005 0.404988
9.99102E-005 9.99102E-005 9.99102E-005 0.0504762 0.0132785 9.99102E-005 9.99102E-005 9.99102E-005 0.0241384 9.99102E-005 9.99102E-005 9.99102E-005 9.99102E-005 0.911108
9.99102E-005 9.99102E-005 9.99102E-005 0.0228753 9.99102E-005 9.99102E-005 9.99102E-005 9.99102E-005 9.99102E-005 9.99102E-005 9.99102E-005 0.0192906 0.108608 0.848227
9.99102E-005 9.99102E-005 9.99102E-005 0.110918 9.99102E-005 0.0118417 9.99102E-005 0.0110245 9.99102E-005 9.99102E-005 9.99102E-005 9.99102E-005 9.99102E-005 0.865217
9.99371E-005 9.99371E-005 9.99371E-005 0.243912 0.011083 9.99371E-005 9.99371E-005 9.99371E-005 0.0368188 0.00379345 9.99371E-005 0.0167396 0.0291755 0.657778
9.99101E-005 0.298172 9.99101E-005 0.000586045 9.99101E-005 0.585505 9.99101E-005 9.99101E-005 9.99101E-005 9.99101E-005 9.99101E-005 9.99101E-005 9.99101E-005 0.114737
9.99281E-005 0.192194 9.99281E-005 9.99281E-005 9.99281E-005 0.403789 0.265887 9.99281E-005 0.0310843 9.99281E-005 9.99281E-005 9.99281E-005 0.00178023 0.104466
9.99283E-005 0.244023 9.99283E-005 9.99283E-005 9.99283E-005 0.399843 0.00697722 9.99283E-005 9.99283E-005 9.99283E-005 9.99283E-005 0.00989376 0.0226664 0.315798
0.119718 0.0339205 9.99282E-005 9.99282E-005 0.0300065 9.99282E-005 0.119995 0.693908 9.99282E-005 0.0016522 9.99282E-005 9.99282E-005 9.99282E-005 9.99282E-005
9.98829E-005 9.98829E-005 9.98829E-005 9.98829E-005 9.98829E-005 9.98829E-005 9.98829E-005 0.998702 9.98829E-005 9.98829E-005 9.98829E-005 9.98829E-005 9.98829E-005 9.98829E-005
0.0236767 9.99013E-005 9.99013E-005 9.99013E-005 9.99013E-005 9.99013E-005 9.99013E-005 0.957418 9.99013E-005 9.99013E-005 9.99013E-005 9.99013E-005 0.0178064 9.99013E-005
9.99011E-005 9.99011E-005 9.99011E-005 9.99011E-005 9.99011E-005 9.99011E-005 0.00715636 0.978557 9.99011E-005 9.99011E-005 9.99011E-005 0.0131881 9.99011E-005 9.99011E-005
0.00544409 9.99013E-005 0.050793 9.99013E-005 9.99013E-005 9.99013E-005 9.99013E-005 0.942664 9.99013E-005 9.99013E-005 9.99013E-005 9.99013E-005 9.99013E-005 9.99013E-005
9.98833E-005 9.98833E-005 9.98833E-005 9.98833E-005 9.98833E-005 9.98833E-005 9.98833E-005 0.998702 9.98833E-005 9.98833E-005 9.98833E-005 9.98833E-005 9.98833E-005 9.98833E-005
0.210568 0.0160925 9.99551E-005 9.99551E-005 0.117693 9.99551E-005 0.0640743 0.500342 0.00582789 0.0135718 0.0211515 0.0501793 9.99551E-005 9.99551E-005
9.98921E-005 9.98921E-005 0.99802 9.98921E-005 9.98921E-005 9.98921E-005 9.98921E-005 9.98921E-005 9.98921E-005 0.000780844 9.98921E-005 9.98921E-005 9.98921E-005 9.98921E-005
9.9883E-005 9.9883E-005 0.998702 9.9883E-005 9.9883E-005 9.9883E-005 9.9883E-005 9.9883E-005 9.9883E-005 9.9883E-005 9.9883E-005 9.9883E-005 9.9883E-005 9.9883E-005
9.99281E-005 0.022704 0.852011 9.99281E-005 0.0149986 9.99281E-005 9.99281E-005 0.0397167 9.99281E-005 0.00681927 9.99281E-005 0.062951 9.99281E-005 9.99281E-005
9.99282E-005 9.99282E-005 0.0928151 0.0759128 9.99282E-005 9.99282E-005 0.332861 0.118373 9.99282E-005 9.99282E-005 9.99282E-005 0.00384411 9.99282E-005 0.375394
9.99461E-005 9.99461E-005 0.0469288 0.00616995 0.386443 9.99461E-005 0.124251 0.0473323 0.0508939 9.99461E-005 0.303699 0.0336813 9.99461E-005 9.99461E-005
9.991E-005 9.991E-005 9.991E-005 9.991E-005 0.0887759 9.991E-005 9.991E-005 0.00696933 0.887705 9.991E-005 9.991E-005 0.0155503 9.991E-005 9.991E-005
9.99102E-005 9.99102E-005 9.99102E-005 0.0773223 9.99102E-005 0.823529 9.99102E-005 9.99102E-005 9.99102E-005 0.00210538 0.096044 9.99102E-005 9.99102E-005 9.99102E-005
9.99102E-005 0.0178802 9.99102E-005 9.99102E-005 0.0523791 0.867498 9.99102E-005 9.99102E-005 9.99102E-005 9.99102E-005 0.0612439 9.99102E-005 9.99102E-005 9.99102E-005
9.98919E-005 9.98919E-005 9.98919E-005 9.98919E-005 9.98919E-005 9.98919E-005 9.98919E-005 9.98919E-005 0.919374 9.98919E-005 9.98919E-005 9.98919E-005 9.98919E-005 0.0794273
9.99103E-005 9.99103E-005 0.00669478 0.179784 9.99103E-005 9.99103E-005 9.99103E-005 9.99103E-005 9.99103E-005 9.99103E-005 0.0796667 9.99103E-005 9.99103E-005 0.732856
9.99013E-005 9.99013E-005 9.99013E-005 0.959613 9.99013E-005 9.99013E-005 9.99013E-005 9.99013E-005 9.99013E-005 9.99013E-005 9.99013E-005 9.99013E-005 0.000333212 0.0389548
0.012085 9.99372E-005 9.99372E-005 0.314045 9.99372E-005 9.99372E-005 0.000523831 9.99372E-005 0.0332937 0.00752052 0.0716357 9.99372E-005 9.99372E-005 0.560197
9.98831E-005 9.98831E-005 9.98831E-005 0.998702 9.98831E-005 9.98831E-005 9.98831E-005 9.98831E-005 9.98831E-005 9.98831E-005 9.98831E-005 9.98831E-005 9.98831E-005 9.98831E-005
9.99101E-005 9.99101E-005 9.99101E-005 0.446365 9.99101E-005 9.99101E-005 9.99101E-005 9.99101E-005 9.99101E-005 0.00109641 0.0752645 9.99101E-005 9.99101E-005 0.476275
9.99372E-005 0.0143817 9.99372E-005 0.103761 9.99372E-005 9.99372E-005 9.99372E-005 9.99372E-005 0.00589085 0.00784666 0.0376002 9.99372E-005 0.00507871 0.824741
0.00292036 9.99192E-005 9.99192E-005 9.99192E-005 9.99192E-005 9.99192E-005 9.99192E-005 0.0407198 9.99192E-005 0.0027339 0.0168064 9.99192E-005 9.99192E-005 0.93592
9.98831E-005 9.98831E-005 9.98831E-005 0.998702 9.98831E-005 9.98831E-005 9.98831E-005 9.98831E-005 9.98831E-005 9.98831E-005 9.98831E-005 9.98831E-005 9.98831E-005 9.98831E-005
0.0335254 9.99282E-005 0.00694773 0.0628028 9.99282E-005 9.99282E-005 9.99282E-005 9.99282E-005 0.00683194 9.99282E-005 9.99282E-005 9.99282E-005 0.0324785 0.856614
9.99193E-005 0.0454858 0.00488277 0.0709797 9.99193E-005 9.99193E-005 9.99193E-005 9.99193E-005 9.99193E-005 9.99193E-005 0.000976207 9.99193E-005 9.99193E-005 0.876776
0.0162821 9.99193E-005 9.99193E-005 0.0185157 9.99193E-005 0.00717344 9.99193E-005 0.0061293 9.99193E-005 9.99193E-005 9.99193E-005 9.99193E-005 9.99193E-005 0.951
9.99102E-005 9.99102E-005 0.0246402 0.01281 9.99102E-005 9.99102E-005 0.0284964 9.99102E-005 9.99102E-005 9.99102E-005 9.99102E-005 9.99102E-005 9.99102E-005 0.933054
0.0327745 9.99102E-005 9.99102E-005 0.17116 9.99102E-005 9.99102E-005 0.049595 9.99102E-005 9.99102E-005 9.99102E-005 9.99102E-005 9.99102E-005 9.99102E-005 0.745472
0.0259972 9.99013E-005 9.99013E-005 9.99013E-005 9.99013E-005 9.99013E-005 9.99013E-005 9.99013E-005 9.99013E-005 9.99013E-005 9.99013E-005 0.0198997 9.99013E-005 0.953004
9.99103E-005 9.99103E-005 9.99103E-005 0.298013 9.99103E-005 9.99103E-005 9.99103E-005 9.99103E-005 0.0334042 9.99103E-005 0.0793618 9.99103E-005 9.99103E-005 0.588222
9.99462E-005 0.0684148 0.072985 0.00159174 0.0210142 9.99462E-005 0.627586 0.142379 9.99462E-005 9.99462E-005 9.99462E-005 0.061111 0.00431854 9.99462E-005
0.131164 0.0145184 9.99192E-005 9.99192E-005 0.0908306 9.99192E-005 0.745705 9.99192E-005 9.99192E-005 9.99192E-005 9.99192E-005 0.016883 9.99192E-005 9.99192E-005
0.086923 0.0192099 0.0280723 9.99551E-005 0.166243 0.00996788 0.584871 9.99551E-005 9.99551E-005 9.99551E-005 0.00702805 0.0846343 9.99551E-005 0.012551
0.121748 9.99012E-005 0.870938 9.99012E-005 9.99012E-005 9.99012E-005 9.99012E-005 9.99012E-005 9.99012E-005 9.99012E-005 0.00621476 9.99012E-005 9.99012E-005 9.99012E-005
0.203643 9.99102E-005 0.780934 0.00173385 9.99102E-005 9.99102E-005 9.99102E-005 9.99102E-005 9.99102E-005 9.99102E-005 9.99102E-005 0.0126892 9.99102E-005 9.99102E-005
9.99103E-005 9.99103E-005 0.943345 9.99103E-005 9.99103E-005 9.99103E-005 0.00596157 0.0136639 9.99103E-005 9.99103E-005 9.99103E-005 9.99103E-005 0.0360308 9.99103E-005
0.47934 9.99281E-005 0.415041 9.99281E-005 9.99281E-005 9.99281E-005 9.99281E-005 0.0183568 9.99281E-005 9.99281E-005 0.0485952 0.0371558 0.000712341 9.99281E-005
9.98923E-005 9.98923E-005 9.98923E-005 9.98923E-005 9.98923E-005 0.955053 9.98923E-005 9.98923E-005 9.98923E-005 9.98923E-005 9.98923E-005 9.98923E-005 0.0437487 9.98923E-005
0.0105342 9.99192E-005 9.99192E-005 9.99192E-005 9.99192E-005 0.955082 9.99192E-005 0.0305638 9.99192E-005 0.000681493 9.99192E-005 0.00223892 9.99192E-005 9.99192E-005
9.99013E-005 9.99013E-005 0.035818 9.99013E-005 9.99013E-005 0.928549 9.99013E-005 0.0345338 9.99013E-005 9.99013E-005 9.99013E-005 9.99013E-005 9.99013E-005 9.99013E-005
9.99282E-005 9.99282E-005 0.0902071 9.99282E-005 9.99282E-005 9.99282E-005 0.800399 0.0452627 9.99282E-005 0.00293545 9.99282E-005 0.0311852 0.0292109 9.99282E-005
9.99193E-005 9.99193E-005 0.0595221 9.99193E-005 9.99193E-005 9.99193E-005 0.864734 9.99193E-005 0.00896022 0.00278619 0.063098 9.99193E-005 9.99193E-005 9.99193E-005
0.132581 0.00892647 9.99461E-005 9.99461E-005 0.0460606 0.0344343 0.660885 9.99461E-005 9.99461E-005 9.99461E-005 9.99461E-005 0.00139264 0.0697452 0.0453746
9.99192E-005 9.99192E-005 9.99192E-005 0.0126265 9.99192E-005 0.0778191 0.888629 9.99192E-005 0.0184749 0.00155103 9.99192E-005 9.99192E-005 9.99192E-005 9.99192E-005
