9.9991E-005 0.897553 0.102347
9.999E-005 0.916263 0.0836366
9.999E-005 0.915217 0.0846827
0.0130889 0.855547 0.131364
9.9991E-005 0.949197 0.0507033
9.999E-005 0.932432 0.0674678
9.999E-005 0.91941 0.0804903
9.999E-005 0.847845 0.152055
0.0843457 0.799273 0.116381
0.116633 0.811587 0.0717801
0.145303 0.82172 0.0329769
9.9991E-005 0.903667 0.0962326
0.0338481 0.846947 0.119205
0.0428683 0.839325 0.117807
0.0955189 0.724657 0.179824
9.9991E-005 0.85108 0.14882
9.9991E-005 0.92215 0.0777495
9.9991E-005 0.905871 0.0940293
0.0431587 0.852807 0.104034
0.0519265 0.84674 0.101333
0.0655974 0.877093 0.0573099
0.0965501 0.810702 0.0927479
0.148402 0.764663 0.086935
9.9991E-005 0.845172 0.154728
9.9991E-005 0.893406 0.106494
0.0331067 0.763986 0.202907
0.0996571 0.780109 0.120234
0.0349983 0.803944 0.161058
0.0236421 0.834768 0.14159
0.00350924 0.872927 0.123564
0.0507673 0.804028 0.145204
0.03301 0.81368 0.15331
0.029911 0.867278 0.102811
0.0786494 0.793202 0.128149
0.0991625 0.773493 0.127345
9.9991E-005 0.841798 0.158102
0.106407 0.776863 0.116729
0.0586756 0.919473 0.0218516
9.999E-005 0.9998 9.999E-005
0.0237047 0.951434 0.0248614
9.999E-005 0.9998 9.999E-005
9.9991E-005 0.974933 0.0249668
9.999E-005 0.9998 9.999E-005
9.999E-005 0.9998 9.999E-005
0.00838179 0.991518 9.9991E-005
9.999E-005 0.9998 9.999E-005
0.331943 0.517644 0.150412
0.225038 0.774862 9.99914E-005
0.538584 0.461316 9.99911E-005
0.29655 0.469597 0.233853
0.591264 0.339446 0.06929
0.295585 0.462166 0.242249
0.329451 0.448501 0.222048
0.277874 0.538447 0.18368
0.353568 0.439744 0.206688
0.311049 0.51094 0.17801
0.295701 0.449356 0.254943
0.277638 0.460634 0.261728
0.379557 0.378488 0.241954
0.331875 0.434639 0.233486
0.245909 0.342528 0.411563
0.185599 0.378906 0.435495
0.236296 0.378591 0.385112
0.27248 0.0509912 0.676529
0.371905 0.0454826 0.582612
9.999E-005 9.999E-005 0.9998
9.999E-005 9.999E-005 0.9998
0.236459 0.105507 0.658034
0.340938 0.0148988 0.644163
9.999E-005 9.999E-005 0.9998
9.999E-005 9.999E-005 0.9998
0.213526 0.120343 0.666131
9.999E-005 9.999E-005 0.9998
9.999E-005 9.999E-005 0.9998
9.999E-005 9.999E-005 0.9998
9.999E-005 9.999E-005 0.9998
9.999E-005 9.999E-005 0.9998
0.052729 0.846135 0.101136
9.999E-005 0.9998 9.999E-005
9.999E-005 0.9998 9.999E-005
0.975384 9.9991E-005 0.0245156
0.950495 9.9991E-005 0.0494054
0.981495 9.9991E-005 0.0184049
0.9998 9.999E-005 9.999E-005
0.968044 9.9991E-005 0.0318563
0.99532 9.9991E-005 0.00458039
0.952708 0.00427199 0.04302
0.977164 0.00624003 0.016596
0.967439 0.032461 9.9991E-005
0.989812 0.0100878 9.9991E-005
0.9998 9.999E-005 9.999E-005
0.963437 9.9991E-005 0.0364632
0.9998 9.999E-005 9.999E-005
0.985564 9.9991E-005 0.0143355
0.9998 9.999E-005 9.999E-005
0.955282 0.0446183 9.9991E-005
0.949402 9.9991E-005 0.0504984
0.989796 0.0101036 9.9991E-005
0.994652 9.9991E-005 0.00524776
0.932187 0.0098682 0.0579451
0.9998 9.999E-005 9.999E-005
0.924205 0.0289617 0.0468337
0.997103 9.9991E-005 0.00279661
0.95667 0.00899257 0.034337
0.9998 9.999E-005 9.999E-005
0.995194 0.00470589 9.9991E-005
0.273232 0.0593522 0.667416
0.255155 0.297655 0.44719
0.403175 0.118297 0.478528
9.9991E-005 0.896701 0.103199
0.0335847 0.966315 9.9991E-005
0.00374668 0.950016 0.0462374
9.9991E-005 0.94795 0.0519501
9.9991E-005 0.956914 0.0429856
9.9991E-005 0.996434 0.00346612
9.9991E-005 0.892107 0.107793
9.999E-005 0.9998 9.999E-005
9.999E-005 0.9998 9.999E-005
0.0179643 0.980174 0.00186159
0.528251 0.471649 9.9991E-005
0.152393 0.758362 0.0892441
0.423829 0.472562 0.103609
0.342215 0.29438 0.363405
0.190777 0.335986 0.473238
0.995176 9.99911E-005 0.00472429
0.971082 9.99961E-005 0.0288177
0.9998 9.999E-005 9.999E-005
0.968298 0.018848 0.0128543
0.9998 9.999E-005 9.999E-005
0.998018 0.00188207 9.9991E-005
0.968286 9.9991E-005 0.0316137
0.973286 9.9991E-005 0.0266144
0.9998 9.999E-005 9.999E-005
0.971508 0.0183098 0.0101826
0.960539 9.9991E-005 0.0393605
0.9998 9.999E-005 9.999E-005
0.985147 9.9991E-005 0.0147535
0.96492 0.0349802 9.9991E-005
0.989576 0.00373827 0.00668592
0.9998 9.999E-005 9.999E-005
0.0503639 0.802787 0.146849
0.0636037 0.83313 0.103266
0.0275762 0.832693 0.139731
0.0121864 0.987714 9.9991E-005
9.999E-005 0.9998 9.999E-005
0.00653904 0.993361 9.9991E-005
9.999E-005 0.9998 9.999E-005
0.236781 0.348746 0.414473
0.237259 0.367161 0.39558
0.212364 0.385996 0.40164
0.0723379 0.817574 0.110088
0.0809481 0.825147 0.0939048
0.120572 0.746986 0.132442
0.127174 0.7447 0.128126
