9.99462E-005 0.0196915 0.00255013 0.023941 9.99462E-005 0.93394 9.99462E-005 9.99462E-005 9.99462E-005 0.0116848 9.99462E-005 0.0075933
9.99102E-005 9.99102E-005 9.99102E-005 0.0149804 9.99102E-005 0.984021 9.99102E-005 9.99102E-005 9.99102E-005 9.99102E-005 9.99102E-005 9.99102E-005
9.99192E-005 9.99192E-005 9.99192E-005 0.0298666 9.99192E-005 0.867567 9.99192E-005 9.99192E-005 9.99192E-005 9.99192E-005 9.99192E-005 0.101667
9.99283E-005 0.0858669 0.145467 9.99283E-005 9.99283E-005 0.685602 9.99283E-005 9.99283E-005 0.0822643 9.99283E-005 9.99283E-005 9.99283E-005
9.99282E-005 0.0923255 9.99282E-005 0.0254152 9.99282E-005 0.836064 9.99282E-005 9.99282E-005 9.99282E-005 9.99282E-005 9.99282E-005 0.0453963
9.99011E-005 9.99011E-005 9.99011E-005 9.99011E-005 9.99011E-005 0.998901 9.99011E-005 9.99011E-005 9.99011E-005 9.99011E-005 9.99011E-005 9.99011E-005
9.99101E-005 9.99101E-005 9.99101E-005 0.0101187 9.99101E-005 0.988882 9.99101E-005 9.99101E-005 9.99101E-005 9.99101E-005 9.99101E-005 9.99101E-005
9.99371E-005 0.0736935 9.99371E-005 9.99371E-005 9.99371E-005 0.705523 9.99371E-005 0.145573 0.0558583 9.99371E-005 0.0186531 9.99371E-005
0.0319048 9.99461E-005 0.0602406 9.99461E-005 0.0077335 0.814488 0.0336368 9.99461E-005 0.0513969 9.99461E-005 9.99461E-005 9.99461E-005
0.0826043 9.99281E-005 9.99281E-005 9.99281E-005 9.99281E-005 0.80934 0.0356998 9.99281E-005 0.0715569 9.99281E-005 9.99281E-005 9.99281E-005
9.99192E-005 9.99192E-005 9.99192E-005 9.99192E-005 0.0413575 0.863967 0.0937762 9.99192E-005 9.99192E-005 9.99192E-005 9.99192E-005 9.99192E-005
9.99462E-005 0.139263 9.99462E-005 0.0625872 9.99462E-005 0.596242 9.99462E-005 9.99462E-005 0.156475 0.00431904 9.99462E-005 0.0405135
9.99641E-005 0.0438089 9.99641E-005 0.00517603 0.0276458 0.69801 0.00205494 0.0988351 0.0445584 9.99641E-005 9.99641E-005 0.0795113
9.99462E-005 0.129264 0.0321587 9.99462E-005 0.0521474 0.674265 9.99462E-005 9.99462E-005 9.99462E-005 0.0302977 9.99462E-005 0.0812678
9.99641E-005 0.0895166 0.124116 9.99641E-005 9.99641E-005 0.426638 0.0728534 0.179239 0.0493577 9.99641E-005 0.00106246 0.0568175
9.997E-005 0.0520703 0.0800683 0.00385648 9.997E-005 0.483443 0.00783341 0.0441083 0.131087 0.00224391 9.997E-005 0.19499
9.994E-005 0.129613 0.0867448 9.994E-005 9.994E-005 0.565149 9.994E-005 9.994E-005 0.113013 9.994E-005 0.0214476 0.0834338
9.9964E-005 0.0745395 9.9964E-005 0.00402113 9.9964E-005 0.493764 0.0373144 0.0132232 0.061048 9.9964E-005 0.024811 0.290879
9.99462E-005 0.0268412 0.0553348 0.539337 9.99462E-005 0.0727605 9.99462E-005 9.99462E-005 0.231218 9.99462E-005 9.99462E-005 0.0739096
9.99282E-005 0.0126351 9.99282E-005 0.0389459 9.99282E-005 0.0472666 9.99282E-005 9.99282E-005 0.900353 9.99282E-005 9.99282E-005 9.99282E-005
9.99282E-005 0.0138651 9.99282E-005 0.102041 9.99282E-005 9.99282E-005 9.99282E-005 9.99282E-005 0.880325 9.99282E-005 0.0029698 9.99282E-005
9.99461E-005 0.015934 9.99461E-005 0.227973 0.0595228 0.0453854 9.99461E-005 9.99461E-005 0.646947 9.99461E-005 0.00363836 9.99461E-005
9.99201E-005 9.99201E-005 9.99201E-005 0.0277075 0.0432328 9.99201E-005 0.0505125 9.99201E-005 0.877748 9.99201E-005 9.99201E-005 9.99201E-005
9.99009E-005 9.99009E-005 9.99009E-005 0.998901 9.99009E-005 9.99009E-005 9.99009E-005 9.99009E-005 9.99009E-005 9.99009E-005 9.99009E-005 9.99009E-005
9.99012E-005 9.99012E-005 9.99012E-005 0.998901 9.99012E-005 9.99012E-005 9.99012E-005 9.99012E-005 9.99012E-005 9.99012E-005 9.99012E-005 9.99012E-005
9.99011E-005 9.99011E-005 9.99011E-005 0.998901 9.99011E-005 9.99011E-005 9.99011E-005 9.99011E-005 9.99011E-005 9.99011E-005 9.99011E-005 9.99011E-005
0.0291396 0.0393805 0.102088 0.0443618 9.994E-005 9.994E-005 9.994E-005 9.994E-005 0.772795 0.0116349 9.994E-005 9.994E-005
9.99371E-005 9.99371E-005 9.99371E-005 0.7514 9.99371E-005 0.000411428 9.99371E-005 0.000146193 0.246299 0.00104383 9.99371E-005 9.99371E-005
9.993E-005 9.993E-005 0.0504422 0.0260738 9.993E-005 9.993E-005 0.0123266 9.993E-005 0.865414 9.993E-005 9.993E-005 0.0450441
9.99011E-005 9.99011E-005 9.99011E-005 0.998901 9.99011E-005 9.99011E-005 9.99011E-005 9.99011E-005 9.99011E-005 9.99011E-005 9.99011E-005 9.99011E-005
9.99282E-005 9.99282E-005 9.99282E-005 0.157652 9.99282E-005 0.061809 9.99282E-005 0.0822174 0.697522 9.99282E-005 9.99282E-005 9.99282E-005
9.99012E-005 9.99012E-005 9.99012E-005 0.998901 9.99012E-005 9.99012E-005 9.99012E-005 9.99012E-005 9.99012E-005 9.99012E-005 9.99012E-005 9.99012E-005
9.99192E-005 9.99192E-005 9.99192E-005 0.0872561 9.99192E-005 9.99192E-005 9.99192E-005 9.99192E-005 0.78601 9.99192E-005 9.99192E-005 0.125834
9.99192E-005 9.99192E-005 9.99192E-005 0.243577 0.0262194 9.99192E-005 9.99192E-005 9.99192E-005 0.729304 9.99192E-005 9.99192E-005 9.99192E-005
0.0323626 0.0214616 9.99641E-005 0.155361 0.0102495 9.99641E-005 9.99641E-005 0.0217535 0.726205 0.00099114 9.99641E-005 0.0312152
9.99282E-005 9.99282E-005 0.00405175 0.112489 9.99282E-005 0.0219096 9.99282E-005 9.99282E-005 0.860751 9.99282E-005 9.99282E-005 9.99282E-005
9.99462E-005 9.99462E-005 0.0811359 0.107427 9.99462E-005 0.0291412 9.99462E-005 9.99462E-005 0.760577 0.0117952 0.00932467 9.99462E-005
9.99462E-005 0.739304 9.99462E-005 9.99462E-005 0.038261 0.0946015 9.99462E-005 0.0282069 0.0270821 9.99462E-005 9.99462E-005 0.071945
9.99012E-005 0.998901 9.99012E-005 9.99012E-005 9.99012E-005 9.99012E-005 9.99012E-005 9.99012E-005 9.99012E-005 9.99012E-005 9.99012E-005 9.99012E-005
0.0362516 0.76274 9.99462E-005 0.0344419 9.99462E-005 0.0136761 9.99462E-005 9.99462E-005 9.99462E-005 0.0311489 9.99462E-005 0.121142
9.99282E-005 0.817068 9.99282E-005 9.99282E-005 9.99282E-005 9.99282E-005 0.0144884 9.99282E-005 9.99282E-005 9.99282E-005 0.0107834 0.156861
9.99371E-005 0.74615 9.99371E-005 0.0239988 9.99371E-005 9.99371E-005 9.99371E-005 9.99371E-005 9.99371E-005 0.0168514 0.0194326 0.192868
9.99192E-005 0.953407 0.0227025 9.99192E-005 9.99192E-005 9.99192E-005 9.99192E-005 9.99192E-005 9.99192E-005 9.99192E-005 9.99192E-005 0.0229911
9.99193E-005 0.773422 9.99193E-005 9.99193E-005 9.99193E-005 9.99193E-005 9.99193E-005 9.99193E-005 9.99193E-005 0.00641625 9.99193E-005 0.219262
9.99641E-005 0.794616 0.0503738 0.0139943 9.99641E-005 0.0289823 9.99641E-005 0.0203445 0.00806547 9.99641E-005 0.00486114 0.0783627
9.99192E-005 0.936349 9.99192E-005 0.00928613 9.99192E-005 9.99192E-005 9.99192E-005 9.99192E-005 9.99192E-005 9.99192E-005 9.99192E-005 0.0534657
0.0849238 0.0612578 0.495121 0.0409121 9.995E-005 0.0982209 9.995E-005 0.185435 9.995E-005 9.995E-005 9.995E-005 0.0336295
9.99001E-005 9.99001E-005 9.99001E-005 9.99001E-005 9.99001E-005 9.99001E-005 9.99001E-005 9.99001E-005 9.99001E-005 9.99001E-005 0.998901 9.99001E-005
9.99191E-005 0.0107042 9.99191E-005 9.99191E-005 9.99191E-005 9.99191E-005 0.968637 9.99191E-005 9.99191E-005 9.99191E-005 0.01976 9.99191E-005
9.99193E-005 9.99193E-005 0.913509 9.99193E-005 9.99193E-005 9.99193E-005 9.99193E-005 9.99193E-005 9.99193E-005 0.00105377 9.99193E-005 0.0845375
9.991E-005 9.991E-005 0.262699 9.991E-005 9.991E-005 9.991E-005 0.736302 9.991E-005 9.991E-005 9.991E-005 9.991E-005 9.991E-005
9.99102E-005 9.99102E-005 0.980711 0.0182903 9.99102E-005 9.99102E-005 9.99102E-005 9.99102E-005 9.99102E-005 9.99102E-005 9.99102E-005 9.99102E-005
0.00538469 0.0314375 0.782407 9.99551E-005 0.0281818 9.99551E-005 9.99551E-005 0.0265218 0.090023 0.0355442 9.99551E-005 9.99551E-005
9.99461E-005 0.100644 0.725534 0.0261388 0.0363399 0.0536717 9.99461E-005 0.0570722 9.99461E-005 9.99461E-005 9.99461E-005 9.99461E-005
0.0389463 9.99193E-005 0.907742 9.99193E-005 9.99193E-005 0.0524125 9.99193E-005 9.99193E-005 9.99193E-005 9.99193E-005 9.99193E-005 9.99193E-005
9.99193E-005 9.99193E-005 0.987522 9.99193E-005 9.99193E-005 0.0108319 9.99193E-005 9.99193E-005 9.99193E-005 9.99193E-005 0.000747275 9.99193E-005
0.000222001 9.9955E-005 0.806077 0.0406902 0.00991175 9.9955E-005 9.9955E-005 9.9955E-005 9.9955E-005 0.0621255 0.00122485 0.0792493
9.99282E-005 9.99282E-005 0.933342 9.99282E-005 9.99282E-005 0.0419486 0.0129643 9.99282E-005 9.99282E-005 0.0109456 9.99282E-005 9.99282E-005
9.99102E-005 9.99102E-005 0.953113 9.99102E-005 0.0458878 9.99102E-005 9.99102E-005 9.99102E-005 9.99102E-005 9.99102E-005 9.99102E-005 9.99102E-005
9.99192E-005 9.99192E-005 0.951318 9.99192E-005 9.99192E-005 9.99192E-005 9.99192E-005 0.00901738 0.0387653 9.99192E-005 9.99192E-005 9.99192E-005
9.99282E-005 9.99282E-005 9.99282E-005 0.00920404 9.99282E-005 9.99282E-005 9.99282E-005 0.951009 0.0363126 0.00267532 9.99282E-005 9.99282E-005
9.99282E-005 9.99282E-005 9.99282E-005 9.99282E-005 9.99282E-005 9.99282E-005 9.99282E-005 0.882236 0.0871568 0.0243335 0.00547446 9.99282E-005
9.99641E-005 0.0555088 0.0591425 0.00125997 9.99641E-005 0.0108449 9.99641E-005 0.826566 9.99641E-005 0.0226608 0.00168138 0.0219354
9.99282E-005 9.99282E-005 9.99282E-005 9.99282E-005 0.13652 9.99282E-005 0.0244888 0.458559 9.99282E-005 0.379632 9.99282E-005 9.99282E-005
0.187778 9.99371E-005 9.99371E-005 0.0453182 0.137718 9.99371E-005 9.99371E-005 0.29713 9.99371E-005 0.331357 9.99371E-005 9.99371E-005
9.99193E-005 9.99193E-005 0.00784908 9.99193E-005 9.99193E-005 9.99193E-005 9.99193E-005 9.99193E-005 9.99193E-005 0.985094 0.00615731 9.99193E-005
9.99011E-005 9.99011E-005 9.99011E-005 9.99011E-005 9.99011E-005 9.99011E-005 9.99011E-005 9.99011E-005 9.99011E-005 0.998901 9.99011E-005 9.99011E-005
0.0541076 9.99372E-005 9.99372E-005 9.99372E-005 0.105249 9.99372E-005 9.99372E-005 0.401136 0.0232075 0.4156 9.99372E-005 9.99372E-005
0.0532413 9.99371E-005 0.0263487 9.99371E-005 0.204257 9.99371E-005 9.99371E-005 0.286357 9.99371E-005 0.429096 9.99371E-005 9.99371E-005
9.99192E-005 9.99192E-005 9.99192E-005 9.99192E-005 9.99192E-005 9.99192E-005 9.99192E-005 0.0157416 9.99192E-005 0.956308 9.99192E-005 0.0270509
9.99012E-005 9.99012E-005 9.99012E-005 9.99012E-005 9.99012E-005 9.99012E-005 9.99012E-005 9.99012E-005 9.99012E-005 0.998901 9.99012E-005 9.99012E-005
0.036142 9.99372E-005 9.99372E-005 9.99372E-005 0.083681 9.99372E-005 9.99372E-005 0.446783 0.0499581 0.382737 9.99372E-005 9.99372E-005
9.99192E-005 0.00321628 0.0231151 9.99192E-005 9.99192E-005 9.99192E-005 9.99192E-005 9.99192E-005 9.99192E-005 0.972769 9.99192E-005 9.99192E-005
9.99191E-005 9.99191E-005 9.99191E-005 9.99191E-005 9.99191E-005 9.99191E-005 9.99191E-005 0.00489901 9.99191E-005 0.977626 0.0165755 9.99191E-005
9.99013E-005 9.99013E-005 9.99013E-005 9.99013E-005 9.99013E-005 9.99013E-005 9.99013E-005 9.99013E-005 9.99013E-005 0.998901 9.99013E-005 9.99013E-005
0.0106592 9.99192E-005 9.99192E-005 9.99192E-005 9.99192E-005 9.99192E-005 9.99192E-005 0.0664525 9.99192E-005 0.921989 9.99192E-005 9.99192E-005
9.99102E-005 9.99102E-005 9.99102E-005 0.0421102 9.99102E-005 9.99102E-005 9.99102E-005 9.99102E-005 9.99102E-005 0.956891 9.99102E-005 9.99102E-005
9.99193E-005 9.99193E-005 9.99193E-005 9.99193E-005 0.0121159 9.99193E-005 9.99193E-005 9.99193E-005 0.926779 9.99193E-005 9.99193E-005 0.0602057
9.99461E-005 0.848369 9.99461E-005 0.0313415 9.99461E-005 0.00930476 9.99461E-005 0.0105064 9.99461E-005 9.99461E-005 0.00367782 0.0962013
9.99192E-005 0.946261 9.99192E-005 0.049774 9.99192E-005 9.99192E-005 9.99192E-005 9.99192E-005 9.99192E-005 9.99192E-005 9.99192E-005 0.00306542
0.964628 9.99282E-005 9.99282E-005 0.00498177 0.0102618 9.99282E-005 9.99282E-005 9.99282E-005 9.99282E-005 0.0193286 9.99282E-005 9.99282E-005
0.826309 9.99282E-005 9.99282E-005 9.99282E-005 0.101098 9.99282E-005 0.0267867 9.99282E-005 9.99282E-005 0.0450074 9.99282E-005 9.99282E-005
0.835774 9.99193E-005 9.99193E-005 9.99193E-005 0.13827 9.99193E-005 9.99193E-005 9.99193E-005 9.99193E-005 0.0250562 9.99193E-005 9.99193E-005
0.945525 9.99282E-005 0.000590172 9.99282E-005 0.0307244 9.99282E-005 9.99282E-005 9.99282E-005 9.99282E-005 9.99282E-005 9.99282E-005 0.0223615
0.497136 9.99372E-005 0.0294937 9.99372E-005 0.456931 9.99372E-005 9.99372E-005 0.0119663 9.99372E-005 0.00377343 9.99372E-005 9.99372E-005
0.764893 9.99282E-005 9.99282E-005 0.00758758 0.196984 9.99282E-005 9.99282E-005 0.0297363 9.99282E-005 9.99282E-005 9.99282E-005 9.99282E-005
0.576974 9.99283E-005 9.99283E-005 0.0436433 0.36526 9.99283E-005 9.99283E-005 9.99283E-005 9.99283E-005 0.013323 9.99283E-005 9.99283E-005
0.559931 0.00746134 0.036491 9.99462E-005 0.387941 0.00169745 9.99462E-005 9.99462E-005 9.99462E-005 0.00587864 9.99462E-005 9.99462E-005
0.806828 9.99192E-005 9.99192E-005 9.99192E-005 0.134991 9.99192E-005 9.99192E-005 9.99192E-005 0.0572811 9.99192E-005 9.99192E-005 9.99192E-005
0.941776 9.99371E-005 9.99371E-005 9.99371E-005 0.0144764 0.0186532 9.99371E-005 9.99371E-005 9.99371E-005 9.99371E-005 0.00857469 0.0158197
0.968653 9.99103E-005 9.99103E-005 9.99103E-005 9.99103E-005 9.99103E-005 9.99103E-005 9.99103E-005 9.99103E-005 9.99103E-005 9.99103E-005 0.0303483
0.852132 9.99462E-005 0.0273305 9.99462E-005 0.0545057 9.99462E-005 0.0310634 9.99462E-005 9.99462E-005 0.0161059 0.0182629 9.99462E-005
0.94653 9.99192E-005 0.0299272 9.99192E-005 0.0226433 9.99192E-005 9.99192E-005 9.99192E-005 9.99192E-005 9.99192E-005 9.99192E-005 9.99192E-005
0.940433 9.99192E-005 9.99192E-005 9.99192E-005 0.0469223 9.99192E-005 9.99192E-005 9.99192E-005 9.99192E-005 0.0117455 9.99192E-005 9.99192E-005
0.954996 9.99192E-005 9.99192E-005 9.99192E-005 9.99192E-005 9.99192E-005 0.00119853 0.0429059 9.99192E-005 9.99192E-005 9.99192E-005 9.99192E-005
0.596123 9.99371E-005 9.99371E-005 0.00653389 0.319259 9.99371E-005 0.0277535 9.99371E-005 9.99371E-005 9.99371E-005 9.99371E-005 0.0496311
0.946498 9.99192E-005 9.99192E-005 9.99192E-005 0.010341 9.99192E-005 9.99192E-005 9.99192E-005 9.99192E-005 0.0422622 9.99192E-005 9.99192E-005
0.840071 0.0329721 9.99282E-005 9.99282E-005 0.120281 9.99282E-005 0.00587692 9.99282E-005 9.99282E-005 9.99282E-005 9.99282E-005 9.99282E-005
0.996548 9.99104E-005 9.99104E-005 9.99104E-005 9.99104E-005 9.99104E-005 9.99104E-005 9.99104E-005 9.99104E-005 9.99104E-005 0.00245253 9.99104E-005
0.453906 9.99461E-005 9.99461E-005 9.99461E-005 0.448917 9.99461E-005 0.0184651 9.99461E-005 0.0522985 0.02498 0.000833602 9.99461E-005
0.598345 9.99282E-005 9.99282E-005 9.99282E-005 0.378269 9.99282E-005 0.0185832 9.99282E-005 9.99282E-005 0.00400338 9.99282E-005 9.99282E-005
0.930171 9.99282E-005 9.99282E-005 9.99282E-005 9.99282E-005 9.99282E-005 0.00600832 0.00457195 9.99282E-005 9.99282E-005 9.99282E-005 0.0584493
0.37471 9.99281E-005 9.99281E-005 9.99281E-005 0.575823 9.99281E-005 0.0403836 9.99281E-005 9.99281E-005 0.00828457 9.99281E-005 9.99281E-005
0.872884 9.99461E-005 0.0652606 0.023545 9.99461E-005 9.99461E-005 0.019406 0.0142693 9.99461E-005 9.99461E-005 0.00403544 9.99461E-005
0.775358 9.99192E-005 9.99192E-005 9.99192E-005 0.205314 9.99192E-005 9.99192E-005 0.0184283 9.99192E-005 9.99192E-005 9.99192E-005 9.99192E-005
0.895944 9.99551E-005 0.00512513 0.0164981 0.0359327 0.0264275 0.0144288 9.99551E-005 9.99551E-005 9.99551E-005 0.00514365 9.99551E-005
0.0740826 9.99281E-005 9.99281E-005 9.99281E-005 0.0551553 9.99281E-005 9.99281E-005 0.538108 9.99281E-005 0.331854 9.99281E-005 9.99281E-005
0.0821867 9.99371E-005 9.99371E-005 9.99371E-005 9.99371E-005 9.99371E-005 0.0649411 0.413056 0.235949 0.203168 9.99371E-005 9.99371E-005
0.247525 0.000620116 9.99462E-005 0.0237705 0.0569256 9.99462E-005 9.99462E-005 0.395475 9.99462E-005 0.275084 9.99462E-005 9.99462E-005
9.99372E-005 0.02453 9.99372E-005 9.99372E-005 9.99372E-005 0.0317565 9.99372E-005 9.99372E-005 0.0967687 0.0438178 9.99372E-005 0.802427
9.99009E-005 9.99009E-005 9.99009E-005 9.99009E-005 9.99009E-005 9.99009E-005 9.99009E-005 9.99009E-005 9.99009E-005 9.99009E-005 9.99009E-005 0.998901
9.99103E-005 9.99103E-005 0.0134268 9.99103E-005 9.99103E-005 9.99103E-005 9.99103E-005 9.99103E-005 9.99103E-005 9.99103E-005 9.99103E-005 0.985574
9.99101E-005 9.99101E-005 9.99101E-005 0.00975858 9.99101E-005 9.99101E-005 9.99101E-005 9.99101E-005 9.99101E-005 9.99101E-005 9.99101E-005 0.989242
9.99103E-005 0.0612043 9.99103E-005 9.99103E-005 9.99103E-005 9.99103E-005 9.99103E-005 9.99103E-005 9.99103E-005 9.99103E-005 9.99103E-005 0.937797
9.99012E-005 9.99012E-005 9.99012E-005 9.99012E-005 9.99012E-005 9.99012E-005 9.99012E-005 9.99012E-005 9.99012E-005 9.99012E-005 9.99012E-005 0.998901
9.996E-005 0.163491 0.0512961 0.0360577 9.996E-005 0.0708484 9.996E-005 9.996E-005 0.0771224 0.0251857 0.0179858 0.557613
9.99192E-005 0.986827 9.99192E-005 9.99192E-005 9.99192E-005 9.99192E-005 0.0102332 9.99192E-005 9.99192E-005 9.99192E-005 0.00204088 9.99192E-005
9.99013E-005 0.998901 9.99013E-005 9.99013E-005 9.99013E-005 9.99013E-005 9.99013E-005 9.99013E-005 9.99013E-005 9.99013E-005 9.99013E-005 9.99013E-005
9.99461E-005 0.862873 9.99461E-005 0.0770474 0.0128119 0.0143051 9.99461E-005 9.99461E-005 9.99461E-005 0.0232588 0.00910381 9.99461E-005
0.157523 0.0214474 9.99462E-005 0.00297358 0.314736 9.99462E-005 9.99462E-005 9.99462E-005 0.370146 9.99462E-005 9.99462E-005 0.132574
9.997E-005 0.0269708 0.148223 0.0414749 0.0674232 0.402401 0.0537356 9.997E-005 0.185637 9.997E-005 0.00747942 0.0663557
9.9919E-005 9.9919E-005 9.9919E-005 0.0220642 9.9919E-005 0.097525 0.879512 9.9919E-005 9.9919E-005 9.9919E-005 9.9919E-005 9.9919E-005
0.0527369 9.99282E-005 0.0374128 9.99282E-005 9.99282E-005 9.99282E-005 9.99282E-005 0.90739 9.99282E-005 9.99282E-005 0.00166075 9.99282E-005
9.99192E-005 9.99192E-005 9.99192E-005 9.99192E-005 9.99192E-005 0.0792426 9.99192E-005 0.889635 9.99192E-005 0.0302232 9.99192E-005 9.99192E-005
0.0691292 9.99189E-005 9.99189E-005 9.99189E-005 0.00841809 9.99189E-005 0.921553 9.99189E-005 9.99189E-005 9.99189E-005 9.99189E-005 9.99189E-005
0.75281 0.00357745 0.0428281 9.99283E-005 0.199985 9.99283E-005 9.99283E-005 9.99283E-005 9.99283E-005 9.99283E-005 9.99283E-005 9.99283E-005
9.99013E-005 9.99013E-005 9.99013E-005 9.99013E-005 0.998901 9.99013E-005 9.99013E-005 9.99013E-005 9.99013E-005 9.99013E-005 9.99013E-005 9.99013E-005
0.54129 9.99551E-005 9.99551E-005 9.99551E-005 0.34681 9.99551E-005 0.0611529 0.0273147 0.0131465 9.99551E-005 0.00500939 0.00477708
9.99009E-005 9.99009E-005 9.99009E-005 9.99009E-005 0.998901 9.99009E-005 9.99009E-005 9.99009E-005 9.99009E-005 9.99009E-005 9.99009E-005 9.99009E-005
0.934596 9.99371E-005 0.0465084 9.99371E-005 9.99371E-005 9.99371E-005 9.99371E-005 9.99371E-005 0.000473742 9.99371E-005 0.011469 0.00625323
0.84143 9.99282E-005 9.99282E-005 9.99282E-005 0.0902326 9.99282E-005 0.0257434 0.0417949 9.99282E-005 9.99282E-005 9.99282E-005 9.99282E-005
0.859089 9.99282E-005 9.99282E-005 9.99282E-005 0.0987199 9.99282E-005 9.99282E-005 9.99282E-005 9.99282E-005 0.0268077 9.99282E-005 0.0145842
9.9901E-005 9.9901E-005 9.9901E-005 9.9901E-005 0.998901 9.9901E-005 9.9901E-005 9.9901E-005 9.9901E-005 9.9901E-005 9.9901E-005 9.9901E-005
0.78712 0.0416147 9.99372E-005 9.99372E-005 0.165196 9.99372E-005 0.00268363 9.99372E-005 9.99372E-005 0.00268621 9.99372E-005 9.99372E-005
0.910708 9.99282E-005 9.99282E-005 9.99282E-005 0.0407103 9.99282E-005 0.00379958 9.99282E-005 9.99282E-005 0.0439832 9.99282E-005 9.99282E-005
0.232598 9.99192E-005 9.99192E-005 9.99192E-005 0.745962 9.99192E-005 9.99192E-005 0.0205402 9.99192E-005 9.99192E-005 9.99192E-005 9.99192E-005
0.103415 9.99192E-005 9.99192E-005 9.99192E-005 0.869019 9.99192E-005 9.99192E-005 9.99192E-005 9.99192E-005 0.0266665 9.99192E-005 9.99192E-005
0.0991154 9.99371E-005 9.99371E-005 9.99371E-005 0.8358 9.99371E-005 9.99371E-005 9.99371E-005 0.0512384 0.00928959 0.00385729 9.99371E-005
0.779425 9.99372E-005 9.99372E-005 0.0173245 0.17101 9.99372E-005 0.0189749 9.99372E-005 0.0125664 9.99372E-005 9.99372E-005 9.99372E-005
0.423898 9.99282E-005 0.0353655 9.99282E-005 0.509794 9.99282E-005 0.0301435 9.99282E-005 9.99282E-005 9.99282E-005 9.99282E-005 9.99282E-005
9.99462E-005 9.99462E-005 9.99462E-005 0.0556936 0.0280315 0.0455335 9.99462E-005 9.99462E-005 0.665179 0.0640959 9.99462E-005 0.140867
9.99372E-005 0.0286253 9.99372E-005 0.0160963 9.99372E-005 0.104935 9.99372E-005 9.99372E-005 0.845748 9.99372E-005 9.99372E-005 0.00389533
0.0114533 0.0917942 9.99461E-005 0.0866204 9.99461E-005 0.15218 9.99461E-005 9.99461E-005 0.637394 0.0199585 9.99461E-005 9.99461E-005
9.99103E-005 0.978497 0.0205037 9.99103E-005 9.99103E-005 9.99103E-005 9.99103E-005 9.99103E-005 9.99103E-005 9.99103E-005 9.99103E-005 9.99103E-005
9.99103E-005 0.977757 9.99103E-005 0.0212438 9.99103E-005 9.99103E-005 9.99103E-005 9.99103E-005 9.99103E-005 9.99103E-005 9.99103E-005 9.99103E-005
9.99193E-005 0.905901 0.0384227 9.99193E-005 9.99193E-005 9.99193E-005 9.99193E-005 9.99193E-005 0.0547772 9.99193E-005 9.99193E-005 9.99193E-005
9.99371E-005 0.85201 0.0244859 0.0363467 9.99371E-005 9.99371E-005 9.99371E-005 0.0256368 9.99371E-005 9.99371E-005 9.99371E-005 0.0608211
9.99013E-005 9.99013E-005 9.99013E-005 9.99013E-005 9.99013E-005 9.99013E-005 9.99013E-005 0.998901 9.99013E-005 9.99013E-005 9.99013E-005 9.99013E-005
9.99192E-005 9.99192E-005 0.00552546 9.99192E-005 9.99192E-005 9.99192E-005 9.99192E-005 0.96163 9.99192E-005 9.99192E-005 9.99192E-005 0.0319452
9.99103E-005 9.99103E-005 9.99103E-005 9.99103E-005 9.99103E-005 9.99103E-005 9.99103E-005 0.930578 9.99103E-005 9.99103E-005 9.99103E-005 0.0684226
9.99641E-005 0.0227703 0.0421669 0.0207354 9.99641E-005 0.0214415 9.99641E-005 9.99641E-005 0.839771 0.0114171 0.000152298 0.0411455
9.99282E-005 9.99282E-005 9.99282E-005 0.00167563 9.99282E-005 9.99282E-005 9.99282E-005 0.0401891 0.942606 9.99282E-005 0.0147297 9.99282E-005
0.0734626 0.00441971 0.0407949 9.99641E-005 9.99641E-005 0.127345 9.99641E-005 0.0115483 0.656938 0.016933 9.99641E-005 0.0681577
0.0473653 9.99372E-005 9.99372E-005 9.99372E-005 9.99372E-005 9.99372E-005 0.00520866 0.0629543 0.878766 9.99372E-005 0.00500635 9.99372E-005
