0.0066514 9.99282E-005 0.0276144 0.0480928 9.99282E-005 9.99282E-005 9.99282E-005 9.99282E-005 9.99282E-005 9.99282E-005 0.916842 9.99282E-005
9.99102E-005 9.99102E-005 0.0182609 9.99102E-005 9.99102E-005 9.99102E-005 9.99102E-005 9.99102E-005 9.99102E-005 9.99102E-005 0.98074 9.99102E-005
9.99192E-005 9.99192E-005 0.0305257 0.092592 9.99192E-005 9.99192E-005 9.99192E-005 9.99192E-005 9.99192E-005 9.99192E-005 0.875983 9.99192E-005
0.116636 0.0828586 9.99372E-005 9.99372E-005 9.99372E-005 0.0729757 9.99372E-005 9.99372E-005 9.99372E-005 0.0335009 0.69333 9.99372E-005
9.99282E-005 9.99282E-005 0.00799668 0.0542925 9.99282E-005 0.0683175 9.99282E-005 9.99282E-005 9.99282E-005 9.99282E-005 0.868594 9.99282E-005
9.99011E-005 9.99011E-005 9.99011E-005 9.99011E-005 9.99011E-005 9.99011E-005 9.99011E-005 9.99011E-005 9.99011E-005 9.99011E-005 0.998901 9.99011E-005
9.99101E-005 9.99101E-005 0.0107464 9.99101E-005 9.99101E-005 9.99101E-005 9.99101E-005 9.99101E-005 9.99101E-005 9.99101E-005 0.988254 9.99101E-005
0.0307994 0.0776031 9.99461E-005 9.99461E-005 9.99461E-005 0.0451828 9.99461E-005 0.00154579 0.108239 9.99461E-005 0.73603 9.99461E-005
0.0653506 0.029838 9.99371E-005 9.99371E-005 9.99371E-005 9.99371E-005 9.99371E-005 0.00892942 9.99371E-005 0.0726092 0.822573 9.99371E-005
9.99282E-005 0.0705471 9.99282E-005 9.99282E-005 9.99282E-005 9.99282E-005 0.0771124 9.99282E-005 9.99282E-005 0.0229145 0.828627 9.99282E-005
9.99282E-005 9.99282E-005 9.99282E-005 9.99282E-005 0.0439185 9.99282E-005 9.99282E-005 0.0569953 9.99282E-005 0.021152 0.877135 9.99282E-005
9.99462E-005 0.187158 0.0431323 0.0347331 9.99462E-005 0.119369 9.99462E-005 9.99462E-005 0.0424442 9.99462E-005 0.572564 9.99462E-005
9.99372E-005 0.0296029 9.99372E-005 0.103273 9.99372E-005 0.0598493 9.99372E-005 9.99372E-005 0.152105 9.99372E-005 0.654471 9.99372E-005
0.041996 9.99552E-005 9.99552E-005 0.110689 0.0550574 0.118597 9.99552E-005 9.99552E-005 9.99552E-005 0.00851252 0.639858 0.0247906
0.104153 0.109347 9.99731E-005 0.0393366 9.99731E-005 0.0766079 9.99731E-005 0.0580977 0.130771 0.0712334 0.400273 0.00988113
0.0660016 0.143713 9.99641E-005 0.201129 9.99641E-005 0.0472492 9.99641E-005 0.0124913 0.0179349 9.99641E-005 0.491987 0.0190943
0.0797136 0.158433 9.99372E-005 0.115238 9.99372E-005 0.09541 9.99372E-005 9.99372E-005 9.99372E-005 9.99372E-005 0.550506 9.99372E-005
9.99371E-005 0.0987686 9.99371E-005 0.239704 9.99371E-005 0.0796969 9.99371E-005 0.0669648 9.99371E-005 9.99371E-005 0.514166 9.99371E-005
9.99461E-005 0.238757 0.538597 0.112874 0.0249508 0.0198177 9.99461E-005 9.99461E-005 9.99461E-005 9.99461E-005 0.0644037 9.99461E-005
0.00717283 0.874063 0.0523014 9.99372E-005 9.99372E-005 0.0210325 9.99372E-005 9.99372E-005 9.99372E-005 9.99372E-005 0.0447306 9.99372E-005
9.99193E-005 0.886157 0.0931626 9.99193E-005 9.99193E-005 0.0197812 9.99193E-005 9.99193E-005 9.99193E-005 9.99193E-005 9.99193E-005 9.99193E-005
9.99372E-005 0.660388 0.231483 9.99372E-005 0.0378569 0.00633404 9.99372E-005 9.99372E-005 9.99372E-005 9.99372E-005 0.0632384 9.99372E-005
9.99281E-005 0.856991 0.0353476 9.99281E-005 0.0667537 9.99281E-005 9.99281E-005 0.040108 9.99281E-005 9.99281E-005 9.99281E-005 9.99281E-005
9.99009E-005 9.99009E-005 0.998901 9.99009E-005 9.99009E-005 9.99009E-005 9.99009E-005 9.99009E-005 9.99009E-005 9.99009E-005 9.99009E-005 9.99009E-005
9.99011E-005 9.99011E-005 0.998901 9.99011E-005 9.99011E-005 9.99011E-005 9.99011E-005 9.99011E-005 9.99011E-005 9.99011E-005 9.99011E-005 9.99011E-005
9.99011E-005 9.99011E-005 0.998901 9.99011E-005 9.99011E-005 9.99011E-005 9.99011E-005 9.99011E-005 9.99011E-005 9.99011E-005 9.99011E-005 9.99011E-005
0.0903725 0.714349 0.0670071 9.99462E-005 9.99462E-005 0.0744113 0.0491658 9.99462E-005 9.99462E-005 9.99462E-005 9.99462E-005 0.00409414
9.99192E-005 0.239068 0.753807 9.99192E-005 0.00622589 9.99192E-005 9.99192E-005 9.99192E-005 9.99192E-005 9.99192E-005 9.99192E-005 9.99192E-005
0.0525505 0.904586 0.0151268 0.0269374 9.99282E-005 9.99282E-005 9.99282E-005 9.99282E-005 9.99282E-005 9.99282E-005 9.99282E-005 9.99282E-005
9.99011E-005 9.99011E-005 0.998901 9.99011E-005 9.99011E-005 9.99011E-005 9.99011E-005 9.99011E-005 9.99011E-005 9.99011E-005 9.99011E-005 9.99011E-005
9.99282E-005 0.640888 0.17301 9.99282E-005 9.99282E-005 9.99282E-005 9.99282E-005 9.99282E-005 0.101043 9.99282E-005 0.0842593 9.99282E-005
9.99012E-005 9.99012E-005 0.998901 9.99012E-005 9.99012E-005 9.99012E-005 9.99012E-005 9.99012E-005 9.99012E-005 9.99012E-005 9.99012E-005 9.99012E-005
9.99192E-005 0.798788 0.0958668 0.104446 9.99192E-005 9.99192E-005 9.99192E-005 9.99192E-005 9.99192E-005 9.99192E-005 9.99192E-005 9.99192E-005
9.99372E-005 0.68844 0.260849 9.99372E-005 0.0199236 9.99372E-005 9.99372E-005 9.99372E-005 9.99372E-005 0.0266617 9.99372E-005 0.0034257
9.99551E-005 0.700685 0.161638 0.0282721 9.99551E-005 0.033731 9.99551E-005 9.99551E-005 0.00647743 0.0678056 9.99551E-005 0.000891276
0.00591172 0.845795 0.126876 9.99282E-005 9.99282E-005 9.99282E-005 9.99282E-005 9.99282E-005 9.99282E-005 9.99282E-005 0.0206181 9.99282E-005
0.0909888 0.734687 0.117827 9.99462E-005 0.00106122 9.99462E-005 9.99462E-005 9.99462E-005 9.99462E-005 0.0187113 0.0361252 9.99462E-005
9.99492E-005 0.0474351 9.99492E-005 0.115578 0.00792401 0.684347 9.99492E-005 9.99492E-005 9.99492E-005 0.0485296 0.0955868 9.99492E-005
9.99012E-005 9.99012E-005 9.99012E-005 9.99012E-005 9.99012E-005 0.998901 9.99012E-005 9.99012E-005 9.99012E-005 9.99012E-005 9.99012E-005 9.99012E-005
9.99372E-005 9.99372E-005 0.0241758 0.101088 9.99372E-005 0.8119 9.99372E-005 9.99372E-005 9.99372E-005 0.0218797 9.99372E-005 0.0402578
9.99282E-005 9.99282E-005 9.99282E-005 0.132169 9.99282E-005 0.842049 9.99282E-005 0.00717949 9.99282E-005 0.0178032 9.99282E-005 9.99282E-005
9.99372E-005 9.99372E-005 0.0274584 0.156275 9.99372E-005 0.787034 0.000694266 9.99372E-005 9.99372E-005 9.99372E-005 9.99372E-005 0.0278385
0.0161715 9.99281E-005 9.99281E-005 0.030901 9.99281E-005 0.948662 9.99281E-005 9.99281E-005 9.99281E-005 9.99281E-005 9.99281E-005 0.00346583
9.99103E-005 9.99103E-005 9.99103E-005 0.244046 9.99103E-005 0.754955 9.99103E-005 9.99103E-005 9.99103E-005 9.99103E-005 9.99103E-005 9.99103E-005
0.0622825 9.99461E-005 0.0262038 0.0722131 0.00582128 0.800408 9.99461E-005 9.99461E-005 9.99461E-005 9.99461E-005 0.0324722 9.99461E-005
9.99192E-005 9.99192E-005 0.0166236 0.0317666 9.99192E-005 0.950711 9.99192E-005 9.99192E-005 9.99192E-005 9.99192E-005 9.99192E-005 9.99192E-005
0.523057 9.99551E-005 0.037999 0.0246246 9.99551E-005 0.0634238 9.99551E-005 9.99551E-005 0.144811 0.10978 0.0958054 9.99551E-005
9.99019E-005 9.99019E-005 9.99019E-005 9.99019E-005 9.99019E-005 9.99019E-005 9.99019E-005 0.998901 9.99019E-005 9.99019E-005 9.99019E-005 9.99019E-005
9.99278E-005 9.99278E-005 9.99278E-005 9.99278E-005 0.0235824 0.061228 0.0117211 0.902669 9.99278E-005 9.99278E-005 9.99278E-005 9.99278E-005
0.917901 9.99103E-005 9.99103E-005 0.0811002 9.99103E-005 9.99103E-005 9.99103E-005 9.99103E-005 9.99103E-005 9.99103E-005 9.99103E-005 9.99103E-005
0.319909 9.99188E-005 9.99188E-005 9.99188E-005 9.99188E-005 9.99188E-005 0.147516 0.531676 9.99188E-005 9.99188E-005 9.99188E-005 9.99188E-005
0.987139 9.99102E-005 0.0118615 9.99102E-005 9.99102E-005 9.99102E-005 9.99102E-005 9.99102E-005 9.99102E-005 9.99102E-005 9.99102E-005 9.99102E-005
0.768562 0.0916448 9.99461E-005 9.99461E-005 9.99461E-005 0.00915811 9.99461E-005 9.99461E-005 0.0468398 0.0617549 9.99461E-005 0.0214407
0.662543 9.99641E-005 0.0150142 9.99641E-005 0.0247475 0.12683 0.0160508 0.00435568 0.0955408 9.99641E-005 0.0545187 9.99641E-005
0.947734 9.99193E-005 9.99193E-005 9.99193E-005 9.99193E-005 9.99193E-005 0.0343021 9.99193E-005 9.99193E-005 9.99193E-005 0.0170641 9.99193E-005
0.959803 9.99193E-005 9.99193E-005 9.99193E-005 0.0119103 9.99193E-005 9.99193E-005 9.99193E-005 9.99193E-005 9.99193E-005 0.0273875 9.99193E-005
0.823402 9.99461E-005 0.0359924 0.0664035 0.0087818 9.99461E-005 0.0310312 9.99461E-005 9.99461E-005 9.99461E-005 9.99461E-005 0.0337892
0.958021 9.99192E-005 9.99192E-005 9.99192E-005 9.99192E-005 9.99192E-005 9.99192E-005 9.99192E-005 9.99192E-005 9.99192E-005 0.0237485 0.0173308
0.95538 9.99191E-005 9.99191E-005 9.99191E-005 0.040302 9.99191E-005 9.99191E-005 9.99191E-005 9.99191E-005 0.00341842 9.99191E-005 9.99191E-005
0.904439 0.00871877 9.99192E-005 9.99192E-005 9.99192E-005 9.99192E-005 9.99192E-005 9.99192E-005 9.99192E-005 0.0859425 9.99192E-005 9.99192E-005
9.99372E-005 0.0116031 0.00879902 9.99372E-005 9.99372E-005 9.99372E-005 9.99372E-005 9.99372E-005 0.973191 0.00335848 0.00234872 9.99372E-005
9.99282E-005 0.0783456 9.99282E-005 0.0172798 9.99282E-005 9.99282E-005 9.99282E-005 9.99282E-005 0.892459 9.99282E-005 9.99282E-005 0.0111162
0.0483364 9.99372E-005 0.00159876 9.99372E-005 9.99372E-005 0.0637526 9.99372E-005 9.99372E-005 0.880091 9.99372E-005 9.99372E-005 0.00552158
9.99372E-005 9.99372E-005 9.99372E-005 9.99372E-005 0.0541868 9.99372E-005 0.00343985 9.99372E-005 0.4407 0.0975916 9.99372E-005 0.403382
9.99371E-005 9.99371E-005 0.0404281 9.99371E-005 0.0241969 9.99371E-005 0.29058 9.99371E-005 0.299768 9.99371E-005 9.99371E-005 0.344328
0.029962 9.99103E-005 9.99103E-005 9.99103E-005 9.99103E-005 9.99103E-005 9.99103E-005 9.99103E-005 9.99103E-005 9.99103E-005 9.99103E-005 0.969039
9.99011E-005 9.99011E-005 9.99011E-005 9.99011E-005 9.99011E-005 9.99011E-005 9.99011E-005 9.99011E-005 9.99011E-005 9.99011E-005 9.99011E-005 0.998901
9.994E-005 0.0316103 9.994E-005 9.994E-005 0.0426382 0.00966761 0.0943338 9.994E-005 0.426222 9.994E-005 9.994E-005 0.394929
9.99371E-005 9.99371E-005 9.99371E-005 9.99371E-005 0.072 9.99371E-005 0.0362998 9.99371E-005 0.356433 0.132718 9.99371E-005 0.40185
9.99371E-005 0.00187845 9.99371E-005 0.0316934 9.99371E-005 9.99371E-005 9.99371E-005 9.99371E-005 0.0139399 9.99371E-005 0.00103508 0.950754
9.99012E-005 9.99012E-005 9.99012E-005 9.99012E-005 9.99012E-005 9.99012E-005 9.99012E-005 9.99012E-005 9.99012E-005 9.99012E-005 9.99012E-005 0.998901
9.99461E-005 0.0529261 9.99461E-005 9.99461E-005 0.053333 9.99461E-005 0.0410685 9.99461E-005 0.458326 0.0250443 9.99461E-005 0.368702
0.0131036 9.99192E-005 9.99192E-005 9.99192E-005 9.99192E-005 0.00601101 9.99192E-005 9.99192E-005 9.99192E-005 9.99192E-005 9.99192E-005 0.979986
0.00348172 9.99281E-005 9.99281E-005 9.99281E-005 9.99281E-005 9.99281E-005 9.99281E-005 0.00633085 0.0019498 9.99281E-005 9.99281E-005 0.987438
9.99013E-005 9.99013E-005 9.99013E-005 9.99013E-005 9.99013E-005 9.99013E-005 9.99013E-005 9.99013E-005 9.99013E-005 9.99013E-005 9.99013E-005 0.998901
9.99192E-005 9.99192E-005 9.99192E-005 9.99192E-005 9.99192E-005 9.99192E-005 0.0271478 9.99192E-005 0.0322238 9.99192E-005 9.99192E-005 0.939729
9.99191E-005 9.99191E-005 0.0319658 9.99191E-005 9.99191E-005 9.99191E-005 0.0153375 9.99191E-005 9.99191E-005 9.99191E-005 9.99191E-005 0.951797
9.99193E-005 0.922433 9.99193E-005 0.0545036 0.0221646 9.99193E-005 9.99193E-005 9.99193E-005 9.99193E-005 9.99193E-005 9.99193E-005 9.99193E-005
9.99461E-005 9.99461E-005 0.0272725 0.0625602 0.0108359 0.857979 9.99461E-005 0.00921967 9.99461E-005 9.99461E-005 0.0315331 9.99461E-005
9.99192E-005 9.99192E-005 0.0424282 9.99192E-005 0.00505308 0.951619 9.99192E-005 9.99192E-005 9.99192E-005 9.99192E-005 9.99192E-005 9.99192E-005
9.99192E-005 9.99192E-005 9.99192E-005 9.99192E-005 9.99192E-005 9.99192E-005 0.906005 9.99192E-005 9.99192E-005 0.0813316 9.99192E-005 0.0117641
9.99193E-005 9.99193E-005 9.99193E-005 9.99193E-005 9.99193E-005 9.99193E-005 0.812786 9.99193E-005 9.99193E-005 0.14512 9.99193E-005 0.0411948
9.99193E-005 9.99193E-005 9.99193E-005 9.99193E-005 0.000773467 9.99193E-005 0.992789 9.99193E-005 9.99193E-005 9.99193E-005 9.99193E-005 0.0055383
9.99102E-005 9.99102E-005 9.99102E-005 9.99102E-005 0.0325127 9.99102E-005 9.99102E-005 9.99102E-005 9.99102E-005 0.966488 9.99102E-005 9.99102E-005
0.00964192 9.99462E-005 9.99462E-005 0.00199974 0.107636 9.99462E-005 0.819629 9.99462E-005 0.0173416 0.0431521 9.99462E-005 9.99462E-005
9.99371E-005 9.99371E-005 0.0200606 9.99371E-005 0.0618995 9.99371E-005 0.670284 9.99371E-005 0.00159838 0.245458 9.99371E-005 9.99371E-005
9.99373E-005 0.00295928 0.0463895 9.99373E-005 0.116763 9.99373E-005 0.604902 9.99373E-005 9.99373E-005 0.228286 9.99373E-005 9.99373E-005
0.05773 9.99372E-005 9.99372E-005 9.99372E-005 0.117226 0.012975 0.522776 9.99372E-005 9.99372E-005 0.288594 9.99372E-005 9.99372E-005
9.99282E-005 0.06105 9.99282E-005 9.99282E-005 0.0216235 9.99282E-005 0.835511 9.99282E-005 9.99282E-005 0.0810163 9.99282E-005 9.99282E-005
9.99011E-005 9.99011E-005 9.99011E-005 9.99011E-005 9.99011E-005 9.99011E-005 9.99011E-005 9.99011E-005 9.99011E-005 0.998901 9.99011E-005 9.99011E-005
9.99012E-005 9.99012E-005 9.99012E-005 9.99012E-005 9.99012E-005 9.99012E-005 9.99012E-005 9.99012E-005 9.99012E-005 0.998901 9.99012E-005 9.99012E-005
0.0775261 9.99283E-005 9.99283E-005 9.99283E-005 0.063522 9.99283E-005 0.853786 0.00436658 9.99283E-005 9.99283E-005 9.99283E-005 9.99283E-005
0.0188973 9.99192E-005 9.99192E-005 9.99192E-005 9.99192E-005 9.99192E-005 0.792214 9.99192E-005 9.99192E-005 0.187989 9.99192E-005 9.99192E-005
9.99371E-005 9.99371E-005 9.99371E-005 0.000726395 0.0546321 9.99371E-005 0.857783 9.99371E-005 9.99371E-005 0.0717371 9.99371E-005 0.0144213
9.99282E-005 9.99282E-005 9.99282E-005 9.99282E-005 0.0617277 9.99282E-005 0.73869 9.99282E-005 0.0230515 0.175732 9.99282E-005 9.99282E-005
9.99461E-005 9.99461E-005 0.0129384 0.0304546 0.102864 9.99461E-005 0.30876 0.033258 9.99461E-005 0.511125 9.99461E-005 9.99461E-005
9.99103E-005 9.99103E-005 9.99103E-005 9.99103E-005 9.99103E-005 9.99103E-005 0.953368 9.99103E-005 9.99103E-005 9.99103E-005 9.99103E-005 0.0456329
9.99372E-005 9.99372E-005 9.99372E-005 0.0030606 0.0701987 0.0317752 0.808476 9.99372E-005 9.99372E-005 0.0857897 9.99372E-005 9.99372E-005
9.99193E-005 9.99193E-005 9.99193E-005 9.99193E-005 0.0655271 9.99193E-005 0.920784 9.99193E-005 0.0127896 9.99193E-005 9.99193E-005 9.99193E-005
9.99461E-005 0.0626197 9.99461E-005 9.99461E-005 0.146194 9.99461E-005 0.462893 0.00692417 9.99461E-005 0.304574 9.99461E-005 0.0161962
9.99196E-005 0.014911 9.99196E-005 9.99196E-005 0.101138 9.99196E-005 0.883051 9.99196E-005 9.99196E-005 9.99196E-005 9.99196E-005 9.99196E-005
9.99282E-005 9.99282E-005 9.99282E-005 0.0264502 9.99282E-005 9.99282E-005 0.231531 9.99282E-005 9.99282E-005 0.716665 9.99282E-005 0.0245548
9.99192E-005 9.99192E-005 9.99192E-005 9.99192E-005 0.121973 9.99192E-005 0.870163 9.99192E-005 9.99192E-005 9.99192E-005 0.00696493 9.99192E-005
0.0802456 9.99282E-005 0.0148525 9.99282E-005 0.0443708 9.99282E-005 0.859732 9.99282E-005 9.99282E-005 9.99282E-005 9.99282E-005 9.99282E-005
9.99282E-005 9.99282E-005 9.99282E-005 9.99282E-005 0.0809039 9.99282E-005 0.731698 9.99282E-005 0.0130209 0.173578 9.99282E-005 9.99282E-005
0.0373025 9.99461E-005 0.0165205 9.99461E-005 0.0476313 9.99461E-005 0.5517 0.0194934 9.99461E-005 0.326753 9.99461E-005 9.99461E-005
9.99191E-005 9.99191E-005 9.99191E-005 9.99191E-005 9.99191E-005 9.99191E-005 0.157245 9.99191E-005 0.517716 9.99191E-005 9.99191E-005 0.32414
9.99281E-005 0.30058 9.99281E-005 9.99281E-005 9.99281E-005 9.99281E-005 0.137641 9.99281E-005 0.355626 9.99281E-005 9.99281E-005 0.205354
9.99372E-005 9.99372E-005 0.0143678 9.99372E-005 9.99372E-005 9.99372E-005 0.137 9.99372E-005 0.397415 0.182549 9.99372E-005 0.267969
9.99461E-005 0.115787 9.99461E-005 0.788489 9.99461E-005 0.0275941 9.99461E-005 0.00573809 9.99461E-005 9.99461E-005 0.0273799 0.034413
9.99009E-005 9.99009E-005 9.99009E-005 0.998901 9.99009E-005 9.99009E-005 9.99009E-005 9.99009E-005 9.99009E-005 9.99009E-005 9.99009E-005 9.99009E-005
0.0101749 9.99282E-005 0.00681471 0.973376 9.99282E-005 9.99282E-005 9.99282E-005 9.99282E-005 0.00883495 9.99282E-005 9.99282E-005 9.99282E-005
9.99101E-005 9.99101E-005 0.0141517 0.984849 9.99101E-005 9.99101E-005 9.99101E-005 9.99101E-005 9.99101E-005 9.99101E-005 9.99101E-005 9.99101E-005
9.99103E-005 9.99103E-005 9.99103E-005 0.940435 9.99103E-005 0.058566 9.99103E-005 9.99103E-005 9.99103E-005 9.99103E-005 9.99103E-005 9.99103E-005
9.99012E-005 9.99012E-005 9.99012E-005 0.998901 9.99012E-005 9.99012E-005 9.99012E-005 9.99012E-005 9.99012E-005 9.99012E-005 9.99012E-005 9.99012E-005
9.99551E-005 0.0608361 0.0507046 0.556736 9.99551E-005 0.173032 9.99551E-005 0.0317829 9.99551E-005 9.99551E-005 0.0889185 0.03749
9.99192E-005 9.99192E-005 0.00609994 9.99192E-005 9.99192E-005 0.984731 9.99192E-005 0.00827028 9.99192E-005 9.99192E-005 9.99192E-005 9.99192E-005
9.99013E-005 9.99013E-005 9.99013E-005 9.99013E-005 9.99013E-005 0.998901 9.99013E-005 9.99013E-005 9.99013E-005 9.99013E-005 9.99013E-005 9.99013E-005
9.99641E-005 9.99641E-005 0.0766706 0.021601 0.00536099 0.847808 0.00398068 9.99641E-005 0.0128304 9.99641E-005 0.0127273 0.0186216
9.99462E-005 0.353291 0.0244163 0.156213 0.0874166 9.99462E-005 0.31691 9.99462E-005 9.99462E-005 0.0611524 9.99462E-005 9.99462E-005
0.125801 0.17937 0.0264366 0.0552519 9.9964E-005 0.0176308 9.9964E-005 0.0618235 9.9964E-005 0.094913 0.438374 9.9964E-005
9.99639E-005 9.99639E-005 0.0378269 0.0291351 0.017061 0.0163775 0.0505137 0.721483 9.99639E-005 9.99639E-005 0.0770289 0.0501738
0.0109862 9.99282E-005 9.99282E-005 9.99282E-005 0.0118658 9.99282E-005 9.99282E-005 9.99282E-005 0.903781 0.0725671 9.99282E-005 9.99282E-005
0.00234773 9.99372E-005 9.99372E-005 9.99372E-005 0.00106381 9.99372E-005 9.99372E-005 9.99372E-005 0.936902 9.99372E-005 0.049223 0.00976407
9.99186E-005 9.99186E-005 9.99186E-005 9.99186E-005 0.0414192 9.99186E-005 0.282231 0.67545 9.99186E-005 9.99186E-005 9.99186E-005 9.99186E-005
0.0143435 9.99372E-005 9.99372E-005 0.0212121 0.142877 9.99372E-005 0.731734 9.99372E-005 9.99372E-005 0.0891341 9.99372E-005 9.99372E-005
9.99192E-005 9.99192E-005 9.99192E-005 9.99192E-005 0.885954 9.99192E-005 0.106241 9.99192E-005 9.99192E-005 0.00690609 9.99192E-005 9.99192E-005
9.99461E-005 0.022717 9.99461E-005 9.99461E-005 0.197858 9.99461E-005 0.437332 0.0512422 9.99461E-005 0.273315 0.0169365 9.99461E-005
9.99009E-005 9.99009E-005 9.99009E-005 9.99009E-005 0.998901 9.99009E-005 9.99009E-005 9.99009E-005 9.99009E-005 9.99009E-005 9.99009E-005 9.99009E-005
0.0271814 9.99281E-005 9.99281E-005 9.99281E-005 9.99281E-005 9.99281E-005 0.237555 0.00936216 9.99281E-005 0.725102 9.99281E-005 9.99281E-005
9.99372E-005 9.99372E-005 9.99372E-005 9.99372E-005 0.0488588 9.99372E-005 0.733313 0.0116028 0.040674 0.164852 9.99372E-005 9.99372E-005
9.99372E-005 9.99372E-005 9.99372E-005 0.0389006 0.0364533 9.99372E-005 0.775274 9.99372E-005 9.99372E-005 0.141988 9.99372E-005 0.00668495
9.99009E-005 9.99009E-005 9.99009E-005 9.99009E-005 0.998901 9.99009E-005 9.99009E-005 9.99009E-005 9.99009E-005 9.99009E-005 9.99009E-005 9.99009E-005
9.99282E-005 9.99282E-005 9.99282E-005 9.99282E-005 0.072458 0.0430071 0.822324 9.99282E-005 9.99282E-005 0.0614116 9.99282E-005 9.99282E-005
9.99282E-005 9.99282E-005 9.99282E-005 9.99282E-005 0.0688522 0.00228342 0.900637 9.99282E-005 9.99282E-005 9.99282E-005 9.99282E-005 0.0274283
9.99014E-005 9.99014E-005 9.99014E-005 9.99014E-005 9.99014E-005 9.99014E-005 9.99014E-005 9.99014E-005 9.99014E-005 0.998901 9.99014E-005 9.99014E-005
9.99192E-005 9.99192E-005 9.99192E-005 9.99192E-005 0.00770484 9.99192E-005 9.99192E-005 9.99192E-005 9.99192E-005 0.982424 9.99192E-005 0.00897192
9.99102E-005 0.0203582 9.99102E-005 9.99102E-005 9.99102E-005 9.99102E-005 9.99102E-005 9.99102E-005 9.99102E-005 0.978643 9.99102E-005 9.99102E-005
9.99372E-005 0.0185198 0.0161227 0.000472063 0.0520878 9.99372E-005 0.912098 9.99372E-005 9.99372E-005 9.99372E-005 9.99372E-005 9.99372E-005
0.058392 9.99282E-005 9.99282E-005 9.99282E-005 0.130113 9.99282E-005 0.346643 9.99282E-005 9.99282E-005 0.464052 9.99282E-005 9.99282E-005
9.99552E-005 0.648618 0.0707788 0.160474 0.0139217 0.0144452 9.99552E-005 9.99552E-005 9.99552E-005 9.99552E-005 0.0288583 0.0624051
9.99551E-005 0.807152 0.0249827 0.0184516 9.99551E-005 0.0436701 0.00243859 9.99551E-005 9.99551E-005 9.99551E-005 0.0898707 0.0129344
9.99551E-005 0.599912 0.0860814 9.99551E-005 9.99551E-005 0.103787 0.0267976 9.99551E-005 0.0135811 9.99551E-005 0.157931 0.0114094
9.99103E-005 9.99103E-005 9.99103E-005 9.99103E-005 9.99103E-005 0.9797 0.0193005 9.99103E-005 9.99103E-005 9.99103E-005 9.99103E-005 9.99103E-005
9.99192E-005 9.99192E-005 0.0193594 9.99192E-005 0.0124189 0.967322 9.99192E-005 9.99192E-005 9.99192E-005 9.99192E-005 9.99192E-005 9.99192E-005
0.0634348 0.0329313 9.99193E-005 9.99193E-005 9.99193E-005 0.902735 9.99193E-005 9.99193E-005 9.99193E-005 9.99193E-005 9.99193E-005 9.99193E-005
0.0283561 9.99372E-005 0.0348232 0.0681277 9.99372E-005 0.84255 9.99372E-005 9.99372E-005 0.0254438 9.99372E-005 9.99372E-005 9.99372E-005
9.99103E-005 9.99103E-005 9.99103E-005 9.99103E-005 9.99103E-005 9.99103E-005 9.99103E-005 9.99103E-005 0.990071 9.99103E-005 0.00893012 9.99103E-005
9.99192E-005 9.99192E-005 0.00734824 0.02134 9.99192E-005 9.99192E-005 9.99192E-005 9.99192E-005 0.970412 9.99192E-005 9.99192E-005 9.99192E-005
9.99193E-005 0.00160157 9.99193E-005 0.0739766 9.99193E-005 9.99193E-005 9.99193E-005 9.99193E-005 0.923523 9.99193E-005 9.99193E-005 9.99193E-005
9.99462E-005 0.830378 0.037404 0.0664961 0.0171671 0.00284607 9.99462E-005 9.99462E-005 9.99462E-005 9.99462E-005 0.0451091 9.99462E-005
9.99193E-005 0.929605 9.99193E-005 9.99193E-005 9.99193E-005 9.99193E-005 9.99193E-005 0.0119846 0.0575112 9.99193E-005 9.99193E-005 9.99193E-005
0.00557942 0.712207 0.00262213 0.0463407 9.99731E-005 0.00733736 0.0304851 9.99731E-005 0.0555059 0.0383386 0.101284 9.99731E-005
9.99371E-005 0.893779 9.99371E-005 9.99371E-005 9.99371E-005 9.99371E-005 0.0316896 0.00205514 0.0656439 0.00613252 9.99371E-005 9.99371E-005
