9.98923E-005 9.98923E-005 9.98923E-005 9.98923E-005 9.98923E-005 9.98923E-005 9.98923E-005 9.98923E-005 9.98923E-005 9.98923E-005 0.112476 0.0278092 0.858516 9.98923E-005 9.98923E-005
9.98833E-005 9.98833E-005 9.98833E-005 9.98833E-005 9.98833E-005 0.0110008 9.98833E-005 9.98833E-005 9.98833E-005 9.98833E-005 9.98833E-005 9.98833E-005 0.987701 9.98833E-005 9.98833E-005
9.99012E-005 9.99012E-005 0.135264 9.99012E-005 9.99012E-005 0.0251583 9.99012E-005 9.99012E-005 9.99012E-005 9.99012E-005 9.99012E-005 0.0122983 0.82618 9.99012E-005 9.99012E-005
0.00363066 0.174977 0.111598 9.99193E-005 9.99193E-005 9.99193E-005 9.99193E-005 9.99193E-005 9.99193E-005 9.99193E-005 9.99193E-005 9.99193E-005 0.602266 0.0271344 0.0794945
0.0451 9.99192E-005 0.139986 9.99192E-005 9.99192E-005 0.00583088 9.99192E-005 9.99192E-005 9.99192E-005 9.99192E-005 0.0410079 9.99192E-005 0.750996 0.0161805 9.99192E-005
9.98742E-005 9.98742E-005 9.98742E-005 9.98742E-005 9.98742E-005 9.98742E-005 9.98742E-005 9.98742E-005 9.98742E-005 9.98742E-005 9.98742E-005 9.98742E-005 0.998602 9.98742E-005 9.98742E-005
9.98922E-005 9.98922E-005 9.98922E-005 9.98922E-005 9.98922E-005 0.00467818 9.98922E-005 9.98922E-005 9.98922E-005 9.98922E-005 0.00440313 9.98922E-005 0.98972 9.98922E-005 9.98922E-005
9.99282E-005 0.000143299 9.99282E-005 9.99282E-005 9.99282E-005 9.99282E-005 0.012469 0.00539705 9.99282E-005 9.99282E-005 9.99282E-005 0.00603792 0.545633 0.376433 0.0530864
9.99191E-005 0.0426343 9.99191E-005 0.0646582 9.99191E-005 9.99191E-005 9.99191E-005 9.99191E-005 0.0452727 0.0381605 9.99191E-005 9.99191E-005 0.79293 9.99191E-005 0.0154453
9.99012E-005 9.99012E-005 9.99012E-005 0.142131 9.99012E-005 9.99012E-005 9.99012E-005 9.99012E-005 0.0270895 0.0551526 9.99012E-005 9.99012E-005 0.774528 9.99012E-005 9.99012E-005
9.98923E-005 9.98923E-005 9.98923E-005 9.98923E-005 0.0404518 9.98923E-005 9.98923E-005 9.98923E-005 0.0779286 9.98923E-005 9.98923E-005 9.98923E-005 0.880421 9.98923E-005 9.98923E-005
9.98922E-005 9.98922E-005 0.113257 9.98922E-005 9.98922E-005 9.98922E-005 9.98922E-005 9.98922E-005 9.98922E-005 9.98922E-005 9.98922E-005 9.98922E-005 0.101841 0.783703 9.98922E-005
9.99103E-005 0.054356 0.329633 9.99103E-005 9.99103E-005 9.99103E-005 9.99103E-005 9.99103E-005 9.99103E-005 9.99103E-005 0.0393031 9.99103E-005 0.514915 9.99103E-005 0.0607944
9.99013E-005 9.99013E-005 9.99013E-005 9.99013E-005 0.025046 9.99013E-005 9.99013E-005 9.99013E-005 9.99013E-005 9.99013E-005 9.99013E-005 0.0408097 0.268192 0.664854 9.99013E-005
0.104323 0.258904 9.99462E-005 9.99462E-005 9.99462E-005 9.99462E-005 9.99462E-005 0.041199 0.0463104 0.00122854 9.99462E-005 0.0007104 0.328167 0.00580249 0.212756
9.99012E-005 9.99012E-005 0.621438 9.99012E-005 9.99012E-005 9.99012E-005 9.99012E-005 9.99012E-005 9.99012E-005 9.99012E-005 9.99012E-005 9.99012E-005 0.230562 0.106613 0.0402885
9.98922E-005 9.98922E-005 9.98922E-005 9.98922E-005 9.98922E-005 9.98922E-005 9.98922E-005 9.98922E-005 9.98922E-005 9.98922E-005 9.98922E-005 0.018823 0.150511 0.829467 9.98922E-005
9.99011E-005 9.99011E-005 0.694168 9.99011E-005 9.99011E-005 9.99011E-005 0.0101969 9.99011E-005 9.99011E-005 9.99011E-005 0.0343789 9.99011E-005 0.260158 9.99011E-005 9.99011E-005
9.99102E-005 9.99102E-005 0.147257 9.99102E-005 0.0198185 0.462709 9.99102E-005 9.99102E-005 9.99102E-005 9.99102E-005 0.352262 9.99102E-005 0.0169541 9.99102E-005 9.99102E-005
9.98832E-005 9.98832E-005 9.98832E-005 0.993438 9.98832E-005 9.98832E-005 9.98832E-005 9.98832E-005 9.98832E-005 9.98832E-005 9.98832E-005 9.98832E-005 9.98832E-005 0.00526333 9.98832E-005
9.98743E-005 9.98743E-005 9.98743E-005 9.98743E-005 9.98743E-005 9.98743E-005 9.98743E-005 9.98743E-005 9.98743E-005 9.98743E-005 0.998602 9.98743E-005 9.98743E-005 9.98743E-005 9.98743E-005
9.98833E-005 9.98833E-005 9.98833E-005 9.98833E-005 9.98833E-005 0.110493 9.98833E-005 9.98833E-005 9.98833E-005 9.98833E-005 0.888209 9.98833E-005 9.98833E-005 9.98833E-005 9.98833E-005
9.98922E-005 9.98922E-005 9.98922E-005 0.931118 9.98922E-005 9.98922E-005 9.98922E-005 9.98922E-005 0.0377376 9.98922E-005 0.0299458 9.98922E-005 9.98922E-005 9.98922E-005 9.98922E-005
9.9874E-005 9.9874E-005 9.9874E-005 9.9874E-005 9.9874E-005 0.998602 9.9874E-005 9.9874E-005 9.9874E-005 9.9874E-005 9.9874E-005 9.9874E-005 9.9874E-005 9.9874E-005 9.9874E-005
9.98832E-005 9.98832E-005 9.98832E-005 9.98832E-005 9.98832E-005 0.966339 9.98832E-005 9.98832E-005 9.98832E-005 9.98832E-005 0.0323623 9.98832E-005 9.98832E-005 9.98832E-005 9.98832E-005
9.98742E-005 9.98742E-005 9.98742E-005 9.98742E-005 9.98742E-005 0.998602 9.98742E-005 9.98742E-005 9.98742E-005 9.98742E-005 9.98742E-005 9.98742E-005 9.98742E-005 9.98742E-005 9.98742E-005
9.99192E-005 0.420907 9.99192E-005 0.01306 9.99192E-005 0.0534533 9.99192E-005 9.99192E-005 9.99192E-005 0.0156097 0.0425331 9.99192E-005 9.99192E-005 0.453538 9.99192E-005
9.99012E-005 9.99012E-005 9.99012E-005 0.0598609 9.99012E-005 0.695788 9.99012E-005 9.99012E-005 9.99012E-005 9.99012E-005 0.231614 9.99012E-005 0.0116382 9.99012E-005 9.99012E-005
9.99102E-005 0.11198 0.0652285 0.448074 9.99102E-005 9.99102E-005 9.99102E-005 9.99102E-005 9.99102E-005 9.99102E-005 0.373581 0.000137962 9.99102E-005 9.99102E-005 9.99102E-005
9.98742E-005 9.98742E-005 9.98742E-005 9.98742E-005 9.98742E-005 0.998602 9.98742E-005 9.98742E-005 9.98742E-005 9.98742E-005 9.98742E-005 9.98742E-005 9.98742E-005 9.98742E-005 9.98742E-005
9.99011E-005 0.23767 9.99011E-005 9.99011E-005 9.99011E-005 0.118268 9.99011E-005 9.99011E-005 9.99011E-005 9.99011E-005 0.196345 9.99011E-005 9.99011E-005 0.446618 9.99011E-005
9.98833E-005 9.98833E-005 9.98833E-005 9.98833E-005 9.98833E-005 0.984421 9.98833E-005 9.98833E-005 0.0142806 9.98833E-005 9.98833E-005 9.98833E-005 9.98833E-005 9.98833E-005 9.98833E-005
9.99011E-005 0.874783 9.99011E-005 0.0513533 9.99011E-005 0.0532448 9.99011E-005 9.99011E-005 9.99011E-005 9.99011E-005 9.99011E-005 0.0195203 9.99011E-005 9.99011E-005 9.99011E-005
9.98832E-005 9.98832E-005 9.98832E-005 0.837168 9.98832E-005 0.161534 9.98832E-005 9.98832E-005 9.98832E-005 9.98832E-005 9.98832E-005 9.98832E-005 9.98832E-005 9.98832E-005 9.98832E-005
9.98831E-005 0.931427 9.98831E-005 9.98831E-005 9.98831E-005 0.067275 9.98831E-005 9.98831E-005 9.98831E-005 9.98831E-005 9.98831E-005 9.98831E-005 9.98831E-005 9.98831E-005 9.98831E-005
9.98831E-005 9.98831E-005 9.98831E-005 9.98831E-005 9.98831E-005 0.0148567 9.98831E-005 9.98831E-005 9.98831E-005 9.98831E-005 0.983845 9.98831E-005 9.98831E-005 9.98831E-005 9.98831E-005
9.99017E-005 0.567215 9.99017E-005 9.99017E-005 0.0203481 0.0877694 9.99017E-005 9.99017E-005 9.99017E-005 9.99017E-005 9.99017E-005 9.99017E-005 9.99017E-005 0.323569 9.99017E-005
0.217988 9.98832E-005 0.780714 9.98832E-005 9.98832E-005 9.98832E-005 9.98832E-005 9.98832E-005 9.98832E-005 9.98832E-005 9.98832E-005 9.98832E-005 9.98832E-005 9.98832E-005 9.98832E-005
0.703956 9.98832E-005 0.294745 9.98832E-005 9.98832E-005 9.98832E-005 9.98832E-005 9.98832E-005 9.98832E-005 9.98832E-005 9.98832E-005 9.98832E-005 9.98832E-005 9.98832E-005 9.98832E-005
0.420347 9.99013E-005 0.557557 9.99013E-005 9.99013E-005 0.00704727 9.99013E-005 9.99013E-005 9.99013E-005 0.0139493 9.99013E-005 9.99013E-005 9.99013E-005 9.99013E-005 9.99013E-005
0.518513 9.98922E-005 0.448017 9.98922E-005 9.98922E-005 9.98922E-005 9.98922E-005 9.98922E-005 9.98922E-005 9.98922E-005 9.98922E-005 9.98922E-005 9.98922E-005 0.0322706 9.98922E-005
0.566193 9.99282E-005 0.261099 9.99282E-005 9.99282E-005 0.0162179 0.00489062 0.00118558 9.99282E-005 9.99282E-005 9.99282E-005 0.109174 9.99282E-005 0.0404407 9.99282E-005
0.644424 9.98921E-005 0.307223 9.98921E-005 9.98921E-005 9.98921E-005 9.98921E-005 9.98921E-005 9.98921E-005 9.98921E-005 9.98921E-005 9.98921E-005 9.98921E-005 0.0471539 9.98921E-005
0.414291 9.98831E-005 0.58441 9.98831E-005 9.98831E-005 9.98831E-005 9.98831E-005 9.98831E-005 9.98831E-005 9.98831E-005 9.98831E-005 9.98831E-005 9.98831E-005 9.98831E-005 9.98831E-005
0.679733 9.99192E-005 9.99192E-005 0.00159954 9.99192E-005 0.00541937 9.99192E-005 9.99192E-005 9.99192E-005 9.99192E-005 9.99192E-005 0.102828 9.99192E-005 0.186181 0.0233391
0.819832 9.99102E-005 0.117009 9.99102E-005 9.99102E-005 0.0132373 9.99102E-005 9.99102E-005 9.99102E-005 9.99102E-005 9.99102E-005 0.0265138 9.99102E-005 0.022408 9.99102E-005
0.00779522 9.99192E-005 9.99192E-005 9.99192E-005 9.99192E-005 0.0112743 9.99192E-005 9.99192E-005 9.99192E-005 0.0800513 9.99192E-005 0.0246204 9.99192E-005 0.292952 0.582408
9.98702E-005 9.98702E-005 9.98702E-005 9.98702E-005 9.98702E-005 9.98702E-005 0.998602 9.98702E-005 9.98702E-005 9.98702E-005 9.98702E-005 9.98702E-005 9.98702E-005 9.98702E-005 9.98702E-005
9.98922E-005 9.98922E-005 0.0261716 9.98922E-005 9.98922E-005 9.98922E-005 0.00426109 9.98922E-005 0.968369 9.98922E-005 9.98922E-005 9.98922E-005 9.98922E-005 9.98922E-005 9.98922E-005
9.98924E-005 9.98924E-005 0.0648883 9.98924E-005 9.98924E-005 9.98924E-005 9.98924E-005 9.98924E-005 9.98924E-005 9.98924E-005 9.98924E-005 0.0646012 9.98924E-005 9.98924E-005 0.869312
9.9883E-005 9.9883E-005 9.9883E-005 9.9883E-005 9.9883E-005 9.9883E-005 9.9883E-005 9.9883E-005 0.733175 9.9883E-005 9.9883E-005 9.9883E-005 9.9883E-005 9.9883E-005 0.265526
0.0392938 9.98923E-005 9.98923E-005 9.98923E-005 9.98923E-005 0.0393184 9.98923E-005 9.98923E-005 9.98923E-005 9.98923E-005 9.98923E-005 9.98923E-005 9.98923E-005 9.98923E-005 0.920189
0.0396537 9.99282E-005 9.99282E-005 0.0730101 0.00220518 9.99282E-005 9.99282E-005 0.0223262 9.99282E-005 0.00456727 0.0620539 9.99282E-005 9.99282E-005 9.99282E-005 0.795384
0.044333 9.99371E-005 0.102731 9.99371E-005 0.0198343 0.0313571 0.00585508 9.99371E-005 9.99371E-005 9.99371E-005 0.087521 9.99371E-005 0.0244851 9.99371E-005 0.683184
9.99014E-005 9.99014E-005 9.99014E-005 9.99014E-005 9.99014E-005 9.99014E-005 9.99014E-005 9.99014E-005 9.99014E-005 0.0255952 0.0441307 9.99014E-005 0.062476 9.99014E-005 0.866699
0.00978841 9.99103E-005 9.99103E-005 9.99103E-005 9.99103E-005 9.99103E-005 0.000547253 9.99103E-005 9.99103E-005 9.99103E-005 9.99103E-005 0.0169381 0.0514836 9.99103E-005 0.920244
9.99281E-005 0.0347301 0.0218178 9.99281E-005 0.0267431 0.0600075 9.99281E-005 0.0552638 9.99281E-005 9.99281E-005 9.99281E-005 0.0603659 9.99281E-005 9.99281E-005 0.740272
9.98923E-005 9.98923E-005 9.98923E-005 0.0348575 9.98923E-005 9.98923E-005 9.98923E-005 9.98923E-005 9.98923E-005 9.98923E-005 9.98923E-005 9.98923E-005 0.103856 9.98923E-005 0.860088
9.99012E-005 9.99012E-005 9.99012E-005 9.99012E-005 0.034158 0.00660296 9.99012E-005 9.99012E-005 9.99012E-005 9.99012E-005 9.99012E-005 0.00791008 9.99012E-005 9.99012E-005 0.95023
9.98923E-005 9.98923E-005 9.98923E-005 0.0279942 9.98923E-005 9.98923E-005 9.98923E-005 9.98923E-005 9.98923E-005 9.98923E-005 0.0553669 9.98923E-005 9.98923E-005 9.98923E-005 0.91544
9.99012E-005 0.328626 9.99012E-005 9.99012E-005 9.99012E-005 9.99012E-005 9.99012E-005 0.203788 9.99012E-005 0.073477 9.99012E-005 9.99012E-005 9.99012E-005 9.99012E-005 0.393011
9.99012E-005 0.34764 9.99012E-005 9.99012E-005 9.99012E-005 9.99012E-005 9.99012E-005 0.199796 9.99012E-005 0.0010354 9.99012E-005 9.99012E-005 9.99012E-005 9.99012E-005 0.450429
0.0304265 0.182643 9.99193E-005 9.99193E-005 9.99193E-005 9.99193E-005 0.00181697 0.213763 9.99193E-005 0.0106201 9.99193E-005 9.99193E-005 9.99193E-005 9.99193E-005 0.559831
9.99192E-005 0.129893 9.99192E-005 9.99192E-005 0.0218591 9.99192E-005 9.99192E-005 0.545893 0.037189 0.171148 9.99192E-005 9.99192E-005 9.99192E-005 9.99192E-005 0.0931188
9.99371E-005 0.0445278 9.99371E-005 9.99371E-005 0.0305141 0.0372098 9.99371E-005 0.465605 9.99371E-005 0.321862 9.99371E-005 0.0298269 9.99371E-005 0.0233862 0.0463689
0.0101295 9.98924E-005 9.98924E-005 9.98924E-005 9.98924E-005 9.98924E-005 0.000873955 0.987798 9.98924E-005 9.98924E-005 9.98924E-005 9.98924E-005 9.98924E-005 9.98924E-005 9.98924E-005
9.98741E-005 9.98741E-005 9.98741E-005 9.98741E-005 9.98741E-005 9.98741E-005 9.98741E-005 0.998602 9.98741E-005 9.98741E-005 9.98741E-005 9.98741E-005 9.98741E-005 9.98741E-005 9.98741E-005
9.99192E-005 9.99192E-005 9.99192E-005 9.99192E-005 0.0611041 9.99192E-005 9.99192E-005 0.538126 9.99192E-005 0.133325 0.0993369 9.99192E-005 9.99192E-005 0.0981857 0.0690231
9.99192E-005 9.99192E-005 9.99192E-005 0.0516988 0.05992 9.99192E-005 9.99192E-005 0.51378 9.99192E-005 0.201821 0.0111665 9.99192E-005 9.99192E-005 9.99192E-005 0.160714
9.98922E-005 9.98922E-005 0.0618976 0.00140993 9.98922E-005 9.98922E-005 9.98922E-005 0.935494 9.98922E-005 9.98922E-005 9.98922E-005 9.98922E-005 9.98922E-005 9.98922E-005 9.98922E-005
9.98743E-005 9.98743E-005 9.98743E-005 9.98743E-005 9.98743E-005 9.98743E-005 9.98743E-005 0.998602 9.98743E-005 9.98743E-005 9.98743E-005 9.98743E-005 9.98743E-005 9.98743E-005 9.98743E-005
9.99192E-005 0.0050044 9.99192E-005 0.219183 0.023207 9.99192E-005 9.99192E-005 0.511204 9.99192E-005 0.141144 9.99192E-005 9.99192E-005 9.99192E-005 9.99192E-005 0.0993588
0.000589733 9.98923E-005 0.0155286 9.98923E-005 9.98923E-005 9.98923E-005 9.98923E-005 0.982683 9.98923E-005 9.98923E-005 9.98923E-005 9.98923E-005 9.98923E-005 9.98923E-005 9.98923E-005
9.98831E-005 9.98831E-005 9.98831E-005 9.98831E-005 9.98831E-005 9.98831E-005 0.00957653 0.989125 9.98831E-005 9.98831E-005 9.98831E-005 9.98831E-005 9.98831E-005 9.98831E-005 9.98831E-005
9.98834E-005 9.98834E-005 9.98834E-005 9.98834E-005 9.98834E-005 9.98834E-005 9.98834E-005 0.996925 9.98834E-005 9.98834E-005 9.98834E-005 0.00177698 9.98834E-005 9.98834E-005 9.98834E-005
9.98923E-005 9.98923E-005 9.98923E-005 0.0040452 0.00817154 9.98923E-005 9.98923E-005 0.986585 9.98923E-005 9.98923E-005 9.98923E-005 9.98923E-005 9.98923E-005 9.98923E-005 9.98923E-005
9.98832E-005 9.98832E-005 9.98832E-005 9.98832E-005 9.98832E-005 0.0379116 9.98832E-005 0.96079 9.98832E-005 9.98832E-005 9.98832E-005 9.98832E-005 9.98832E-005 9.98832E-005 9.98832E-005
9.98742E-005 0.998602 9.98742E-005 9.98742E-005 9.98742E-005 9.98742E-005 9.98742E-005 9.98742E-005 9.98742E-005 9.98742E-005 9.98742E-005 9.98742E-005 9.98742E-005 9.98742E-005 9.98742E-005
0.658713 0.0659942 0.243973 9.99101E-005 9.99101E-005 0.00400773 9.99101E-005 9.99101E-005 9.99101E-005 9.99101E-005 9.99101E-005 0.0263121 9.99101E-005 9.99101E-005 9.99101E-005
0.811573 9.99012E-005 9.99012E-005 9.99012E-005 9.99012E-005 0.0224221 9.99012E-005 9.99012E-005 9.99012E-005 9.99012E-005 9.99012E-005 0.0304818 9.99012E-005 0.134425 9.99012E-005
9.99013E-005 9.99013E-005 9.99013E-005 9.99013E-005 0.000266906 0.00314975 9.99013E-005 0.0342829 9.99013E-005 0.961201 9.99013E-005 9.99013E-005 9.99013E-005 9.99013E-005 9.99013E-005
9.99103E-005 9.99103E-005 9.99103E-005 9.99103E-005 0.0151352 9.99103E-005 9.99103E-005 0.0424989 0.00751037 0.908427 9.99103E-005 9.99103E-005 9.99103E-005 0.0254298 9.99103E-005
9.99014E-005 9.99014E-005 9.99014E-005 9.99014E-005 0.0641464 9.99014E-005 9.99014E-005 0.0299234 0.00153518 0.903296 9.99014E-005 9.99014E-005 9.99014E-005 9.99014E-005 9.99014E-005
9.99012E-005 9.99012E-005 0.0274431 9.99012E-005 0.127799 9.99012E-005 9.99012E-005 9.99012E-005 9.99012E-005 0.825384 9.99012E-005 0.0182745 9.99012E-005 9.99012E-005 9.99012E-005
9.99014E-005 0.0384612 9.99014E-005 9.99014E-005 0.137002 9.99014E-005 9.99014E-005 9.99014E-005 9.99014E-005 0.768918 9.99014E-005 9.99014E-005 9.99014E-005 9.99014E-005 0.05452
9.99192E-005 9.99192E-005 9.99192E-005 0.0131452 0.061862 0.00768756 9.99192E-005 9.99192E-005 9.99192E-005 0.878656 0.0176264 9.99192E-005 9.99192E-005 0.0201234 9.99192E-005
9.99193E-005 0.030294 0.0236558 9.99193E-005 0.150602 0.0290306 9.99193E-005 0.00213976 9.99193E-005 0.763379 9.99193E-005 9.99193E-005 9.99193E-005 9.99193E-005 9.99193E-005
0.0112798 9.99193E-005 9.99193E-005 9.99193E-005 0.204091 9.99193E-005 9.99193E-005 9.99193E-005 9.99193E-005 0.71918 0.00858267 9.99193E-005 9.99193E-005 0.0416567 0.0143107
9.99013E-005 9.99013E-005 9.99013E-005 0.104584 0.0443224 9.99013E-005 0.0046068 9.99013E-005 9.99013E-005 0.845388 9.99013E-005 9.99013E-005 9.99013E-005 9.99013E-005 9.99013E-005
9.99012E-005 9.99012E-005 0.0812252 9.99012E-005 0.0647526 9.99012E-005 0.000874244 9.99012E-005 9.99012E-005 0.852049 9.99012E-005 9.99012E-005 9.99012E-005 9.99012E-005 9.99012E-005
9.99014E-005 0.0323206 9.99014E-005 9.99014E-005 0.0757386 9.99014E-005 9.99014E-005 9.99014E-005 9.99014E-005 0.883253 9.99014E-005 0.00758916 9.99014E-005 9.99014E-005 9.99014E-005
9.99103E-005 9.99103E-005 9.99103E-005 9.99103E-005 0.0697556 9.99103E-005 0.00130442 9.99103E-005 0.0277482 0.816336 9.99103E-005 9.99103E-005 9.99103E-005 0.0838566 9.99103E-005
0.00476272 9.99192E-005 9.99192E-005 9.99192E-005 0.0367056 9.99192E-005 9.99192E-005 9.99192E-005 9.99192E-005 0.92872 0.0137333 9.99192E-005 0.0120492 9.99192E-005 0.0031301
9.99012E-005 9.99012E-005 0.0277289 9.99012E-005 0.12734 9.99012E-005 9.99012E-005 0.0105974 9.99012E-005 0.833235 9.99012E-005 9.99012E-005 9.99012E-005 9.99012E-005 9.99012E-005
9.99102E-005 9.99102E-005 9.99102E-005 0.0277095 0.11191 9.99102E-005 9.99102E-005 9.99102E-005 0.0058226 0.835895 9.99102E-005 9.99102E-005 0.017664 9.99102E-005 9.99102E-005
9.99192E-005 9.99192E-005 9.99192E-005 0.000297204 0.135829 9.99192E-005 9.99192E-005 9.99192E-005 0.0484725 0.724489 0.0423474 0.0476653 9.99192E-005 9.99192E-005 9.99192E-005
9.99013E-005 9.99013E-005 9.99013E-005 9.99013E-005 0.0187134 9.99013E-005 9.99013E-005 0.0491806 0.0155958 0.915411 9.99013E-005 9.99013E-005 9.99013E-005 9.99013E-005 9.99013E-005
0.0139688 9.99103E-005 9.99103E-005 0.0434631 0.100802 9.99103E-005 9.99103E-005 9.99103E-005 9.99103E-005 0.835401 9.99103E-005 0.00536548 9.99103E-005 9.99103E-005 9.99103E-005
9.99014E-005 9.99014E-005 9.99014E-005 9.99014E-005 0.09963 9.99014E-005 9.99014E-005 9.99014E-005 0.00581833 0.870552 9.99014E-005 9.99014E-005 9.99014E-005 9.99014E-005 0.022901
9.99192E-005 0.113878 9.99192E-005 9.99192E-005 0.182346 9.99192E-005 0.00159202 0.0274465 0.00840263 0.665435 9.99192E-005 9.99192E-005 9.99192E-005 9.99192E-005 9.99192E-005
9.98923E-005 9.98923E-005 9.98923E-005 9.98923E-005 0.146427 9.98923E-005 9.98923E-005 9.98923E-005 9.98923E-005 0.795812 9.98923E-005 9.98923E-005 9.98923E-005 0.0565624 9.98923E-005
9.99103E-005 9.99103E-005 0.072554 9.99103E-005 9.99103E-005 9.99103E-005 9.99103E-005 0.00606232 0.00797436 0.897292 9.99103E-005 9.99103E-005 9.99103E-005 0.0151184 9.99103E-005
9.99012E-005 9.99012E-005 9.99012E-005 9.99012E-005 0.17646 9.99012E-005 9.99012E-005 9.99012E-005 0.0278351 0.758523 9.99012E-005 9.99012E-005 0.0360835 9.99012E-005 9.99012E-005
9.99282E-005 0.0301968 9.99282E-005 9.99282E-005 0.0913181 0.0106512 0.00336774 9.99282E-005 0.0096812 0.763144 9.99282E-005 9.99282E-005 9.99282E-005 9.99282E-005 0.0908412
9.99013E-005 9.99013E-005 9.99013E-005 9.99013E-005 0.100122 9.99013E-005 9.99013E-005 0.00920617 9.99013E-005 0.866025 9.99013E-005 0.0235472 9.99013E-005 9.99013E-005 9.99013E-005
9.99281E-005 9.99281E-005 9.99281E-005 9.99281E-005 0.0909382 0.00537588 0.00662996 9.99281E-005 0.0150208 0.80502 9.99281E-005 9.99281E-005 0.00330231 0.072913 9.99281E-005
9.99102E-005 0.132581 9.99102E-005 9.99102E-005 9.99102E-005 9.99102E-005 9.99102E-005 0.540681 9.99102E-005 0.2405 9.99102E-005 0.00450286 9.99102E-005 9.99102E-005 0.0807361
9.99281E-005 0.276132 9.99281E-005 0.00285082 9.99281E-005 9.99281E-005 9.99281E-005 0.293871 0.045868 0.127354 0.0952323 9.99281E-005 9.99281E-005 9.99281E-005 0.157892
9.99103E-005 0.166704 9.99103E-005 9.99103E-005 9.99103E-005 9.99103E-005 9.99103E-005 0.355237 9.99103E-005 0.346503 9.99103E-005 9.99103E-005 9.99103E-005 0.000569321 0.129988
9.9883E-005 9.9883E-005 0.893095 9.9883E-005 9.9883E-005 9.9883E-005 9.9883E-005 9.9883E-005 9.9883E-005 9.9883E-005 9.9883E-005 0.105607 9.9883E-005 9.9883E-005 9.9883E-005
9.98738E-005 9.98738E-005 9.98738E-005 9.98738E-005 9.98738E-005 9.98738E-005 9.98738E-005 9.98738E-005 9.98738E-005 9.98738E-005 9.98738E-005 0.998602 9.98738E-005 9.98738E-005 9.98738E-005
9.98833E-005 9.98833E-005 9.98833E-005 9.98833E-005 9.98833E-005 9.98833E-005 9.98833E-005 9.98833E-005 9.98833E-005 9.98833E-005 0.0065099 0.992192 9.98833E-005 9.98833E-005 9.98833E-005
9.98922E-005 9.98922E-005 0.0118063 0.0873369 9.98922E-005 9.98922E-005 9.98922E-005 9.98922E-005 9.98922E-005 9.98922E-005 9.98922E-005 0.899658 9.98922E-005 9.98922E-005 9.98922E-005
0.0766855 9.98801E-005 0.142458 9.98801E-005 9.98801E-005 9.98801E-005 9.98801E-005 9.98801E-005 9.98801E-005 9.98801E-005 9.98801E-005 0.779658 9.98801E-005 9.98801E-005 9.98801E-005
9.98833E-005 9.98833E-005 0.11656 9.98833E-005 9.98833E-005 9.98833E-005 9.98833E-005 9.98833E-005 9.98833E-005 9.98833E-005 9.98833E-005 0.882141 9.98833E-005 9.98833E-005 9.98833E-005
9.99012E-005 9.99012E-005 0.93622 9.99012E-005 9.99012E-005 0.0233151 9.99012E-005 9.99012E-005 9.99012E-005 9.99012E-005 9.99012E-005 0.0301965 9.99012E-005 0.0091691 9.99012E-005
0.934305 9.98922E-005 9.98922E-005 9.98922E-005 9.98922E-005 9.98922E-005 0.00879855 9.98922E-005 9.98922E-005 9.98922E-005 0.0556977 9.98922E-005 9.98922E-005 9.98922E-005 9.98922E-005
0.998602 9.98743E-005 9.98743E-005 9.98743E-005 9.98743E-005 9.98743E-005 9.98743E-005 9.98743E-005 9.98743E-005 9.98743E-005 9.98743E-005 9.98743E-005 9.98743E-005 9.98743E-005 9.98743E-005
0.72748 0.0474788 0.118866 9.99282E-005 9.99282E-005 0.0459913 9.99282E-005 0.0233106 9.99282E-005 9.99282E-005 0.0309133 9.99282E-005 0.00516054 9.99282E-005 9.99282E-005
0.00185442 0.477102 0.0979173 9.99192E-005 0.115605 9.99192E-005 9.99192E-005 9.99192E-005 9.99192E-005 0.266114 9.99192E-005 0.0405083 9.99192E-005 9.99192E-005 9.99192E-005
9.99461E-005 0.114335 0.24958 0.0726177 0.00652757 0.0511061 0.00174526 9.99461E-005 0.077161 9.99461E-005 9.99461E-005 9.99461E-005 0.294126 9.99461E-005 0.132202
9.9892E-005 9.9892E-005 9.9892E-005 9.9892E-005 9.9892E-005 0.0226632 9.9892E-005 9.9892E-005 0.891485 9.9892E-005 9.9892E-005 9.9892E-005 0.0846532 9.9892E-005 9.9892E-005
9.99102E-005 0.162144 9.99102E-005 9.99102E-005 9.99102E-005 0.000691366 9.99102E-005 0.14684 9.99102E-005 0.112856 9.99102E-005 9.99102E-005 9.99102E-005 9.99102E-005 0.57647
9.99102E-005 0.163091 9.99102E-005 9.99102E-005 0.00585688 9.99102E-005 9.99102E-005 0.211708 9.99102E-005 9.99102E-005 9.99102E-005 9.99102E-005 0.0421252 9.99102E-005 0.57622
9.98918E-005 9.98918E-005 9.98918E-005 9.98918E-005 0.0224353 9.98918E-005 9.98918E-005 9.98918E-005 0.898688 0.0776781 9.98918E-005 9.98918E-005 9.98918E-005 9.98918E-005 9.98918E-005
9.99103E-005 9.99103E-005 0.0259571 9.99103E-005 0.152615 9.99103E-005 9.99103E-005 0.011587 9.99103E-005 0.785018 0.0238234 9.99103E-005 9.99103E-005 9.99103E-005 9.99103E-005
9.98923E-005 9.98923E-005 9.98923E-005 0.0065639 0.899909 9.98923E-005 9.98923E-005 9.98923E-005 9.98923E-005 0.0923288 9.98923E-005 9.98923E-005 9.98923E-005 9.98923E-005 9.98923E-005
9.99282E-005 0.0676077 0.021418 9.99282E-005 0.184118 9.99282E-005 0.00990829 9.99282E-005 0.0438196 0.668262 9.99282E-005 9.99282E-005 9.99282E-005 0.00406737 9.99282E-005
9.98739E-005 9.98739E-005 9.98739E-005 9.98739E-005 0.998602 9.98739E-005 9.98739E-005 9.98739E-005 9.98739E-005 9.98739E-005 9.98739E-005 9.98739E-005 9.98739E-005 9.98739E-005 9.98739E-005
9.99011E-005 9.99011E-005 0.0739078 9.99011E-005 0.0389764 9.99011E-005 0.00891318 9.99011E-005 9.99011E-005 0.877104 9.99011E-005 9.99011E-005 9.99011E-005 9.99011E-005 9.99011E-005
9.99013E-005 9.99013E-005 9.99013E-005 9.99013E-005 0.0780613 9.99013E-005 9.99013E-005 0.0135644 9.99013E-005 0.855796 9.99013E-005 9.99013E-005 9.99013E-005 9.99013E-005 0.0514798
9.99193E-005 0.0186135 0.027795 9.99193E-005 0.0641598 9.99193E-005 9.99193E-005 0.0152553 9.99193E-005 0.870792 9.99193E-005 0.00248489 9.99193E-005 9.99193E-005 9.99193E-005
9.98739E-005 9.98739E-005 9.98739E-005 9.98739E-005 0.998602 9.98739E-005 9.98739E-005 9.98739E-005 9.98739E-005 9.98739E-005 9.98739E-005 9.98739E-005 9.98739E-005 9.98739E-005 9.98739E-005
0.0307015 9.99282E-005 0.0156536 0.0275788 0.0910609 9.99282E-005 9.99282E-005 0.00198684 0.0117773 0.820442 9.99282E-005 9.99282E-005 9.99282E-005 9.99282E-005 9.99282E-005
0.01003 9.99103E-005 9.99103E-005 9.99103E-005 0.0698871 0.00107293 9.99103E-005 0.0470033 9.99103E-005 0.871008 9.99103E-005 9.99103E-005 9.99103E-005 9.99103E-005 9.99103E-005
9.98924E-005 0.0719805 9.98924E-005 9.98924E-005 0.111236 9.98924E-005 9.98924E-005 9.98924E-005 9.98924E-005 0.815584 9.98924E-005 9.98924E-005 9.98924E-005 9.98924E-005 9.98924E-005
0.011573 0.0761216 9.99013E-005 9.99013E-005 0.121578 9.99013E-005 9.99013E-005 9.99013E-005 9.99013E-005 0.789628 9.99013E-005 9.99013E-005 9.99013E-005 9.99013E-005 9.99013E-005
9.99012E-005 0.0632031 9.99012E-005 9.99012E-005 0.132122 9.99012E-005 9.99012E-005 9.99012E-005 9.99012E-005 0.733897 9.99012E-005 9.99012E-005 9.99012E-005 0.0696781 9.99012E-005
9.99192E-005 9.99192E-005 0.055913 9.99192E-005 0.0619729 0.00982314 9.99192E-005 9.99192E-005 0.00349514 0.862983 0.00491305 9.99192E-005 9.99192E-005 9.99192E-005 9.99192E-005
9.99013E-005 9.99013E-005 9.99013E-005 0.0805999 0.233903 9.99013E-005 9.99013E-005 9.99013E-005 0.0335239 0.650874 9.99013E-005 9.99013E-005 9.99013E-005 9.99013E-005 9.99013E-005
0.00588867 9.99192E-005 0.059544 0.814126 9.99192E-005 9.99192E-005 9.99192E-005 0.0263531 9.99192E-005 9.99192E-005 0.0100536 0.0831355 9.99192E-005 9.99192E-005 9.99192E-005
9.9883E-005 9.9883E-005 9.9883E-005 0.100868 9.9883E-005 9.9883E-005 9.9883E-005 9.9883E-005 9.9883E-005 9.9883E-005 9.9883E-005 9.9883E-005 9.9883E-005 0.897833 9.9883E-005
9.98921E-005 9.98921E-005 9.98921E-005 9.98921E-005 9.98921E-005 0.0366566 9.98921E-005 9.98921E-005 9.98921E-005 9.98921E-005 0.0386183 9.98921E-005 9.98921E-005 0.923526 9.98921E-005
0.939583 0.0583313 9.98923E-005 9.98923E-005 9.98923E-005 9.98923E-005 9.98923E-005 9.98923E-005 9.98923E-005 9.98923E-005 0.00088739 9.98923E-005 9.98923E-005 9.98923E-005 9.98923E-005
0.957863 9.98923E-005 9.98923E-005 9.98923E-005 9.98923E-005 0.0268573 9.98923E-005 9.98923E-005 9.98923E-005 9.98923E-005 9.98923E-005 9.98923E-005 0.0140813 9.98923E-005 9.98923E-005
0.868746 9.98924E-005 9.98924E-005 0.10451 9.98924E-005 9.98924E-005 9.98924E-005 9.98924E-005 9.98924E-005 9.98924E-005 9.98924E-005 0.0255457 9.98924E-005 9.98924E-005 9.98924E-005
0.579729 9.99012E-005 0.400062 9.99012E-005 9.99012E-005 0.00971441 9.99012E-005 9.99012E-005 9.99012E-005 9.99012E-005 0.00939516 9.99012E-005 9.99012E-005 9.99012E-005 9.99012E-005
9.99103E-005 9.99103E-005 9.99103E-005 9.99103E-005 9.99103E-005 9.99103E-005 9.99103E-005 0.18432 0.00694334 0.0263296 0.180091 9.99103E-005 9.99103E-005 9.99103E-005 0.601317
9.99371E-005 9.99371E-005 9.99371E-005 9.99371E-005 0.00880577 0.00830105 9.99371E-005 0.191571 0.00654948 0.0168162 0.0368559 9.99371E-005 9.99371E-005 0.174742 0.555659
9.99193E-005 0.332182 9.99193E-005 9.99193E-005 9.99193E-005 9.99193E-005 9.99193E-005 0.211347 0.0105799 0.00902183 9.99193E-005 0.00870487 9.99193E-005 9.99193E-005 0.427264
9.98833E-005 9.98833E-005 9.98833E-005 0.989468 9.98833E-005 9.98833E-005 9.98833E-005 9.98833E-005 9.98833E-005 9.98833E-005 9.98833E-005 0.00923318 9.98833E-005 9.98833E-005 9.98833E-005
9.98832E-005 0.816097 9.98832E-005 9.98832E-005 9.98832E-005 9.98832E-005 9.98832E-005 9.98832E-005 9.98832E-005 9.98832E-005 9.98832E-005 9.98832E-005 9.98832E-005 0.182604 9.98832E-005
9.99101E-005 0.184518 0.310625 0.107644 9.99101E-005 9.99101E-005 9.99101E-005 9.99101E-005 9.99101E-005 0.0468848 0.349329 9.99101E-005 9.99101E-005 9.99101E-005 9.99101E-005
9.98922E-005 9.98922E-005 9.98922E-005 9.98922E-005 9.98922E-005 9.98922E-005 9.98922E-005 9.98922E-005 0.019997 0.00419939 0.974605 9.98922E-005 9.98922E-005 9.98922E-005 9.98922E-005
