9.9982E-005 0.0286745 0.173667 0.797458 9.9982E-005
9.9982E-005 0.043865 0.156714 0.799221 9.9982E-005
9.9982E-005 0.0554311 0.183436 0.760933 9.9982E-005
9.999E-005 0.051063 0.232404 0.692827 0.0236053
9.9982E-005 0.0398042 0.278742 0.681253 9.9982E-005
9.9973E-005 9.9973E-005 0.0821225 0.917578 9.9973E-005
9.9982E-005 0.0635002 0.0741159 0.862184 9.9982E-005
9.9982E-005 9.9982E-005 0.223553 0.725609 0.0506381
0.0655067 0.0318228 0.0837085 0.818862 9.9991E-005
0.0731938 0.0290392 0.191897 0.70577 9.9991E-005
0.0600077 9.9982E-005 0.147104 0.792688 9.9982E-005
9.9982E-005 0.137801 0.329751 0.532248 9.9982E-005
9.9991E-005 0.040564 0.25742 0.679504 0.0224112
0.0203549 0.00325421 0.375205 0.573138 0.0280476
0.0740176 0.0670731 0.183509 0.582268 0.0931315
9.999E-005 0.0586747 0.294268 0.604749 0.0422086
9.9982E-005 0.0726072 0.326899 0.600294 9.9982E-005
9.9982E-005 0.0444581 0.365159 0.590183 9.9982E-005
9.9991E-005 0.739092 0.189587 0.0678315 0.00338959
0.0161518 0.437885 0.332244 0.207829 0.00588993
0.00905688 0.515217 0.327724 0.147901 9.9991E-005
0.0573106 0.561655 0.19923 0.181704 9.9991E-005
0.115411 0.465853 0.22063 0.198006 9.9991E-005
9.997E-005 0.9996 9.997E-005 9.997E-005 9.997E-005
9.997E-005 0.9996 9.997E-005 9.997E-005 9.997E-005
9.997E-005 0.9996 9.997E-005 9.997E-005 9.997E-005
0.0769187 0.383587 0.31836 0.176832 0.0443016
9.9982E-005 0.970928 0.0223123 9.9982E-005 0.00655925
9.9991E-005 0.442914 0.201394 0.307633 0.0479595
9.997E-005 0.9996 9.997E-005 9.997E-005 9.997E-005
9.9991E-005 0.524286 0.188249 0.247415 0.0399494
9.997E-005 0.9996 9.997E-005 9.997E-005 9.997E-005
0.0198303 0.457708 0.360041 0.149222 0.0131998
0.0347619 0.617936 0.206595 0.106798 0.0339085
0.0634789 0.486591 0.283364 0.116653 0.0499142
9.9991E-005 0.510791 0.243255 0.209572 0.0362821
0.0758309 0.433558 0.193837 0.283315 0.0134588
0.0368328 0.012183 0.841412 0.0971593 0.0124127
9.997E-005 9.997E-005 0.9996 9.997E-005 9.997E-005
0.0141584 0.0460918 0.91039 9.9991E-005 0.0292599
9.997E-005 9.997E-005 0.9996 9.997E-005 9.997E-005
9.9991E-005 0.033161 0.943548 0.000143329 0.0230479
9.9973E-005 0.0145508 0.985149 9.9973E-005 9.9973E-005
9.99731E-005 9.99731E-005 0.995525 9.99731E-005 0.00417545
9.9982E-005 0.033335 0.895183 0.0712823 9.9982E-005
9.99731E-005 0.00334544 0.996355 9.99731E-005 9.99731E-005
0.296312 0.0354462 0.116343 0.491364 0.0605347
9.997E-005 9.997E-005 9.997E-005 0.9996 9.997E-005
0.4673 0.0277392 9.99821E-005 0.504761 9.99821E-005
0.283895 9.9991E-005 0.0517639 0.523865 0.140377
0.505713 9.99731E-005 9.99731E-005 0.493987 9.99731E-005
0.275491 0.0146633 9.9991E-005 0.594572 0.115174
0.29789 0.0444793 0.0423324 0.487846 0.127452
0.255568 0.0317383 0.104019 0.508165 0.100509
0.326233 9.9982E-005 9.9982E-005 0.587418 0.0861493
0.286572 9.9982E-005 9.9982E-005 0.65309 0.0601373
0.276293 0.0539738 0.0551941 0.446247 0.168291
0.238668 9.9982E-005 9.9982E-005 0.622186 0.138946
0.356653 9.9982E-005 9.9982E-005 0.548417 0.0947309
0.304912 0.02043 9.9991E-005 0.55577 0.118788
0.251207 0.0903092 0.00289607 0.35064 0.304948
0.187635 0.0583956 0.0233047 0.37812 0.352545
0.187345 0.0274712 0.0776139 0.376031 0.331539
0.25021 0.0399104 9.9991E-005 0.0716134 0.638166
0.379271 0.0718249 0.00691528 9.9991E-005 0.541889
9.997E-005 9.997E-005 9.997E-005 9.997E-005 0.9996
9.997E-005 9.997E-005 9.997E-005 9.997E-005 0.9996
0.23766 0.0359698 0.0281719 0.0666575 0.63154
0.338474 0.017238 9.9991E-005 0.0438515 0.600337
9.997E-005 9.997E-005 9.997E-005 9.997E-005 0.9996
9.997E-005 9.997E-005 9.997E-005 9.997E-005 0.9996
0.219222 0.0455499 9.9991E-005 0.153887 0.581241
9.997E-005 9.997E-005 9.997E-005 9.997E-005 0.9996
9.997E-005 9.997E-005 9.997E-005 9.997E-005 0.9996
9.997E-005 9.997E-005 9.997E-005 9.997E-005 0.9996
9.997E-005 9.997E-005 9.997E-005 9.997E-005 0.9996
9.9973E-005 0.0175979 9.9973E-005 9.9973E-005 0.982102
0.0464504 0.36413 0.400449 0.171308 0.017663
9.99731E-005 0.045215 0.954485 9.99731E-005 9.99731E-005
9.9973E-005 0.0451144 0.954586 9.9973E-005 9.9973E-005
0.958949 9.9973E-005 9.9973E-005 9.9973E-005 0.0407515
0.944424 9.99731E-005 9.99731E-005 9.99731E-005 0.0552762
0.970383 9.99731E-005 9.99731E-005 9.99731E-005 0.0293173
0.986837 9.99731E-005 0.0128632 9.99731E-005 9.99731E-005
0.968268 9.99821E-005 9.99821E-005 0.00303713 0.028495
0.958561 0.0253656 9.9982E-005 9.9982E-005 0.0158731
0.946166 0.0481831 9.99821E-005 9.99821E-005 0.00545092
0.969741 9.9991E-005 0.00356357 0.0165531 0.0100422
0.958019 0.038359 0.00342186 9.9982E-005 9.9982E-005
0.962869 9.9973E-005 9.9973E-005 0.0368316 9.9973E-005
0.984549 0.00601823 0.00923275 9.99821E-005 9.99821E-005
0.968879 0.0186497 9.99821E-005 9.99821E-005 0.0122714
0.99358 9.99731E-005 9.99731E-005 0.00612045 9.99731E-005
0.969409 9.9973E-005 9.9973E-005 9.9973E-005 0.0302916
0.986419 9.99731E-005 9.99731E-005 0.013281 9.99731E-005
0.93426 0.0365888 0.0289511 9.9982E-005 9.9982E-005
0.937705 9.9973E-005 9.9973E-005 9.9973E-005 0.0619949
0.966653 9.99731E-005 0.0330467 9.99731E-005 9.99731E-005
0.986806 9.99731E-005 9.99731E-005 9.99731E-005 0.0128941
0.911456 0.052748 9.9982E-005 9.9982E-005 0.0355957
0.975055 0.0034066 9.9982E-005 9.9982E-005 0.0213389
0.918766 9.9991E-005 0.0237597 0.0156888 0.0416856
0.985221 0.00505907 9.9982E-005 9.9982E-005 0.00951951
0.92702 0.0263937 9.9982E-005 0.0463868 9.9982E-005
0.98285 9.99731E-005 9.99731E-005 9.99731E-005 0.0168498
0.943523 0.0300376 9.9982E-005 0.0262392 9.9982E-005
0.277332 0.0575626 9.9991E-005 0.0422082 0.622797
0.246629 0.176418 0.0384301 0.15715 0.381372
0.402727 0.0587499 0.0460278 0.0486429 0.443853
9.9991E-005 0.04047 0.647725 0.240433 0.0712726
0.0137096 0.00890764 0.815927 0.161356 9.9991E-005
9.9991E-005 0.0130835 0.754624 0.193871 0.0383208
9.9991E-005 0.0705771 0.701924 0.196583 0.0308155
9.99821E-005 9.99821E-005 0.802217 0.180778 0.0168041
9.99821E-005 0.0340877 0.750936 0.214776 9.99821E-005
9.9991E-005 0.098364 0.597631 0.261226 0.042679
9.99731E-005 0.0143896 0.98531 9.99731E-005 9.99731E-005
9.997E-005 9.997E-005 0.9996 9.997E-005 9.997E-005
9.9982E-005 0.0934468 0.893893 9.9982E-005 0.0124597
0.496579 0.190395 0.312827 9.99821E-005 9.99821E-005
0.12644 0.126952 0.20129 0.545218 9.9991E-005
0.387672 0.0794855 9.9991E-005 0.505587 0.027156
0.340466 0.0314011 9.9991E-005 0.359676 0.268357
0.181485 0.0265589 9.9991E-005 0.426566 0.365289
0.941394 9.99732E-005 9.99732E-005 0.0583063 9.99732E-005
0.955653 0.00338915 0.006655 9.9991E-005 0.0342031
0.97822 9.99731E-005 0.02148 9.99731E-005 9.99731E-005
0.935626 0.029342 0.00398215 0.0247086 0.00634121
0.9996 9.997E-005 9.997E-005 9.997E-005 9.997E-005
0.980151 0.00531776 9.9982E-005 0.0143313 9.9982E-005
0.965111 9.99731E-005 9.99731E-005 9.99731E-005 0.0345889
0.957509 9.9982E-005 0.0199359 9.9982E-005 0.022355
0.9996 9.997E-005 9.997E-005 9.997E-005 9.997E-005
0.94922 0.00771213 0.0204753 9.9991E-005 0.0224923
0.938692 9.99731E-005 9.99731E-005 9.99731E-005 0.0610085
0.982761 9.99731E-005 0.016939 9.99731E-005 9.99731E-005
0.937893 9.9982E-005 0.0167444 9.9982E-005 0.0451627
0.935057 0.0152992 0.0494437 9.9982E-005 9.9982E-005
0.957766 0.0419341 9.99731E-005 9.99731E-005 9.99731E-005
0.97166 0.0243361 9.99821E-005 0.00380416 9.99821E-005
0.024433 0.356531 0.37228 0.15964 0.0871162
0.0257785 0.368309 0.335543 0.238041 0.0323284
0.0263274 0.370209 0.30451 0.248789 0.0501646
9.997E-005 9.997E-005 0.9996 9.997E-005 9.997E-005
9.99731E-005 0.0130572 0.986643 9.99731E-005 9.99731E-005
0.00444529 9.99731E-005 0.995255 9.99731E-005 9.99731E-005
9.99731E-005 0.0539376 0.945762 9.99731E-005 9.99731E-005
0.2074 0.0219493 9.9991E-005 0.439465 0.331086
0.226958 0.0399854 9.9991E-005 0.412913 0.320044
0.181943 0.0335357 0.0864526 0.365761 0.332308
0.0263807 0.387291 0.325772 0.220197 0.040359
0.0397088 0.366067 0.29567 0.271988 0.0265672
0.0903246 0.28971 0.262614 0.291431 0.0659195
0.0938439 0.35071 0.277908 0.223762 0.0537751
