0.785383 9.9982E-005 9.9982E-005 0.18498 0.0294362
0.80121 9.9982E-005 9.9982E-005 0.148378 0.0502128
0.715157 9.9982E-005 9.9982E-005 0.222627 0.062016
0.670364 9.9991E-005 0.0151952 0.247364 0.0669771
0.686878 9.9982E-005 9.9982E-005 0.286115 0.026807
0.905654 9.9973E-005 9.9973E-005 0.0940459 9.9973E-005
0.852656 9.9982E-005 9.9982E-005 0.0786884 0.0684555
0.747713 9.9991E-005 0.0368377 0.194721 0.0206286
0.821163 0.055255 9.9991E-005 0.0903264 0.0331559
0.705122 0.0676998 9.9991E-005 0.192246 0.0348325
0.817978 0.0517562 9.9982E-005 0.130065 9.9982E-005
0.512419 9.9982E-005 9.9982E-005 0.338601 0.14878
0.642279 9.9991E-005 0.0313876 0.259391 0.0668415
0.587912 0.0119314 0.0560737 0.343983 9.9991E-005
0.566491 0.0644732 0.100506 0.19897 0.0695596
0.584893 9.9991E-005 0.0532633 0.281197 0.0805468
0.577529 9.9982E-005 9.9982E-005 0.349581 0.0726903
0.562062 9.9991E-005 0.00971297 0.371768 0.0563578
0.0757748 0.00289649 0.00638344 0.189581 0.725364
0.233542 0.0191555 9.9991E-005 0.330919 0.416284
0.154847 0.0135345 9.9991E-005 0.318437 0.513081
0.172942 0.0589556 9.9991E-005 0.191007 0.576996
0.187983 0.10776 0.0149346 0.217636 0.471686
9.997E-005 9.997E-005 9.997E-005 9.997E-005 0.9996
9.997E-005 9.997E-005 9.997E-005 9.997E-005 0.9996
9.997E-005 9.997E-005 9.997E-005 9.997E-005 0.9996
0.162858 0.0844162 0.0340213 0.349286 0.369419
9.9982E-005 9.9982E-005 0.0154635 0.000578107 0.983758
0.28074 9.9991E-005 0.0346513 0.230587 0.453922
9.997E-005 9.997E-005 9.997E-005 9.997E-005 0.9996
0.254072 0.00254875 0.0485818 0.172587 0.52221
9.997E-005 9.997E-005 9.997E-005 9.997E-005 0.9996
0.160551 0.016547 0.0140844 0.346744 0.462074
0.150003 0.0399289 0.0264527 0.171918 0.611697
0.0914735 0.0788651 0.0407797 0.287979 0.500902
0.213873 9.9991E-005 0.0438739 0.216868 0.525286
0.286873 0.0703584 0.0192184 0.184859 0.438691
0.069531 0.0412723 0.0228338 0.848216 0.0181465
9.997E-005 9.997E-005 9.997E-005 0.9996 9.997E-005
9.9991E-005 0.0207981 0.0279262 0.914913 0.0362627
9.99731E-005 0.00638311 9.99731E-005 0.993317 9.99731E-005
9.9982E-005 9.9982E-005 0.0261065 0.941001 0.0326926
9.997E-005 9.997E-005 9.997E-005 0.9996 9.997E-005
9.997E-005 9.997E-005 9.997E-005 0.9996 9.997E-005
0.0666615 9.9982E-005 9.9982E-005 0.898135 0.0350034
9.997E-005 9.997E-005 9.997E-005 0.9996 9.997E-005
0.472768 0.303769 0.0553658 0.111075 0.0570225
0.9996 9.997E-005 9.997E-005 9.997E-005 9.997E-005
0.450302 0.463352 9.99911E-005 0.0331743 0.0530713
0.555681 0.263264 0.137163 0.043792 9.9991E-005
0.47857 0.52113 9.99731E-005 9.99731E-005 9.99731E-005
0.568872 0.259524 0.138392 9.9991E-005 0.033112
0.455139 0.296194 0.156158 0.0513955 0.0411133
0.512045 0.249807 0.107721 0.0980293 0.0323977
0.588977 0.326754 0.0840691 9.9982E-005 9.9982E-005
0.653088 0.277066 0.0696461 9.9982E-005 9.9982E-005
0.44485 0.270118 0.168604 0.0494563 0.0669717
0.621216 0.22862 0.149963 9.9982E-005 9.9982E-005
0.558432 0.330151 0.111217 9.9982E-005 9.9982E-005
0.588742 0.304727 0.106331 9.9982E-005 9.9982E-005
0.343847 0.239003 0.327447 9.9991E-005 0.0896025
0.374318 0.183876 0.354746 0.0206129 0.0664471
0.353091 0.211359 0.316184 0.10383 0.0155357
0.0723057 0.263572 0.635602 9.9991E-005 0.0284196
9.9991E-005 0.375875 0.543408 0.0249967 0.0556202
9.997E-005 9.997E-005 0.9996 9.997E-005 9.997E-005
9.997E-005 9.997E-005 0.9996 9.997E-005 9.997E-005
0.0516804 0.238717 0.617951 0.0401369 0.0515155
0.0261307 0.324083 0.619909 9.9991E-005 0.0297774
9.9973E-005 9.9973E-005 0.999437 0.000263406 9.9973E-005
9.997E-005 9.997E-005 0.9996 9.997E-005 9.997E-005
0.107638 0.22734 0.599932 9.9991E-005 0.0649891
9.997E-005 9.997E-005 0.9996 9.997E-005 9.997E-005
9.997E-005 9.997E-005 0.9996 9.997E-005 9.997E-005
9.997E-005 9.997E-005 0.9996 9.997E-005 9.997E-005
9.997E-005 9.997E-005 0.9996 9.997E-005 9.997E-005
9.9973E-005 9.9973E-005 0.979761 9.9973E-005 0.0199387
0.199865 0.0398444 0.0232896 0.387861 0.34914
9.99731E-005 9.99731E-005 9.99731E-005 0.958263 0.0414374
9.9973E-005 9.9973E-005 9.9973E-005 0.952949 0.0467511
9.99731E-005 0.94696 0.0527397 9.99731E-005 9.99731E-005
9.99731E-005 0.936873 0.0628275 9.99731E-005 9.99731E-005
9.99731E-005 0.971412 0.0282877 9.99731E-005 9.99731E-005
9.99731E-005 0.995402 9.99731E-005 0.0042982 9.99731E-005
0.000500099 0.975484 0.0238164 9.99821E-005 9.99821E-005
9.9982E-005 0.958177 0.00919854 9.9982E-005 0.0324244
9.99821E-005 0.939508 0.000433404 9.99821E-005 0.0598582
0.0116512 0.942837 0.0257085 0.0197031 9.9991E-005
9.9982E-005 0.948817 9.9982E-005 0.00538119 0.0456022
0.0482924 0.951408 9.9973E-005 9.9973E-005 9.9973E-005
9.99821E-005 0.980612 9.99821E-005 0.00922081 0.00996743
9.99821E-005 0.954858 0.0309807 9.99821E-005 0.0139616
0.00213791 0.997562 9.99731E-005 9.99731E-005 9.99731E-005
9.9973E-005 0.963482 0.0362184 9.9973E-005 9.9973E-005
0.00253413 0.996874 0.000391775 9.9982E-005 9.9982E-005
9.9982E-005 0.941543 9.9982E-005 0.0298314 0.0284251
9.99731E-005 0.92893 0.0707704 9.99731E-005 9.99731E-005
9.99731E-005 0.961848 9.99731E-005 0.0378524 9.99731E-005
9.99731E-005 0.986634 0.0130661 9.99731E-005 9.99731E-005
9.9982E-005 0.909773 0.026385 9.9982E-005 0.0636425
9.9982E-005 0.97237 0.01832 9.9982E-005 0.00911035
0.0312025 0.923236 0.022854 0.0226072 9.9991E-005
0.00327221 0.987662 0.00886541 9.9982E-005 9.9982E-005
0.0388645 0.920795 9.9982E-005 9.9982E-005 0.0401403
9.9973E-005 0.977888 0.0218121 9.9973E-005 9.9973E-005
0.042618 0.931646 9.9982E-005 9.9982E-005 0.0255357
0.0319598 0.264401 0.650718 0.00715213 0.0457687
0.190448 0.248483 0.376522 9.9991E-005 0.184447
0.0578326 0.405313 0.443553 0.0240884 0.0692134
0.20133 9.9991E-005 0.0754202 0.672873 0.0502776
0.133058 0.0140182 0.000174156 0.840599 0.0121498
0.176654 0.0134669 0.0382938 0.738009 0.0335761
0.174003 9.9991E-005 0.0262104 0.714776 0.0849107
0.149695 9.99821E-005 0.0259654 0.824139 9.99821E-005
0.183576 9.99821E-005 9.99821E-005 0.775863 0.0403611
0.239976 9.9991E-005 0.0388944 0.612997 0.108032
9.99731E-005 9.99731E-005 9.99731E-005 0.984857 0.0148432
9.997E-005 9.997E-005 9.997E-005 0.9996 9.997E-005
9.9982E-005 9.9982E-005 0.0107866 0.895919 0.0930945
9.99821E-005 0.483602 9.99821E-005 0.342467 0.173731
0.560652 0.104255 9.9991E-005 0.181583 0.15341
0.474347 0.381783 0.0301214 0.0116172 0.102131
0.349328 0.348178 0.265561 9.9991E-005 0.0368324
0.431575 0.16259 0.369399 9.9991E-005 0.0363367
0.0704834 0.929217 9.99732E-005 9.99732E-005 9.99732E-005
9.99821E-005 0.959738 0.0345401 9.99821E-005 0.0055218
9.99731E-005 0.980513 9.99731E-005 0.0191875 9.99731E-005
0.00943529 0.914411 0.0272404 0.018443 0.0304706
9.997E-005 0.9996 9.997E-005 9.997E-005 9.997E-005
0.0299647 0.969735 9.9973E-005 9.9973E-005 9.9973E-005
9.99731E-005 0.955551 0.0441492 9.99731E-005 9.99731E-005
9.9982E-005 0.968389 0.0220365 0.00937475 9.9982E-005
9.997E-005 0.9996 9.997E-005 9.997E-005 9.997E-005
9.9982E-005 0.935407 0.0250871 0.0393055 9.9982E-005
9.99731E-005 0.947117 0.0525831 9.99731E-005 9.99731E-005
9.99731E-005 0.986835 9.99731E-005 0.0128652 9.99731E-005
9.9982E-005 0.946989 0.0270934 0.0257178 9.9982E-005
9.9982E-005 0.920737 9.9982E-005 0.0544738 0.024589
9.99731E-005 0.962305 9.99731E-005 9.99731E-005 0.0373955
0.00353985 0.984991 9.9991E-005 0.00966693 0.00170213
0.127501 0.0374514 0.0900729 0.394103 0.350872
0.23045 0.0214154 0.0588532 0.329335 0.359946
0.242605 0.0221857 0.0556111 0.308834 0.370765
9.997E-005 9.997E-005 9.997E-005 0.9996 9.997E-005
9.99731E-005 9.99731E-005 9.99731E-005 0.983012 0.0166879
9.997E-005 9.997E-005 9.997E-005 0.9996 9.997E-005
9.9982E-005 9.9982E-005 0.00466766 0.934555 0.060577
0.427773 0.239515 0.309576 9.9991E-005 0.0230364
0.423753 0.226377 0.314662 0.0141032 0.0211048
0.323823 0.182342 0.351707 0.0974306 0.0446982
0.213246 0.0347957 0.0485674 0.317934 0.385456
0.25904 0.053198 0.0106558 0.299163 0.377943
0.283739 0.117024 0.0382399 0.268097 0.2929
0.211143 0.0986858 0.0411615 0.27079 0.378219
