9.9982E-005 0.178315 9.9982E-005 0.792986 0.0284994
9.9982E-005 0.157499 9.9982E-005 0.782101 0.0602
9.9982E-005 0.208399 9.9982E-005 0.735009 0.0563921
9.999E-005 0.234944 0.0258589 0.693037 0.0460597
9.9982E-005 0.291274 9.9982E-005 0.682291 0.026235
9.9982E-005 0.0872455 9.9982E-005 0.90955 0.00300421
9.9982E-005 0.0831457 9.9982E-005 0.843346 0.0733083
9.9991E-005 0.204309 0.0522048 0.741317 0.00206899
0.0488422 0.0824561 0.0160296 0.832331 0.0203411
0.0698728 0.205915 9.9991E-005 0.719412 0.00470115
0.0580315 0.134537 9.9982E-005 0.807231 9.9982E-005
9.9982E-005 0.333495 9.9982E-005 0.531064 0.135241
0.00175295 0.255976 0.0287107 0.669455 0.0441047
0.0128417 0.356664 0.0531416 0.577252 9.9991E-005
0.0864121 0.201049 0.0985715 0.570509 0.0434576
9.999E-005 0.305248 0.0532406 0.582816 0.0585951
9.9982E-005 0.31747 9.9982E-005 0.609774 0.0725559
9.9982E-005 0.34971 9.9982E-005 0.603627 0.0464625
9.9991E-005 0.198516 0.00152635 0.06616 0.733697
0.0260296 0.309371 9.9991E-005 0.233463 0.431037
0.0124707 0.283407 9.9991E-005 0.185349 0.518673
0.0565712 0.213504 0.00865685 0.157185 0.564082
0.11908 0.211953 9.9991E-005 0.203102 0.465766
9.997E-005 9.997E-005 9.997E-005 9.997E-005 0.9996
9.997E-005 9.997E-005 9.997E-005 9.997E-005 0.9996
9.997E-005 9.997E-005 9.997E-005 9.997E-005 0.9996
0.0906402 0.326027 0.0427899 0.166536 0.374007
9.9982E-005 9.9982E-005 0.0100976 0.00532579 0.984377
9.9991E-005 0.203925 0.0375159 0.339744 0.418715
9.997E-005 9.997E-005 9.997E-005 9.997E-005 0.9996
0.0168081 0.186518 0.0425411 0.244158 0.509974
9.997E-005 9.997E-005 9.997E-005 9.997E-005 0.9996
0.0374353 0.343796 0.00324945 0.145674 0.469845
0.0479413 0.169578 0.0220091 0.130761 0.629711
0.0817925 0.313687 0.0349975 0.0804508 0.489072
9.9991E-005 0.227753 0.0340934 0.219975 0.518079
0.0738162 0.21152 0.0262 0.274028 0.414435
0.0474247 0.870677 0.0178666 0.0564619 0.00756976
9.997E-005 0.9996 9.997E-005 9.997E-005 9.997E-005
0.0144597 0.921464 0.0415673 9.9991E-005 0.0224086
0.00026935 0.999431 9.99731E-005 9.99731E-005 9.99731E-005
9.9991E-005 0.921419 0.0224194 0.00499269 0.0510695
9.997E-005 0.9996 9.997E-005 9.997E-005 9.997E-005
9.99731E-005 0.996426 0.00327405 9.99731E-005 9.99731E-005
0.000393079 0.873346 9.9991E-005 0.085973 0.0401876
9.99731E-005 0.994055 9.99731E-005 9.99731E-005 0.00564544
0.293253 0.0924537 0.0735938 0.505513 0.0351866
9.997E-005 9.997E-005 9.997E-005 0.9996 9.997E-005
0.45048 9.99821E-005 9.99821E-005 0.504404 0.0449164
0.278756 0.0519192 0.132125 0.5371 9.9991E-005
0.505404 9.99731E-005 9.99731E-005 0.494296 9.99731E-005
0.280043 9.9991E-005 0.108538 0.589132 0.022187
0.298147 0.0299729 0.138486 0.49618 0.0372145
0.265156 0.0984407 0.101544 0.50395 0.0309097
0.308843 9.9982E-005 0.091704 0.599253 9.9982E-005
0.283682 9.9982E-005 0.0604718 0.655646 9.9982E-005
0.275215 0.0190161 0.15934 0.494443 0.0519862
0.246102 9.9982E-005 0.131706 0.621992 9.9982E-005
0.35264 9.9982E-005 0.0863899 0.56077 9.9982E-005
0.315576 9.9982E-005 0.112987 0.571238 9.9982E-005
0.23077 9.9991E-005 0.327963 0.356004 0.0851625
0.171524 0.0383355 0.367205 0.347488 0.0754473
0.202334 0.0814956 0.335457 0.34476 0.0359536
0.265295 9.9991E-005 0.62596 0.0718736 0.0367709
0.383737 0.018174 0.524282 9.9991E-005 0.0737072
9.997E-005 9.997E-005 0.9996 9.997E-005 9.997E-005
9.997E-005 9.997E-005 0.9996 9.997E-005 9.997E-005
0.230891 0.0449071 0.61379 0.0708224 0.0395903
0.317744 9.9991E-005 0.625205 0.0239774 0.0329736
9.9973E-005 0.0153774 0.984323 9.9973E-005 9.9973E-005
9.997E-005 9.997E-005 0.9996 9.997E-005 9.997E-005
0.225572 9.9991E-005 0.593255 0.105775 0.0752989
9.997E-005 9.997E-005 0.9996 9.997E-005 9.997E-005
9.997E-005 9.997E-005 0.9996 9.997E-005 9.997E-005
9.997E-005 9.997E-005 0.9996 9.997E-005 9.997E-005
9.997E-005 9.997E-005 0.9996 9.997E-005 9.997E-005
9.9973E-005 9.9973E-005 0.968286 9.9973E-005 0.0314136
0.0575212 0.374621 9.9991E-005 0.219504 0.348254
9.99731E-005 0.963908 9.99731E-005 9.99731E-005 0.0357923
9.9973E-005 0.944779 9.9973E-005 9.9973E-005 0.0549213
0.944823 9.9973E-005 0.0548775 9.9973E-005 9.9973E-005
0.928756 9.99731E-005 0.0709444 9.99731E-005 9.99731E-005
0.96822 9.99731E-005 0.0314801 9.99731E-005 9.99731E-005
0.982861 0.016839 9.99731E-005 9.99731E-005 9.99731E-005
0.972035 9.9991E-005 0.0223336 0.000281743 0.00524941
0.965527 9.9982E-005 0.0025795 9.9982E-005 0.0316938
0.938294 9.99731E-005 9.99731E-005 9.99731E-005 0.0614064
0.947427 0.0297855 0.0225878 9.99821E-005 9.99821E-005
0.957142 0.00747164 9.9982E-005 9.9982E-005 0.0351859
0.965651 9.9982E-005 9.9982E-005 0.0290605 0.00508866
0.979084 0.0182052 9.99821E-005 9.99821E-005 0.00251066
0.954129 9.99821E-005 0.0277787 9.99821E-005 0.0178919
0.993977 9.9982E-005 0.00276372 0.00305912 9.9982E-005
0.957799 9.9973E-005 0.0419007 9.9973E-005 9.9973E-005
0.9996 9.997E-005 9.997E-005 9.997E-005 9.997E-005
0.932759 0.0104749 9.9991E-005 0.0218644 0.0348019
0.920735 9.99731E-005 0.0789647 9.99731E-005 9.99731E-005
0.953554 0.0360573 0.0101888 9.9982E-005 9.9982E-005
0.994155 9.99731E-005 0.00554499 9.99731E-005 9.99731E-005
0.918797 9.9982E-005 0.0295848 9.9982E-005 0.0514178
0.979434 9.99821E-005 0.018241 9.99821E-005 0.00212457
0.924653 0.0316094 0.0357778 9.9991E-005 0.00785935
0.9996 9.997E-005 9.997E-005 9.997E-005 9.997E-005
0.932076 9.9991E-005 0.000654021 0.0425877 0.0245824
0.9996 9.997E-005 9.997E-005 9.997E-005 9.997E-005
0.936011 9.9982E-005 9.9982E-005 0.0388977 0.0248916
0.274146 9.9991E-005 0.634806 0.0421809 0.048767
0.23586 0.0248408 0.387363 0.162675 0.189261
0.411333 0.0140389 0.451104 0.0508161 0.0727082
9.9991E-005 0.669667 0.0649624 0.213869 0.0514012
0.0130255 0.819351 9.9982E-005 0.167423 9.9982E-005
9.9991E-005 0.750653 0.0372944 0.179199 0.0327531
9.9991E-005 0.695683 0.00594014 0.237825 0.0604511
9.99821E-005 0.802367 0.0192579 0.178175 9.99821E-005
9.99821E-005 0.76305 9.99821E-005 0.22532 0.0114296
9.9991E-005 0.609995 0.0447812 0.232638 0.112485
9.99731E-005 0.974469 9.99731E-005 9.99731E-005 0.0252316
9.997E-005 0.9996 9.997E-005 9.997E-005 9.997E-005
9.9982E-005 0.891898 0.00958268 9.9982E-005 0.0983193
0.486736 0.318252 9.99821E-005 9.99821E-005 0.194813
0.123242 0.18935 0.00836196 0.552057 0.126989
0.414527 0.0105348 9.9991E-005 0.479545 0.0952925
0.343838 9.9991E-005 0.268102 0.34638 0.0415805
0.179025 9.9991E-005 0.363776 0.429794 0.0273046
0.936759 9.99732E-005 9.99732E-005 0.0629416 9.99732E-005
0.952474 0.0149756 0.0323506 9.99821E-005 9.99821E-005
0.981689 0.0180116 9.99731E-005 9.99731E-005 9.99731E-005
0.934194 0.0069994 9.9991E-005 0.0498145 0.00889192
0.9996 9.997E-005 9.997E-005 9.997E-005 9.997E-005
0.973697 9.9982E-005 9.9982E-005 0.0126602 0.013443
0.965527 9.9982E-005 0.0336784 0.000594248 9.9982E-005
0.949826 0.0200339 0.0299397 9.9982E-005 9.9982E-005
0.992561 9.99731E-005 9.99731E-005 9.99731E-005 0.00713888
0.943733 0.0340101 0.0220572 9.9982E-005 9.9982E-005
0.937264 9.99731E-005 0.0624361 9.99731E-005 9.99731E-005
0.992682 0.00701821 9.99731E-005 9.99731E-005 9.99731E-005
0.95539 0.0201247 0.0242858 9.9982E-005 9.9982E-005
0.936387 0.0547621 9.9982E-005 9.9982E-005 0.00865044
0.963265 9.99731E-005 9.99731E-005 9.99731E-005 0.0364354
0.963366 9.99821E-005 9.99821E-005 0.0205184 0.0159153
0.0345071 0.363939 0.0857592 0.152961 0.362833
0.023046 0.330353 0.0425617 0.245505 0.358534
0.0139948 0.304504 0.0458342 0.27502 0.360647
9.997E-005 0.9996 9.997E-005 9.997E-005 9.997E-005
9.99731E-005 0.976054 9.99731E-005 9.99731E-005 0.0236456
0.00025077 0.986075 9.99821E-005 9.99821E-005 0.0134741
9.9982E-005 0.93962 0.00788011 9.9982E-005 0.0522997
0.219337 9.9991E-005 0.308022 0.444381 0.0281604
0.211081 0.0119905 0.320934 0.408671 0.0473232
0.191904 0.0745515 0.335756 0.357412 0.0403765
0.0430765 0.314348 0.0369977 0.231522 0.374055
0.0331897 0.278363 0.0241138 0.277575 0.386759
0.0944529 0.28536 0.0540614 0.278642 0.287484
0.102778 0.238379 0.0248011 0.244447 0.389595
