0.0440097 0.0218511 9.9982E-005 9.9982E-005 0.918883 0.0150567
9.9964E-005 0.017333 9.9964E-005 9.9964E-005 0.982267 9.9964E-005
9.99641E-005 0.0643204 9.99641E-005 9.99641E-005 0.93528 9.99641E-005
0.0945762 0.053635 0.0209365 0.00409559 0.767901 0.0588561
0.115715 0.0173853 9.99731E-005 9.99731E-005 0.8666 9.99731E-005
9.996E-005 9.996E-005 9.996E-005 9.996E-005 0.9995 9.996E-005
9.9964E-005 0.00901909 9.9964E-005 9.9964E-005 0.990581 9.9964E-005
0.0718621 9.99898E-005 0.039192 9.99898E-005 0.789019 0.0997272
9.9973E-005 9.9973E-005 9.9973E-005 0.096566 0.890335 0.0127989
9.99641E-005 9.99641E-005 9.99641E-005 0.100714 0.898886 9.99641E-005
9.99641E-005 9.99641E-005 9.99641E-005 0.0775334 0.922067 9.99641E-005
0.215984 0.13018 9.99731E-005 9.99731E-005 0.653535 9.99731E-005
0.143231 0.0410722 0.0353039 9.9991E-005 0.704921 0.0753722
0.234946 9.99821E-005 0.017045 0.0588423 0.688967 9.99821E-005
0.129135 0.0492449 0.0714951 0.0387722 0.465808 0.245545
0.213673 0.0684188 0.0386589 9.9991E-005 0.615679 0.0634705
0.220032 0.0722097 9.9982E-005 9.9982E-005 0.632543 0.0750151
0.271803 0.0431659 9.9982E-005 9.9982E-005 0.610612 0.074219
0.12173 0.730617 0.000834921 9.9982E-005 0.146618 9.9982E-005
0.230964 0.409803 0.0119634 0.034977 0.312193 9.9991E-005
0.256521 0.513057 9.99821E-005 9.99821E-005 0.184115 0.0461074
0.185153 0.542764 0.0149959 0.0652055 0.191782 9.9991E-005
0.158363 0.437266 9.9991E-005 0.135835 0.23751 0.0309248
9.996E-005 0.9995 9.996E-005 9.996E-005 9.996E-005 9.996E-005
9.996E-005 0.9995 9.996E-005 9.996E-005 9.996E-005 9.996E-005
9.996E-005 0.9995 9.996E-005 9.996E-005 9.996E-005 9.996E-005
0.28951 0.377408 0.0326726 0.0957747 0.204534 9.99991E-005
9.9973E-005 0.941766 0.0138969 9.9973E-005 0.0440368 9.9973E-005
0.142563 0.422078 0.0194141 9.9991E-005 0.303301 0.112543
9.996E-005 0.9995 9.996E-005 9.996E-005 9.996E-005 9.996E-005
0.104666 0.492172 0.0449486 0.0239084 0.321079 0.0132262
9.996E-005 0.9995 9.996E-005 9.996E-005 9.996E-005 9.996E-005
0.289742 0.461069 0.00689162 0.0265321 0.215665 9.9991E-005
0.119467 0.612606 0.0164355 0.0478584 0.203533 9.9991E-005
0.23412 0.475568 0.0218295 0.0939194 0.174462 9.9991E-005
0.149723 0.504849 0.0361535 9.9991E-005 0.283905 0.0252694
0.160585 0.423558 0.0198009 0.0644214 0.26276 0.0688746
0.809044 9.9982E-005 0.0335752 0.0352102 0.121971 9.9982E-005
0.9995 9.996E-005 9.996E-005 9.996E-005 9.996E-005 9.996E-005
0.893479 0.0438736 0.0373742 0.0169959 0.00817742 9.9991E-005
0.970698 9.99641E-005 9.99641E-005 9.99641E-005 0.028902 9.99641E-005
0.935162 0.0423217 0.0222165 9.99731E-005 9.99731E-005 9.99731E-005
0.9995 9.996E-005 9.996E-005 9.996E-005 9.996E-005 9.996E-005
0.981201 9.99641E-005 9.99641E-005 9.99641E-005 0.0183996 9.99641E-005
0.885888 0.0326238 9.9982E-005 9.9982E-005 0.0361791 0.0451089
0.990432 0.00916768 9.99641E-005 9.99641E-005 9.99641E-005 9.99641E-005
0.146952 0.0350968 0.0666907 0.166011 0.146108 0.439143
9.996E-005 9.996E-005 9.996E-005 9.996E-005 9.996E-005 0.9995
0.0278855 0.0218934 9.99821E-005 0.193682 9.99821E-005 0.756339
0.11422 9.9982E-005 0.144986 0.0373728 9.9982E-005 0.703222
9.9964E-005 9.9964E-005 9.9964E-005 0.23898 9.9964E-005 0.760621
0.0474818 0.0261972 0.12761 0.00420673 9.9991E-005 0.794404
0.117726 0.035245 0.147748 0.0852245 9.9991E-005 0.613956
0.154532 0.0150173 0.116683 0.0549192 0.0309388 0.627909
0.0255662 9.9991E-005 0.0948977 0.101253 0.0660258 0.712157
0.0868352 9.9991E-005 0.0726795 0.0119973 0.00167305 0.826715
0.0949196 0.0504427 0.170037 0.0782789 0.00352124 0.6028
0.0143587 9.9991E-005 0.147235 0.00495989 0.0978518 0.735495
9.9973E-005 9.9973E-005 0.133291 0.0961361 9.9973E-005 0.770273
0.0321419 0.0109776 0.12276 0.0727117 0.0189183 0.742491
0.0117763 0.0666567 0.311936 0.129797 0.0891444 0.390689
0.0362586 0.0573105 0.349222 0.0804416 0.12756 0.349207
0.120468 0.0412434 0.320742 0.0763697 0.0352735 0.405903
9.99821E-005 0.0294735 0.623734 0.224938 9.99821E-005 0.121655
0.0161301 0.0811997 0.527495 0.374975 9.9982E-005 9.9982E-005
9.996E-005 9.996E-005 0.9995 9.996E-005 9.996E-005 9.996E-005
9.996E-005 9.996E-005 0.9995 9.996E-005 9.996E-005 9.996E-005
0.0475185 0.0519686 0.611557 0.197618 0.0106855 0.0806519
9.9982E-005 0.0133397 0.593778 0.272966 9.9982E-005 0.119716
9.996E-005 9.996E-005 0.9995 9.996E-005 9.996E-005 9.996E-005
9.996E-005 9.996E-005 0.9995 9.996E-005 9.996E-005 9.996E-005
9.9991E-005 0.0350087 0.58734 0.202456 0.076469 0.0986255
9.996E-005 9.996E-005 0.9995 9.996E-005 9.996E-005 9.996E-005
9.996E-005 9.996E-005 0.9995 9.996E-005 9.996E-005 9.996E-005
9.996E-005 9.996E-005 0.9995 9.996E-005 9.996E-005 9.996E-005
9.996E-005 9.996E-005 0.9995 9.996E-005 9.996E-005 9.996E-005
9.9964E-005 0.0127135 0.986887 9.9964E-005 9.9964E-005 9.9964E-005
0.304087 0.333445 9.9991E-005 0.0521057 0.286119 0.0241437
0.960302 0.0303238 9.99731E-005 9.99731E-005 0.00907466 9.99731E-005
0.95259 0.0470101 9.99641E-005 9.99641E-005 9.99641E-005 9.99641E-005
9.99641E-005 9.99641E-005 0.0419588 0.957641 9.99641E-005 9.99641E-005
9.99641E-005 9.99641E-005 0.0580875 0.941513 9.99641E-005 9.99641E-005
9.99641E-005 9.99641E-005 0.0290052 0.970595 9.99641E-005 9.99641E-005
0.016474 0.00399933 9.99731E-005 0.979227 9.99731E-005 9.99731E-005
9.99821E-005 0.0065938 0.017375 0.96011 0.0157218 9.99821E-005
9.9973E-005 0.0344613 0.0101959 0.955043 9.9973E-005 9.9973E-005
9.99731E-005 0.0594796 0.00885853 0.931362 9.99731E-005 9.99731E-005
0.0160707 9.99821E-005 0.0143766 0.946781 0.0225721 9.99821E-005
0.012421 0.0378009 9.99731E-005 0.949478 9.99731E-005 9.99731E-005
9.9973E-005 9.9973E-005 9.9973E-005 0.949371 0.0434004 0.00692846
9.99731E-005 0.00850185 0.0143064 0.976892 9.99731E-005 9.99731E-005
9.99821E-005 0.0209174 0.0141095 0.924656 9.99821E-005 0.0401168
9.99671E-005 9.99671E-005 9.99671E-005 0.97248 9.99671E-005 0.0271203
9.99641E-005 9.99641E-005 0.0319637 0.967636 9.99641E-005 9.99641E-005
9.99641E-005 9.99641E-005 9.99641E-005 0.977138 0.0224621 9.99641E-005
9.99731E-005 0.0428318 9.99731E-005 0.931286 0.0255826 9.99731E-005
9.99641E-005 9.99641E-005 0.0561321 0.943468 9.99641E-005 9.99641E-005
0.0335606 9.99641E-005 9.99641E-005 0.96604 9.99641E-005 9.99641E-005
9.99731E-005 9.99731E-005 0.00120645 0.986857 9.99731E-005 0.0116367
9.9982E-005 0.0374738 0.025353 0.920495 0.0164784 9.9982E-005
9.99731E-005 0.0130291 0.0135031 0.973168 9.99731E-005 9.99731E-005
0.00315692 9.9982E-005 0.0362125 0.905464 0.0549667 9.9982E-005
9.99641E-005 9.99641E-005 9.99641E-005 0.983357 0.0162427 9.99641E-005
9.9973E-005 0.00894613 9.9973E-005 0.884744 9.9973E-005 0.10601
9.99641E-005 9.99641E-005 0.00849814 0.991102 9.99641E-005 9.99641E-005
9.9982E-005 0.024928 9.9982E-005 0.921843 0.00241211 0.0506168
9.9982E-005 0.0620798 0.619155 0.2659 9.9982E-005 0.0526654
0.0278007 0.170303 0.389913 0.165242 0.0515404 0.1952
0.0262086 0.0547189 0.440823 0.374281 0.0276675 0.0763012
0.565978 0.0500667 0.0684781 9.99821E-005 0.315278 9.99821E-005
0.723993 9.9982E-005 0.00759455 0.00692704 0.261285 9.9982E-005
0.684576 0.0169924 0.0286269 0.00465072 0.265054 9.9991E-005
0.603825 0.0655595 0.00703137 9.9982E-005 0.323384 9.9982E-005
0.73971 9.99731E-005 0.0172566 9.99731E-005 0.242733 9.99731E-005
0.673891 0.00910383 9.99731E-005 9.99731E-005 0.316705 9.99731E-005
0.545381 0.0942355 0.0510002 9.9991E-005 0.271266 0.0380178
0.994832 0.00476844 9.99641E-005 9.99641E-005 9.99641E-005 9.99641E-005
0.9995 9.996E-005 9.996E-005 9.996E-005 9.996E-005 9.996E-005
0.891193 0.0947579 0.0137488 9.99731E-005 9.99731E-005 9.99731E-005
0.30683 0.175702 9.99731E-005 0.517168 9.99731E-005 9.99731E-005
0.113717 0.115209 9.9991E-005 0.0993315 0.508582 0.163061
9.9991E-005 0.0748591 0.00750759 0.232947 0.157813 0.526774
0.00840975 0.0469033 0.272989 0.166652 9.9991E-005 0.504946
9.9991E-005 0.0266961 0.366298 0.0380698 0.138155 0.430681
9.99642E-005 9.99642E-005 9.99642E-005 0.693756 9.99642E-005 0.305845
9.99821E-005 0.0140974 0.0217356 0.959422 0.00454506 9.99821E-005
0.0199289 9.99641E-005 9.99641E-005 0.979671 9.99641E-005 9.99641E-005
9.9982E-005 0.0276968 9.9982E-005 0.893843 0.0101927 0.0680673
9.996E-005 9.996E-005 9.996E-005 0.9995 9.996E-005 9.996E-005
9.9973E-005 0.00198198 9.9973E-005 0.93951 9.9973E-005 0.0582077
9.99731E-005 9.99731E-005 0.0181507 0.963411 9.99731E-005 0.0181384
0.0119989 9.99731E-005 0.0297619 0.957939 9.99731E-005 9.99731E-005
9.996E-005 9.996E-005 9.996E-005 0.9995 9.996E-005 9.996E-005
0.0377456 0.0105715 0.000546002 0.950937 9.9982E-005 9.9982E-005
9.99641E-005 9.99641E-005 0.0483645 0.951236 9.99641E-005 9.99641E-005
0.0110784 9.99641E-005 9.99641E-005 0.988522 9.99641E-005 9.99641E-005
0.0289986 9.99731E-005 0.0218118 0.94889 9.99731E-005 9.99731E-005
0.0605454 0.011884 9.99731E-005 0.927271 9.99731E-005 9.99731E-005
9.99731E-005 0.0495885 9.99731E-005 0.94966 9.99731E-005 0.000451551
9.99641E-005 9.99641E-005 9.99641E-005 0.930458 9.99641E-005 0.0691424
0.278994 0.314877 0.0751348 0.0437825 0.287112 9.9991E-005
0.258718 0.333822 0.017499 0.0536193 0.336242 9.9991E-005
0.226624 0.344794 0.0490579 0.0247672 0.354657 9.9991E-005
0.9995 9.996E-005 9.996E-005 9.996E-005 9.996E-005 9.996E-005
0.980615 0.0189856 9.99641E-005 9.99641E-005 9.99641E-005 9.99641E-005
0.9995 9.996E-005 9.996E-005 9.996E-005 9.996E-005 9.996E-005
0.947918 0.051682 9.99641E-005 9.99641E-005 9.99641E-005 9.99641E-005
0.0044289 0.0219827 0.321815 0.0452837 0.0626707 0.543819
0.0381128 0.036947 0.314981 0.0668694 0.0419022 0.501188
0.106376 0.00777547 0.342817 0.0876337 0.124717 0.330681
0.25138 0.353222 0.0384229 0.0564135 0.300461 9.9991E-005
0.236597 0.348348 0.0223489 0.0235024 0.3076 0.0616028
0.193135 0.285068 0.031191 0.113876 0.341006 0.0357233
0.202971 0.353889 0.0454374 0.0943513 0.266494 0.0368571
