9.9982E-005 0.929226 0.0106692 0.0241962 9.9982E-005 0.0293522 0.00635651
9.99551E-005 0.986953 9.99551E-005 0.012547 9.99551E-005 9.99551E-005 9.99551E-005
9.99551E-005 0.966127 9.99551E-005 0.0333732 9.99551E-005 9.99551E-005 9.99551E-005
0.159624 0.729258 9.99731E-005 0.0274149 9.99731E-005 0.0834036 9.99731E-005
9.99641E-005 0.874559 9.99641E-005 0.00506988 9.99641E-005 0.119971 9.99641E-005
9.995E-005 0.9994 9.995E-005 9.995E-005 9.995E-005 9.995E-005 9.995E-005
9.99551E-005 0.976408 9.99551E-005 0.023092 9.99551E-005 9.99551E-005 9.99551E-005
0.10299 0.776867 0.0261688 9.9982E-005 9.9982E-005 0.0704626 0.0233119
0.0268295 0.888314 9.9973E-005 9.9973E-005 0.0823482 9.9973E-005 0.0022087
9.99551E-005 0.89635 9.99551E-005 9.99551E-005 0.10315 9.99551E-005 9.99551E-005
9.99641E-005 0.876105 9.99641E-005 9.99641E-005 0.0770173 9.99641E-005 0.0464778
0.0271356 0.640689 9.99731E-005 0.142158 9.99731E-005 0.189718 9.99731E-005
0.0920741 0.747212 0.00786995 0.0395986 0.00954922 0.09132 0.0123763
0.043068 0.7031 0.0145492 9.99821E-005 0.0507074 0.188376 9.99821E-005
0.253235 0.462405 0.0428959 0.06001 0.0041423 0.110515 0.0667973
0.119418 0.606658 0.0083785 0.0554966 9.9991E-005 0.188806 0.0211426
0.086517 0.625428 9.99731E-005 0.0677635 9.99731E-005 0.219992 9.99731E-005
0.0103155 0.591633 9.9982E-005 0.0388384 9.9982E-005 0.290534 0.0684784
9.99731E-005 0.129795 9.99731E-005 0.738971 0.0102558 0.120678 9.99731E-005
0.0243984 0.317305 9.99821E-005 0.428331 0.0326126 0.197153 9.99821E-005
0.0644008 0.167358 9.99821E-005 0.500443 9.99821E-005 0.254774 0.012824
0.00873291 0.219715 9.9991E-005 0.555344 0.0663906 0.146994 0.00272331
9.9982E-005 0.209912 9.9982E-005 0.438215 0.113584 0.156436 0.081653
9.995E-005 9.995E-005 9.995E-005 0.9994 9.995E-005 9.995E-005 9.995E-005
9.995E-005 9.995E-005 9.995E-005 0.9994 9.995E-005 9.995E-005 9.995E-005
9.995E-005 9.995E-005 9.995E-005 0.9994 9.995E-005 9.995E-005 9.995E-005
0.0713859 0.199813 0.0186605 0.372825 0.0821771 0.255039 9.9991E-005
9.99551E-005 0.0347897 9.99551E-005 0.964711 9.99551E-005 9.99551E-005 9.99551E-005
0.0769604 0.253632 0.0261952 0.416731 9.9991E-005 0.173484 0.0528967
9.995E-005 9.995E-005 9.995E-005 0.9994 9.995E-005 9.995E-005 9.995E-005
0.0996154 0.267664 0.0169822 0.493621 9.9982E-005 0.121918 9.9982E-005
9.995E-005 9.995E-005 9.995E-005 0.9994 9.995E-005 9.995E-005 9.995E-005
9.9991E-005 0.23509 0.022384 0.441041 0.0206452 0.270965 0.00977535
9.99821E-005 0.195156 0.0370767 0.607362 0.0397535 0.120451 9.99821E-005
9.999E-005 0.156105 0.011671 0.499533 0.0935975 0.233656 0.00533736
0.0497367 0.264348 0.00882696 0.509833 9.9982E-005 0.167055 9.9982E-005
0.0852735 0.270327 0.0281898 0.430039 0.0265328 0.115337 0.0443012
9.99731E-005 0.130747 9.99731E-005 0.000207506 0.0597026 0.809043 9.99731E-005
9.99551E-005 9.99551E-005 9.99551E-005 9.99551E-005 9.99551E-005 0.993458 0.00604212
9.99821E-005 0.0155969 0.0339028 0.0422057 0.0186344 0.88946 9.99821E-005
9.99551E-005 9.99551E-005 9.99551E-005 9.99551E-005 9.99551E-005 0.980623 0.0188768
9.9982E-005 0.0179874 0.030844 0.0349337 9.9982E-005 0.908309 0.00772603
0.00464181 9.99641E-005 0.000139187 9.99641E-005 9.99641E-005 0.994819 9.99641E-005
9.995E-005 9.995E-005 9.995E-005 9.995E-005 9.995E-005 0.9994 9.995E-005
0.0746951 0.0240551 9.99731E-005 0.0121958 9.99731E-005 0.888754 9.99731E-005
9.99551E-005 9.99551E-005 9.99551E-005 0.00546615 9.99551E-005 0.994034 9.99551E-005
0.750833 0.0750774 9.99821E-005 0.0332445 0.050048 0.0905975 9.99821E-005
9.995E-005 9.995E-005 9.995E-005 9.995E-005 9.995E-005 9.995E-005 0.9994
9.99639E-005 9.99639E-005 9.99639E-005 9.99639E-005 0.0293377 0.0439892 0.926273
0.929968 9.99552E-005 9.99552E-005 9.99552E-005 9.99552E-005 0.0695324 9.99552E-005
0.343464 9.99639E-005 9.99639E-005 9.99639E-005 0.110579 9.99639E-005 0.545557
0.9994 9.995E-005 9.995E-005 9.995E-005 9.995E-005 9.995E-005 9.995E-005
0.878103 9.9982E-005 0.0497208 0.0315813 0.00197475 0.0384201 9.9982E-005
0.830565 0.0188196 0.0101684 0.0294121 9.9991E-005 0.10639 0.00454436
0.988255 0.0112449 9.99552E-005 9.99552E-005 9.99552E-005 9.99552E-005 9.99552E-005
0.965819 0.0336812 9.99551E-005 9.99551E-005 9.99551E-005 9.99551E-005 9.99551E-005
0.854753 9.9982E-005 0.0596418 0.0499315 0.00255263 0.032921 9.9982E-005
0.923285 0.0580655 0.00847174 9.99731E-005 9.99731E-005 9.99731E-005 0.00987769
0.997153 9.99551E-005 9.99551E-005 9.99551E-005 0.00234764 9.99551E-005 9.99551E-005
0.991943 9.99551E-005 9.99551E-005 0.00755753 9.99551E-005 9.99551E-005 9.99551E-005
0.571612 0.0357752 0.229603 0.0770259 0.0754372 0.0104468 9.9991E-005
0.555335 0.0430414 0.263604 0.0683117 0.018522 0.0375049 0.0136812
0.62709 0.0213799 0.2418 0.0379894 0.0029063 0.0687338 9.9991E-005
0.215329 9.99821E-005 0.551116 0.020489 0.208674 9.99821E-005 0.00419133
0.10529 9.99731E-005 0.472257 0.0621583 0.359995 9.99731E-005 9.99731E-005
9.995E-005 9.995E-005 0.9994 9.995E-005 9.995E-005 9.995E-005 9.995E-005
9.995E-005 9.995E-005 0.9994 9.995E-005 9.995E-005 9.995E-005 9.995E-005
0.176295 9.99821E-005 0.548482 0.0302279 0.205502 0.0392937 9.99821E-005
0.221223 9.99641E-005 0.523586 9.99641E-005 0.254792 9.99641E-005 9.99641E-005
9.99641E-005 0.0194569 0.979268 9.99641E-005 9.99641E-005 0.000874942 9.99641E-005
9.995E-005 9.995E-005 0.9994 9.995E-005 9.995E-005 9.995E-005 9.995E-005
0.243208 0.0191906 0.531848 0.0495924 0.155961 9.9982E-005 9.9982E-005
9.995E-005 9.995E-005 0.9994 9.995E-005 9.995E-005 9.995E-005 9.995E-005
9.995E-005 9.995E-005 0.9994 9.995E-005 9.995E-005 9.995E-005 9.995E-005
9.995E-005 9.995E-005 0.9994 9.995E-005 9.995E-005 9.995E-005 9.995E-005
9.99551E-005 9.99551E-005 0.996895 9.99551E-005 0.00260542 9.99551E-005 9.99551E-005
9.9955E-005 9.9955E-005 0.985909 0.0135909 9.9955E-005 9.9955E-005 9.9955E-005
9.9991E-005 0.271708 0.0111389 0.340429 0.0474532 0.30284 0.0263305
9.9973E-005 0.0153256 9.9973E-005 0.0374609 9.9973E-005 0.927706 0.0192075
9.99551E-005 9.99551E-005 9.99551E-005 0.0566472 9.99551E-005 0.942853 9.99551E-005
9.99551E-005 9.99551E-005 0.0388564 9.99551E-005 0.960644 9.99551E-005 9.99551E-005
9.99551E-005 9.99551E-005 0.0565762 9.99551E-005 0.942924 9.99551E-005 9.99551E-005
9.99551E-005 9.99551E-005 0.0290817 9.99551E-005 0.970419 9.99551E-005 9.99551E-005
9.99551E-005 9.99551E-005 9.99551E-005 9.99551E-005 0.983497 0.0160028 9.99551E-005
0.0588558 9.99641E-005 0.00503555 9.99641E-005 0.935709 9.99641E-005 9.99641E-005
0.000693975 9.99641E-005 9.99641E-005 0.0339127 0.964993 9.99641E-005 9.99641E-005
9.99641E-005 9.99641E-005 0.00084292 0.0623805 0.936377 9.99641E-005 9.99641E-005
0.0626026 0.00200606 0.00806452 9.99731E-005 0.927027 9.99731E-005 9.99731E-005
0.0163694 9.99731E-005 9.99731E-005 0.0405806 0.934234 0.00851597 9.99731E-005
0.0280661 0.0298645 9.99641E-005 9.99641E-005 0.941669 9.99641E-005 9.99641E-005
9.99552E-005 9.99552E-005 9.99552E-005 9.99552E-005 0.990405 0.00909553 9.99552E-005
0.0202463 9.99731E-005 0.0305038 9.99731E-005 0.883128 9.99731E-005 0.065822
0.0397558 9.99551E-005 9.99551E-005 9.99551E-005 0.959744 9.99551E-005 9.99551E-005
9.99551E-005 9.99551E-005 0.0245591 9.99551E-005 0.974941 9.99551E-005 9.99551E-005
0.0191044 0.00700297 9.99641E-005 9.99641E-005 0.973493 9.99641E-005 9.99641E-005
9.9982E-005 0.0261944 9.9982E-005 0.0282251 0.916365 0.00459982 0.0244155
9.99551E-005 9.99551E-005 0.0739605 9.99551E-005 0.92554 9.99551E-005 9.99551E-005
9.99731E-005 0.00957081 0.00238017 9.99731E-005 0.957164 0.0305855 9.99731E-005
0.0246855 9.99641E-005 0.00189123 9.99641E-005 0.973023 9.99641E-005 9.99641E-005
9.9982E-005 0.00952702 0.0215575 0.0312828 0.926746 9.9982E-005 0.0106868
9.99641E-005 9.99641E-005 0.0140966 0.0084678 0.977036 9.99641E-005 9.99641E-005
9.99821E-005 0.0101681 0.05038 0.00208631 0.907333 0.0298326 9.99821E-005
9.99641E-005 0.0172532 0.023254 9.99641E-005 0.959093 9.99641E-005 9.99641E-005
0.125447 9.99641E-005 9.99641E-005 0.00551552 0.868638 9.99641E-005 9.99641E-005
9.99551E-005 9.99551E-005 0.0286782 9.99551E-005 0.970822 9.99551E-005 9.99551E-005
0.0241899 9.99731E-005 9.99731E-005 0.0412925 0.921988 9.99731E-005 0.0122296
0.183671 9.99731E-005 0.547067 0.0390942 0.229868 9.99731E-005 9.99731E-005
0.209804 0.0601632 0.333342 0.15545 0.159522 0.030546 0.0511724
0.221974 9.99731E-005 0.38465 0.0553336 0.337742 9.99731E-005 9.99731E-005
9.9982E-005 0.292167 0.0675533 0.0479038 9.9982E-005 0.581012 0.0111641
9.99641E-005 0.309921 9.99641E-005 9.99641E-005 0.0187069 0.670972 9.99641E-005
0.0780877 0.267792 9.99731E-005 0.0111007 9.99731E-005 0.642719 9.99731E-005
9.99731E-005 0.366354 0.0191749 0.0518983 9.99731E-005 0.562273 9.99731E-005
0.00667569 0.256621 0.00214472 9.99731E-005 9.99731E-005 0.734259 9.99731E-005
9.99641E-005 0.354844 9.99641E-005 0.0052215 9.99641E-005 0.639535 9.99641E-005
0.0274701 0.266182 0.0413114 0.110493 9.9991E-005 0.536869 0.0175742
9.99551E-005 9.99551E-005 9.99551E-005 9.99551E-005 9.99551E-005 0.997233 0.00226712
9.995E-005 9.995E-005 9.995E-005 9.995E-005 9.995E-005 0.9994 9.995E-005
9.99641E-005 9.99641E-005 0.0355692 0.0924837 9.99641E-005 0.871547 9.99641E-005
9.99641E-005 9.99641E-005 9.99641E-005 0.173088 0.51224 0.314272 9.99641E-005
0.139021 0.524913 9.9991E-005 0.121585 0.0428037 0.0824723 0.0891047
9.9991E-005 0.134037 0.0529394 0.0310544 0.0582674 0.00291681 0.720685
0.672648 9.99731E-005 0.161698 0.0342854 0.131069 9.99731E-005 9.99731E-005
0.632598 0.0841275 0.274353 0.00862246 9.99731E-005 9.99731E-005 9.99731E-005
9.99548E-005 9.99548E-005 9.99548E-005 9.99548E-005 0.334853 9.99548E-005 0.664648
0.0365022 0.00190717 0.0107377 9.99731E-005 0.950553 9.99731E-005 9.99731E-005
9.99552E-005 9.99552E-005 9.99552E-005 9.99552E-005 0.972194 0.0273059 9.99552E-005
9.9982E-005 0.0251698 0.00699357 0.0133046 0.894174 9.9982E-005 0.0601582
9.99551E-005 9.99551E-005 9.99551E-005 9.99551E-005 0.979671 9.99551E-005 0.0198289
0.0305091 9.9973E-005 9.9973E-005 0.00404871 0.950661 9.9973E-005 0.0144815
0.0257464 9.99731E-005 0.0297683 9.99731E-005 0.920879 9.99731E-005 0.0233068
9.99641E-005 9.99641E-005 0.0273116 9.99641E-005 0.951315 0.020974 9.99641E-005
9.99552E-005 9.99552E-005 9.99552E-005 0.000982464 0.998518 9.99552E-005 9.99552E-005
9.99731E-005 9.99731E-005 0.0170504 0.00126696 0.945771 0.0356114 9.99731E-005
9.99552E-005 9.99552E-005 0.0503112 9.99552E-005 0.949189 9.99552E-005 9.99552E-005
9.99641E-005 0.00838379 9.99641E-005 9.99641E-005 0.987519 0.00369703 9.99641E-005
9.99641E-005 9.99641E-005 0.0287641 9.99641E-005 0.965604 0.00523201 9.99641E-005
9.99641E-005 9.99641E-005 9.99641E-005 0.0192815 0.938675 0.0416441 9.99641E-005
0.0127751 9.99641E-005 9.99641E-005 0.0400497 0.946775 9.99641E-005 9.99641E-005
0.052448 9.99641E-005 9.99641E-005 9.99641E-005 0.907791 9.99641E-005 0.0393612
9.99821E-005 0.313932 0.0664774 0.326511 0.0491437 0.243736 9.99821E-005
9.9982E-005 0.365135 0.0216017 0.351995 0.0490828 0.211986 9.9982E-005
9.9982E-005 0.344478 0.0467051 0.355472 0.0348699 0.218275 9.9982E-005
0.00100765 9.99551E-005 9.99551E-005 9.99551E-005 9.99551E-005 0.998493 9.99551E-005
9.99551E-005 9.99551E-005 9.99551E-005 0.00935178 9.99551E-005 0.990148 9.99551E-005
0.0340694 9.99552E-005 9.99552E-005 9.99552E-005 9.99552E-005 0.965431 9.99552E-005
0.0398456 9.99641E-005 9.99641E-005 0.0463555 9.99641E-005 0.913399 9.99641E-005
0.737396 9.99641E-005 0.234214 0.0279904 9.99641E-005 9.99641E-005 9.99641E-005
0.730775 9.99641E-005 0.217382 0.0514428 9.99641E-005 9.99641E-005 9.99641E-005
0.537993 0.0258277 0.247794 0.0242451 0.0232846 0.110461 0.0303947
0.00113286 0.288287 0.0406361 0.383106 0.0487029 0.229109 0.00902585
0.0436829 0.278107 0.0021439 0.369419 0.0258033 0.219602 0.0612418
0.0765394 0.340106 0.0177981 0.2902 0.0973408 0.177915 9.9991E-005
9.9991E-005 0.247792 0.0434315 0.36464 0.0907743 0.193599 0.0596629
