0.941569 9.99731E-005 0.0274273 0.0289279 0.0017759 9.99731E-005 9.99731E-005
0.971877 9.99551E-005 9.99551E-005 0.0276228 9.99551E-005 9.99551E-005 9.99551E-005
0.951022 9.99551E-005 9.99551E-005 0.0484778 9.99551E-005 9.99551E-005 9.99551E-005
0.724803 0.00312924 0.0711101 0.00479959 0.0612224 0.0117098 0.123225
0.869396 9.99641E-005 0.101667 0.0285378 9.99641E-005 9.99641E-005 9.99641E-005
0.9994 9.995E-005 9.995E-005 9.995E-005 9.995E-005 9.995E-005 9.995E-005
0.988958 9.9955E-005 9.9955E-005 0.0105418 9.9955E-005 9.9955E-005 9.9955E-005
0.748463 9.9982E-005 0.0335376 9.9982E-005 0.0984185 0.0241815 0.0951992
0.84839 0.0982939 9.9973E-005 9.9973E-005 0.010795 9.9973E-005 0.0422215
0.837785 0.0972719 9.99641E-005 9.99641E-005 9.99641E-005 9.99641E-005 0.0645436
0.916343 0.0831574 9.99551E-005 9.99551E-005 9.99551E-005 9.99551E-005 9.99551E-005
0.597328 9.99731E-005 0.194063 0.0779836 9.99731E-005 9.99731E-005 0.130325
0.685739 9.9987E-005 0.129575 9.9987E-005 0.0630351 0.0392296 0.0822218
0.693741 0.0566227 0.224844 9.99821E-005 0.00855739 0.0160346 9.99821E-005
0.385422 0.0110609 0.111231 9.9991E-005 0.249409 0.0655643 0.177212
0.542428 9.9982E-005 0.139564 9.9982E-005 0.0587449 0.0222787 0.236784
0.574455 9.9982E-005 0.221052 0.02377 0.057013 9.9982E-005 0.12351
0.547436 9.9973E-005 0.210558 9.9973E-005 0.0785879 9.9973E-005 0.163118
0.0757127 9.99731E-005 0.101116 0.568675 9.99731E-005 9.99731E-005 0.254195
0.0386547 9.99731E-005 0.0152437 0.0936432 9.99731E-005 9.99731E-005 0.852159
9.99551E-005 9.99551E-005 9.99551E-005 0.161755 9.99551E-005 9.99551E-005 0.837745
0.0586724 0.0304055 0.0241484 0.294137 9.9991E-005 0.0044551 0.588082
9.99641E-005 0.0316642 9.99641E-005 0.0883284 9.99641E-005 9.99641E-005 0.879608
9.995E-005 9.995E-005 9.995E-005 0.9994 9.995E-005 9.995E-005 9.995E-005
9.995E-005 9.995E-005 9.995E-005 0.9994 9.995E-005 9.995E-005 9.995E-005
9.995E-005 9.995E-005 9.995E-005 0.9994 9.995E-005 9.995E-005 9.995E-005
9.9982E-005 0.0451356 0.0973592 0.126109 0.0143793 9.9982E-005 0.716817
0.0038059 9.9973E-005 9.9973E-005 0.789273 9.9973E-005 0.0114581 0.195163
9.99641E-005 9.99641E-005 9.99641E-005 0.0907742 0.0350267 9.99641E-005 0.873799
9.995E-005 9.995E-005 9.995E-005 0.9994 9.995E-005 9.995E-005 9.995E-005
0.0860258 9.9982E-005 9.9982E-005 0.212641 0.00508968 0.0135759 0.682468
9.995E-005 9.995E-005 9.995E-005 0.9994 9.995E-005 9.995E-005 9.995E-005
9.99641E-005 9.99641E-005 0.0698484 0.152415 9.99641E-005 9.99641E-005 0.777337
9.99641E-005 0.00747109 9.99641E-005 0.319569 9.99641E-005 9.99641E-005 0.67256
9.9982E-005 0.0290761 0.0408112 0.215561 9.9982E-005 0.00715852 0.707193
0.0219942 9.99641E-005 9.99641E-005 0.171934 9.99641E-005 9.99641E-005 0.805672
0.00750904 0.012159 9.9991E-005 0.159401 0.0766713 0.00173661 0.742423
0.0855391 0.0432574 0.783902 9.99821E-005 9.99821E-005 0.0258771 0.0612246
9.995E-005 9.995E-005 0.9994 9.995E-005 9.995E-005 9.995E-005 9.995E-005
0.0344858 0.0267931 0.890626 0.0194813 9.99821E-005 0.0284135 9.99821E-005
9.99641E-005 0.000738573 0.973276 9.99641E-005 9.99641E-005 9.99641E-005 0.0255853
9.99731E-005 9.99731E-005 0.911596 0.035635 9.99731E-005 0.0410848 0.0113848
9.99551E-005 9.99551E-005 0.992421 0.00707893 9.99551E-005 9.99551E-005 9.99551E-005
0.00241134 9.99731E-005 0.985491 9.99731E-005 9.99731E-005 0.00929742 0.0024999
0.0336823 9.9982E-005 0.873336 0.0341689 0.0363083 9.9982E-005 0.0223044
9.99551E-005 9.99551E-005 0.985664 0.0138365 9.99551E-005 9.99551E-005 9.99551E-005
0.195278 0.171587 0.125567 0.0504163 0.411246 0.0458053 9.9991E-005
9.995E-005 9.995E-005 9.995E-005 9.995E-005 0.9994 9.995E-005 9.995E-005
9.99642E-005 0.144335 9.99642E-005 9.99642E-005 0.766158 9.99642E-005 0.0891074
0.0434771 0.0315672 0.116156 9.9982E-005 0.675941 0.132658 9.9982E-005
9.9955E-005 0.205508 9.9955E-005 9.9955E-005 0.793992 9.9955E-005 9.9955E-005
0.0396146 0.00807535 0.0524431 0.0519534 0.736388 0.111425 9.9991E-005
9.9991E-005 0.0758687 0.0719844 0.016074 0.603172 0.121598 0.111203
0.0949405 0.0698756 0.139921 0.0335588 0.558769 0.102835 9.9991E-005
0.129226 0.0997131 0.00916576 0.000977058 0.676822 0.0839958 9.9991E-005
0.114522 0.022053 0.0604055 9.9982E-005 0.750846 0.0519736 9.9982E-005
0.010202 0.0697148 0.111616 0.0657454 0.586114 0.156508 9.9991E-005
0.157096 0.0287495 0.010448 9.9982E-005 0.667631 0.135876 9.9982E-005
0.0666043 0.0912786 9.9982E-005 0.00798529 0.728051 0.10588 9.9982E-005
9.9982E-005 0.0710753 0.00100223 9.9982E-005 0.695173 0.101682 0.130867
0.0332379 0.110902 9.9991E-005 0.00659528 0.351598 0.31699 0.180577
0.0166633 0.0435914 9.9982E-005 9.9982E-005 0.342604 0.338218 0.258723
0.0738061 0.0962751 0.0746997 0.0259746 0.329426 0.312853 0.0869653
0.00704703 0.229248 9.9991E-005 0.0261222 0.102714 0.626664 0.0081051
9.99731E-005 0.375852 0.0304683 0.0664103 9.99731E-005 0.52697 9.99731E-005
9.995E-005 9.995E-005 9.995E-005 9.995E-005 9.995E-005 0.9994 9.995E-005
9.995E-005 9.995E-005 9.995E-005 9.995E-005 9.995E-005 0.9994 9.995E-005
0.0119592 0.19763 0.0223262 9.9991E-005 0.0671103 0.602489 0.0983852
9.99731E-005 0.288319 9.99731E-005 0.0156804 0.11899 0.57671 9.99731E-005
9.99551E-005 9.99551E-005 0.00797305 9.99551E-005 9.99551E-005 0.991527 9.99551E-005
9.995E-005 9.995E-005 9.995E-005 9.995E-005 9.995E-005 0.9994 9.995E-005
9.99731E-005 0.174244 9.99731E-005 9.99731E-005 0.0893919 0.573454 0.16261
9.995E-005 9.995E-005 9.995E-005 9.995E-005 9.995E-005 0.9994 9.995E-005
9.995E-005 9.995E-005 9.995E-005 9.995E-005 9.995E-005 0.9994 9.995E-005
9.995E-005 9.995E-005 9.995E-005 9.995E-005 9.995E-005 0.9994 9.995E-005
9.995E-005 9.995E-005 9.995E-005 9.995E-005 9.995E-005 0.9994 9.995E-005
9.99551E-005 9.99551E-005 9.99551E-005 0.0192111 9.99551E-005 0.980289 9.99551E-005
9.995E-005 9.995E-005 9.995E-005 9.995E-005 9.995E-005 9.995E-005 0.9994
0.0115551 9.99731E-005 0.956503 0.0309006 9.99731E-005 0.000741133 9.99731E-005
9.99551E-005 9.99551E-005 0.949862 0.0496379 9.99551E-005 9.99551E-005 9.99551E-005
9.99641E-005 0.958549 9.99641E-005 0.00344046 9.99641E-005 0.0376109 9.99641E-005
9.99551E-005 0.940736 9.99551E-005 9.99551E-005 9.99551E-005 0.0587638 9.99551E-005
9.99551E-005 0.967065 9.99551E-005 9.99551E-005 9.99551E-005 0.0324356 9.99551E-005
9.99641E-005 0.980872 0.0175331 0.00119544 9.99641E-005 9.99641E-005 9.99641E-005
0.0129292 0.959286 9.99821E-005 0.00567114 0.0137748 0.00813908 9.99821E-005
9.99641E-005 0.965128 9.99641E-005 0.0313295 9.99641E-005 0.00314302 9.99641E-005
9.99731E-005 0.935628 9.99731E-005 0.0474317 9.99731E-005 0.0091092 0.00753134
0.024332 0.947648 0.0276012 9.99731E-005 9.99731E-005 0.000119232 9.99731E-005
9.99641E-005 0.929048 9.99641E-005 0.00514858 9.99641E-005 9.99641E-005 0.0654035
0.0416202 0.954446 9.99641E-005 0.00353428 9.99641E-005 9.99641E-005 9.99641E-005
9.99641E-005 0.988484 0.00796939 0.00314656 9.99641E-005 9.99641E-005 9.99641E-005
9.99731E-005 0.913791 9.99731E-005 0.00633478 0.0624528 0.0171213 9.99731E-005
0.00421789 0.960928 9.99731E-005 9.99731E-005 0.0221283 0.0124261 9.99731E-005
9.99551E-005 0.964073 9.99551E-005 9.99551E-005 9.99551E-005 0.0354269 9.99551E-005
0.0242482 0.975252 9.99551E-005 9.99551E-005 9.99551E-005 9.99551E-005 9.99551E-005
0.0251928 0.934922 9.9982E-005 0.0347094 0.00467322 9.9982E-005 0.000302479
9.99551E-005 0.929147 9.99551E-005 9.99551E-005 9.99551E-005 0.0703532 9.99551E-005
9.99551E-005 0.964829 0.0346716 9.99551E-005 9.99551E-005 9.99551E-005 9.99551E-005
9.99641E-005 0.94965 9.99641E-005 9.99641E-005 0.0237908 0.0261591 9.99641E-005
9.99641E-005 0.89034 9.99641E-005 9.99641E-005 9.99641E-005 0.0253481 0.0839121
9.99641E-005 0.979237 9.99641E-005 9.99641E-005 9.99641E-005 0.00206268 0.0183005
0.00665555 0.90159 0.0259298 9.99821E-005 9.99821E-005 0.044077 0.0215475
0.0311436 0.968357 9.99551E-005 9.99551E-005 9.99551E-005 9.99551E-005 9.99551E-005
9.99641E-005 0.88124 9.99641E-005 0.0181315 0.100228 9.99641E-005 9.99641E-005
9.99551E-005 0.982629 9.99551E-005 9.99551E-005 9.99551E-005 0.0168712 9.99551E-005
0.0130408 0.917934 9.9973E-005 0.0129434 0.0557821 9.9973E-005 9.9973E-005
9.9982E-005 0.266747 9.9982E-005 0.00496212 0.0361624 0.603582 0.0883467
9.9982E-005 0.157088 9.9982E-005 0.0307948 0.13525 0.355264 0.321403
0.00165911 0.374556 0.0158912 0.0328014 0.0617034 0.44543 0.0679589
0.160937 9.99731E-005 0.485629 9.99731E-005 9.99731E-005 0.036058 0.317076
0.173212 9.99641E-005 0.648679 9.99641E-005 9.99641E-005 9.99641E-005 0.17771
0.231498 0.00501447 0.623125 9.99821E-005 9.99821E-005 0.00496927 0.135193
0.233823 9.99641E-005 0.520919 9.99641E-005 9.99641E-005 9.99641E-005 0.244858
0.155144 9.99731E-005 0.685024 9.99731E-005 9.99731E-005 0.0116332 0.147898
0.261343 9.99641E-005 0.61716 9.99641E-005 9.99641E-005 9.99641E-005 0.121097
0.222127 9.9991E-005 0.497552 0.0211468 0.0312344 0.0374742 0.190366
9.99551E-005 9.99551E-005 0.977507 0.0219929 9.99551E-005 9.99551E-005 9.99551E-005
9.995E-005 9.995E-005 0.9994 9.995E-005 9.995E-005 9.995E-005 9.995E-005
0.00402648 9.99731E-005 0.887828 0.0788301 9.99731E-005 0.0290154 9.99731E-005
9.99731E-005 0.455893 0.104219 0.0257752 9.99731E-005 9.99731E-005 0.413813
0.438387 0.0660542 0.0540376 0.0480035 0.182122 9.9991E-005 0.211296
0.10889 0.192345 9.9991E-005 0.0453769 0.538023 0.0297149 0.0855503
9.9982E-005 0.168187 9.9982E-005 0.00747146 0.475029 0.253931 0.095182
0.152687 0.0320309 9.9982E-005 9.9982E-005 0.406197 0.364312 0.0445729
9.99552E-005 0.645607 9.99552E-005 9.99552E-005 0.353893 9.99552E-005 9.99552E-005
0.0155741 0.948145 9.99731E-005 9.99731E-005 9.99731E-005 0.0119936 0.0239875
9.99552E-005 0.974614 0.0248865 9.99552E-005 9.99552E-005 9.99552E-005 9.99552E-005
9.99731E-005 0.897819 9.99731E-005 0.0150751 0.0470181 9.99731E-005 0.0397881
9.995E-005 0.9994 9.995E-005 9.995E-005 9.995E-005 9.995E-005 9.995E-005
9.99641E-005 0.949938 9.99641E-005 9.99641E-005 0.03485 9.99641E-005 0.0148126
9.99641E-005 0.94705 9.99641E-005 9.99641E-005 0.0308865 0.0216641 9.99641E-005
9.99731E-005 0.960457 0.0181577 0.00168523 9.99731E-005 0.0194 9.99731E-005
9.995E-005 0.9994 9.995E-005 9.995E-005 9.995E-005 9.995E-005 9.995E-005
9.99641E-005 0.956999 0.0325219 9.99641E-005 9.99641E-005 0.010079 9.99641E-005
9.99641E-005 0.945541 9.99641E-005 0.00597451 9.99641E-005 0.0480842 9.99641E-005
9.99592E-005 0.972874 9.99592E-005 9.99592E-005 9.99592E-005 9.99592E-005 0.0266262
9.99731E-005 0.942091 0.00200975 9.99731E-005 9.99731E-005 0.0178774 0.0377219
9.99551E-005 0.915309 9.99551E-005 9.99551E-005 9.99551E-005 9.99551E-005 0.0841917
9.99641E-005 0.951278 9.99641E-005 0.0285267 9.99641E-005 9.99641E-005 0.0197957
9.99551E-005 0.940548 9.99551E-005 9.99551E-005 0.0589526 9.99551E-005 9.99551E-005
0.0528993 9.99821E-005 0.105174 0.0918591 9.99821E-005 0.052081 0.697787
0.0948581 9.99731E-005 0.0221989 0.0697413 9.99731E-005 9.99731E-005 0.812902
0.150264 9.9982E-005 0.0926089 0.111128 9.9982E-005 0.0357134 0.610086
9.99551E-005 0.00599886 0.993501 9.99551E-005 9.99551E-005 9.99551E-005 9.99551E-005
9.99551E-005 9.99551E-005 0.961293 0.0382076 9.99551E-005 9.99551E-005 9.99551E-005
9.99552E-005 9.99552E-005 0.970712 9.99552E-005 9.99552E-005 9.99552E-005 0.0287884
9.99641E-005 9.99641E-005 0.940216 0.0583159 0.00106853 9.99641E-005 9.99641E-005
0.0584125 0.0520074 0.0101526 0.0137573 0.502329 0.307564 0.0557768
0.0582413 0.0657431 0.0335352 0.0370199 0.467663 0.302775 0.0350219
0.0653664 0.0664566 0.0465233 9.9991E-005 0.323307 0.320841 0.177406
0.0522774 9.99821E-005 0.0515467 0.0801635 9.99821E-005 0.01494 0.800872
0.0265422 9.99641E-005 9.99641E-005 0.0489919 9.99641E-005 9.99641E-005 0.924066
0.133714 0.0645867 9.9982E-005 0.0401926 9.9982E-005 0.0123067 0.749
9.99731E-005 0.0359017 9.99731E-005 0.0327971 9.99731E-005 0.0114545 0.919547
