0.706609 9.9991E-005 0.293291
0.691606 9.9991E-005 0.308294
0.709617 9.9991E-005 0.290283
0.679712 0.0373504 0.282937
0.767274 9.9991E-005 0.232627
0.736884 9.9991E-005 0.263016
0.686771 9.9991E-005 0.313129
0.683531 0.0460557 0.270413
0.623446 0.107781 0.268773
0.681589 0.114208 0.204203
0.701561 0.12534 0.173099
0.672334 9.9991E-005 0.327566
0.67108 0.050772 0.278148
0.749834 0.073842 0.176324
0.568443 0.156839 0.274718
0.683579 0.0326384 0.283782
0.724859 9.9991E-005 0.275041
0.747655 9.9991E-005 0.252245
0.25078 9.9991E-005 0.74912
0.460833 0.0099756 0.529191
0.4286 9.9991E-005 0.5713
0.343409 0.0245365 0.632054
0.344855 0.110465 0.544681
9.999E-005 9.999E-005 0.9998
9.999E-005 9.999E-005 0.9998
9.999E-005 9.999E-005 0.9998
0.444062 0.0855347 0.470403
0.0523655 9.9991E-005 0.947535
0.409347 9.9991E-005 0.590553
9.999E-005 9.999E-005 0.9998
0.352743 0.0140239 0.633233
9.999E-005 9.999E-005 0.9998
0.459462 0.0012297 0.539308
0.283931 0.0147191 0.70135
0.364738 0.068481 0.566781
0.376057 9.9991E-005 0.623843
0.37457 0.0710482 0.554381
0.890143 0.0520111 0.0578456
0.9998 9.999E-005 9.999E-005
0.877937 0.0285701 0.0934929
0.9998 9.999E-005 9.999E-005
0.917216 9.9991E-005 0.0826837
0.97376 9.9991E-005 0.0261396
0.980226 9.9991E-005 0.0196744
0.916768 9.9991E-005 0.0831324
0.976434 9.9991E-005 0.023466
0.396568 0.374812 0.22862
0.426646 0.123192 0.450162
0.345821 0.506878 0.147301
0.403661 0.406579 0.189759
0.260675 0.601301 0.138024
0.333883 0.393547 0.27257
0.32073 0.406188 0.273082
0.407655 0.366527 0.225819
0.352323 0.438029 0.209648
0.420003 0.403791 0.176206
0.319006 0.39344 0.287554
0.373483 0.38398 0.242537
0.26642 0.480986 0.252594
0.302126 0.42116 0.276713
0.202669 0.431766 0.365566
0.23156 0.392011 0.376429
0.257276 0.395357 0.347367
9.9991E-005 0.592053 0.407847
9.9991E-005 0.665366 0.334534
9.9991E-005 0.502408 0.497492
9.9991E-005 0.471752 0.528148
0.0408143 0.575559 0.383627
9.9991E-005 0.659535 0.340365
9.9991E-005 0.459322 0.540578
9.9991E-005 0.534123 0.465777
0.0315938 0.545107 0.423299
9.9991E-005 0.502194 0.497706
9.9991E-005 0.469935 0.529965
9.9991E-005 0.527198 0.472702
9.9991E-005 0.53105 0.46885
9.9991E-005 0.483186 0.516714
0.52121 0.0430866 0.435704
0.939343 9.9991E-005 0.0605569
0.934327 9.9991E-005 0.0655732
9.999E-005 0.9998 9.999E-005
9.999E-005 0.9998 9.999E-005
9.999E-005 0.9998 9.999E-005
0.00542912 0.994471 9.9991E-005
9.999E-005 0.9998 9.999E-005
9.9991E-005 0.982403 0.0174969
9.9991E-005 0.961869 0.0380307
0.0228595 0.977041 9.9991E-005
0.0110439 0.964028 0.0249283
0.0281252 0.971775 9.9991E-005
9.999E-005 0.9998 9.999E-005
9.9991E-005 0.984018 0.0158824
9.999E-005 0.9998 9.999E-005
9.999E-005 0.9998 9.999E-005
9.999E-005 0.9998 9.999E-005
0.0445804 0.946021 0.00939835
9.999E-005 0.9998 9.999E-005
0.0236758 0.976224 9.9991E-005
9.999E-005 0.9998 9.999E-005
0.000212513 0.954025 0.0457623
9.999E-005 0.9998 9.999E-005
0.0473999 0.9525 9.9991E-005
9.999E-005 0.9998 9.999E-005
9.9991E-005 0.954388 0.0455116
9.999E-005 0.9998 9.999E-005
9.9991E-005 0.974588 0.0253118
9.9991E-005 0.599129 0.400771
0.114371 0.444156 0.441473
0.0422795 0.637975 0.319745
0.783173 0.00885267 0.207974
0.912712 0.0114561 0.075832
0.865955 0.00383935 0.130206
0.820861 9.9991E-005 0.179039
0.893467 9.9991E-005 0.106433
0.906403 9.9991E-005 0.0934966
0.746175 9.9991E-005 0.253725
0.977186 9.9991E-005 0.0227138
0.9998 9.999E-005 9.999E-005
0.86285 9.9991E-005 0.13705
0.327693 0.507172 0.165135
0.549435 0.134966 0.315599
0.324503 0.44808 0.227416
0.17863 0.516815 0.304555
0.224332 0.406869 0.368799
9.999E-005 0.9998 9.999E-005
0.00430446 0.995596 9.9991E-005
0.026071 0.973829 9.9991E-005
0.0288284 0.952004 0.0191676
9.999E-005 0.9998 9.999E-005
0.00881694 0.991083 9.9991E-005
9.999E-005 0.9998 9.999E-005
0.0138106 0.98572 0.000469466
9.999E-005 0.9998 9.999E-005
0.0268296 0.97307 9.9991E-005
9.9991E-005 0.995213 0.00468749
0.000278385 0.999622 9.9991E-005
9.999E-005 0.9998 9.999E-005
0.0479554 0.948863 0.00318149
9.9991E-005 0.97631 0.0235902
0.00349537 0.991588 0.00491687
0.468736 0.056696 0.474568
0.489906 0.030434 0.47966
0.476178 0.0217534 0.502068
0.9998 9.999E-005 9.999E-005
0.996647 9.9991E-005 0.00325303
0.970311 9.9991E-005 0.0295894
0.906356 9.9991E-005 0.0935443
0.21072 0.438615 0.350665
0.23421 0.41389 0.351899
0.295332 0.388033 0.316635
0.471056 0.038671 0.490273
0.472978 0.0445702 0.482452
0.463341 0.118687 0.417972
0.399939 0.108274 0.491787
