9.9991E-005 0.718837 0.281063
9.9991E-005 0.698407 0.301493
9.999E-005 0.695047 0.304853
0.0407249 0.678984 0.280291
9.9991E-005 0.743118 0.256782
9.999E-005 0.73881 0.26109
9.999E-005 0.691005 0.308895
0.0489724 0.685063 0.265964
0.115331 0.63101 0.253659
0.123433 0.67823 0.198337
0.114292 0.698209 0.1875
9.9991E-005 0.685283 0.314617
0.0446894 0.686659 0.268652
0.0821017 0.760112 0.157786
0.170477 0.558621 0.270903
0.0199862 0.696943 0.28307
9.9991E-005 0.73337 0.26653
9.9991E-005 0.735868 0.264032
9.9991E-005 0.250806 0.749094
0.00574795 0.493039 0.501213
9.9991E-005 0.410258 0.589642
0.0353275 0.337925 0.626747
0.111402 0.365691 0.522907
9.999E-005 9.999E-005 0.9998
9.999E-005 9.999E-005 0.9998
9.999E-005 9.999E-005 0.9998
0.0908587 0.428759 0.480382
9.9991E-005 0.0357554 0.964145
9.9991E-005 0.417114 0.582786
9.999E-005 9.999E-005 0.9998
0.0130259 0.351496 0.635478
9.999E-005 9.999E-005 0.9998
0.000820553 0.448695 0.550484
0.0222752 0.286053 0.691672
0.0727578 0.36291 0.564332
9.9991E-005 0.373636 0.626264
0.0682598 0.383794 0.547946
0.0525684 0.880974 0.0664576
9.999E-005 0.9998 9.999E-005
0.0284791 0.892826 0.0786953
9.999E-005 0.9998 9.999E-005
9.9991E-005 0.891558 0.108342
9.9991E-005 0.968259 0.0316408
9.9991E-005 0.976275 0.023625
9.9991E-005 0.916811 0.0830894
9.9991E-005 0.960911 0.0389891
0.368664 0.409042 0.222294
0.125434 0.438443 0.436123
0.50101 0.331503 0.167487
0.396785 0.401359 0.201856
0.601668 0.258946 0.139386
0.383427 0.336502 0.280072
0.395174 0.316489 0.288337
0.360661 0.400492 0.238847
0.428959 0.352106 0.218935
0.387292 0.441639 0.171069
0.393231 0.308945 0.297824
0.380766 0.381238 0.237995
0.47079 0.26806 0.26115
0.417399 0.320906 0.261695
0.433715 0.186675 0.37961
0.385831 0.219081 0.395088
0.393758 0.262098 0.344144
0.604939 9.9991E-005 0.394961
0.651621 9.9991E-005 0.348279
0.487523 9.9991E-005 0.512377
0.447072 9.9991E-005 0.552828
0.554541 0.0355676 0.409891
0.637882 9.9991E-005 0.362018
0.465935 9.9991E-005 0.533965
0.509171 9.9991E-005 0.490729
0.550783 0.0293751 0.419842
0.498535 9.9991E-005 0.501365
0.460744 9.9991E-005 0.539156
0.50194 9.9991E-005 0.49796
0.518314 9.9991E-005 0.481586
0.466209 9.9991E-005 0.533691
0.0383111 0.509502 0.452187
9.9991E-005 0.927744 0.0721557
9.9991E-005 0.947724 0.0521762
0.9998 9.999E-005 9.999E-005
0.9998 9.999E-005 9.999E-005
0.9998 9.999E-005 9.999E-005
0.984116 0.0157843 9.9991E-005
0.99293 9.9991E-005 0.00696986
0.989952 9.9991E-005 0.00994793
0.957637 9.9991E-005 0.0422629
0.97324 0.0266596 9.9991E-005
0.966523 0.0127716 0.0207053
0.97923 0.0206704 9.9991E-005
0.9998 9.999E-005 9.999E-005
0.976696 9.9991E-005 0.0232037
0.9998 9.999E-005 9.999E-005
0.9998 9.999E-005 9.999E-005
0.9998 9.999E-005 9.999E-005
0.951362 0.0235723 0.0250654
0.9998 9.999E-005 9.999E-005
0.979628 0.0202724 9.9991E-005
0.9998 9.999E-005 9.999E-005
0.953635 0.00025582 0.0461089
0.9998 9.999E-005 9.999E-005
0.945091 0.0454185 0.00949084
0.9998 9.999E-005 9.999E-005
0.961276 9.9991E-005 0.0386236
0.9998 9.999E-005 9.999E-005
0.97883 9.9991E-005 0.0210703
0.590487 9.9991E-005 0.409413
0.428364 0.109863 0.461773
0.643607 0.0297874 0.326606
0.0163048 0.788206 0.195489
0.0116761 0.913552 0.0747715
0.0129651 0.860975 0.12606
9.9991E-005 0.826442 0.173459
9.9991E-005 0.90884 0.0910598
9.9991E-005 0.89883 0.10107
0.00862771 0.762296 0.229077
9.9991E-005 0.973543 0.0263569
9.999E-005 0.9998 9.999E-005
9.9991E-005 0.854378 0.145522
0.518988 0.317611 0.163401
0.154359 0.550276 0.295365
0.440216 0.312391 0.247393
0.521149 0.183456 0.295395
0.40834 0.206095 0.385565
0.9998 9.999E-005 9.999E-005
0.986259 9.9991E-005 0.0136414
0.980401 0.0194995 9.9991E-005
0.943159 0.0230092 0.033832
0.9998 9.999E-005 9.999E-005
0.994143 0.00575694 9.9991E-005
0.9998 9.999E-005 9.999E-005
0.988401 0.0114986 9.9991E-005
0.9998 9.999E-005 9.999E-005
0.970353 0.0295469 9.9991E-005
0.987512 9.9991E-005 0.0123877
0.992356 0.00754384 9.9991E-005
0.988 0.0119004 9.9991E-005
0.950174 0.0497263 9.9991E-005
0.967002 9.9991E-005 0.0328978
0.995421 0.00447933 9.9991E-005
0.0624301 0.481504 0.456066
0.0413453 0.495022 0.463632
0.0295965 0.48188 0.488524
9.999E-005 0.9998 9.999E-005
9.9991E-005 0.965726 0.0341744
9.9991E-005 0.958841 0.0410586
9.9991E-005 0.908365 0.0915353
0.424651 0.214358 0.360991
0.415641 0.227862 0.356496
0.383967 0.278139 0.337894
0.0394591 0.469737 0.490804
0.0342916 0.475895 0.489813
0.117336 0.44776 0.434904
0.111021 0.418176 0.470803
