0.0353267 9.99641E-005 0.0240086 9.99641E-005 0.00166603 9.99641E-005 0.920368 0.00258057 9.99641E-005 0.01565
9.99281E-005 9.99281E-005 0.0123286 9.99281E-005 9.99281E-005 9.99281E-005 0.986872 9.99281E-005 9.99281E-005 9.99281E-005
0.0976879 9.99371E-005 0.0311094 9.99371E-005 9.99371E-005 9.99371E-005 0.870503 9.99371E-005 9.99371E-005 9.99371E-005
0.0407947 0.000465617 9.99641E-005 0.119589 9.99641E-005 0.0390033 0.689032 0.110715 9.99641E-005 9.99641E-005
0.066076 9.99461E-005 0.0186825 9.99461E-005 9.99461E-005 0.0648019 0.84984 9.99461E-005 9.99461E-005 9.99461E-005
9.99201E-005 9.99201E-005 9.99201E-005 9.99201E-005 9.99201E-005 9.99201E-005 0.999101 9.99201E-005 9.99201E-005 9.99201E-005
9.99201E-005 9.99201E-005 9.99201E-005 9.99201E-005 9.99201E-005 9.99201E-005 0.999101 9.99201E-005 9.99201E-005 9.99201E-005
9.99551E-005 9.99551E-005 9.99551E-005 0.0686473 0.0122975 0.0688356 0.73571 0.11401 9.99551E-005 9.99551E-005
9.9955E-005 0.0673154 9.9955E-005 0.0555858 9.9955E-005 9.9955E-005 0.83622 0.0249709 9.9955E-005 0.0154082
9.99371E-005 0.0998169 9.99371E-005 0.0665938 9.99371E-005 9.99371E-005 0.83289 9.99371E-005 9.99371E-005 9.99371E-005
9.99371E-005 9.99371E-005 9.99371E-005 9.99371E-005 9.99371E-005 9.99371E-005 0.887341 9.99371E-005 0.0674323 0.044527
0.0417992 9.99731E-005 0.0542945 0.143609 0.0053307 0.145514 0.599564 0.00958846 9.99731E-005 9.99731E-005
0.128565 9.99731E-005 9.99731E-005 0.0757365 9.99731E-005 0.0244223 0.658475 0.0845455 0.0251611 0.00279464
0.117977 9.99552E-005 9.99552E-005 9.99552E-005 0.02709 0.143278 0.64046 9.99552E-005 0.0706957 9.99552E-005
0.106307 0.0609761 9.9982E-005 0.110567 0.0429073 0.0540246 0.407605 0.138079 9.9982E-005 0.0793339
0.242078 9.99641E-005 9.99641E-005 0.113864 0.0116378 0.0246859 0.512189 0.0951459 9.99641E-005 9.99641E-005
0.0741765 9.99641E-005 0.00918746 0.11716 9.99641E-005 0.126486 0.579452 0.0931385 9.99641E-005 9.99641E-005
0.255025 9.9964E-005 9.9964E-005 0.0957633 9.9964E-005 0.0941304 0.492292 0.00510157 9.9964E-005 0.0572877
0.0735877 9.99641E-005 0.555358 0.212051 9.99641E-005 0.044335 0.0869116 9.99641E-005 0.0273569 9.99641E-005
9.99462E-005 9.99462E-005 0.0368616 0.885912 9.99462E-005 0.037448 0.039179 9.99462E-005 9.99462E-005 9.99462E-005
9.99282E-005 9.99282E-005 0.0820222 0.917178 9.99282E-005 9.99282E-005 9.99282E-005 9.99282E-005 9.99282E-005 9.99282E-005
9.99551E-005 9.99551E-005 0.234582 0.640475 9.99551E-005 0.0205239 0.0481213 9.99551E-005 0.0557982 9.99551E-005
9.99461E-005 9.99461E-005 0.0493919 0.87394 9.99461E-005 9.99461E-005 9.99461E-005 9.99461E-005 0.0612214 0.0148467
9.99201E-005 9.99201E-005 0.999101 9.99201E-005 9.99201E-005 9.99201E-005 9.99201E-005 9.99201E-005 9.99201E-005 9.99201E-005
9.99281E-005 9.99281E-005 0.984794 0.0144066 9.99281E-005 9.99281E-005 9.99281E-005 9.99281E-005 9.99281E-005 9.99281E-005
9.99201E-005 9.99201E-005 0.999101 9.99201E-005 9.99201E-005 9.99201E-005 9.99201E-005 9.99201E-005 9.99201E-005 9.99201E-005
9.99641E-005 0.0561189 0.0736119 0.747995 0.00652333 0.0752698 9.99641E-005 0.0400813 9.99641E-005 9.99641E-005
9.99461E-005 9.99461E-005 0.7638 0.218767 0.00191048 9.99461E-005 0.0149227 9.99461E-005 9.99461E-005 9.99461E-005
0.0213527 9.99461E-005 0.0291323 0.922511 9.99461E-005 9.99461E-005 9.99461E-005 0.0264047 9.99461E-005 9.99461E-005
9.99201E-005 9.99201E-005 0.999101 9.99201E-005 9.99201E-005 9.99201E-005 9.99201E-005 9.99201E-005 9.99201E-005 9.99201E-005
9.99461E-005 9.99461E-005 0.175205 0.718617 9.99461E-005 9.99461E-005 0.0827138 0.022864 9.99461E-005 9.99461E-005
9.99201E-005 9.99201E-005 0.999101 9.99201E-005 9.99201E-005 9.99201E-005 9.99201E-005 9.99201E-005 9.99201E-005 9.99201E-005
0.0966574 9.99371E-005 0.089829 0.812814 9.99371E-005 9.99371E-005 9.99371E-005 9.99371E-005 9.99371E-005 9.99371E-005
9.99462E-005 9.99462E-005 0.22994 0.742492 0.00534868 9.99462E-005 9.99462E-005 9.99462E-005 0.0216204 9.99462E-005
0.0337686 0.042182 0.142948 0.760249 0.00937678 0.0110759 9.99641E-005 9.99641E-005 9.99641E-005 9.99641E-005
9.99461E-005 9.99461E-005 0.134413 0.838196 9.99461E-005 9.99461E-005 0.0168874 0.00990376 9.99461E-005 9.99461E-005
9.99462E-005 9.99462E-005 0.0921769 0.807907 9.99462E-005 9.99462E-005 9.99462E-005 0.0947349 0.004582 9.99462E-005
0.106714 0.000347632 9.99731E-005 0.0432721 0.0164602 0.683571 0.101226 9.99731E-005 0.0481093 9.99731E-005
9.99281E-005 9.99281E-005 9.99281E-005 9.99281E-005 9.99281E-005 0.997045 9.99281E-005 9.99281E-005 9.99281E-005 0.00215607
0.109606 0.0147392 0.0169417 9.99641E-005 0.042044 0.798107 0.0181619 9.99641E-005 9.99641E-005 9.99641E-005
0.144595 9.99372E-005 9.99372E-005 9.99372E-005 9.99372E-005 0.827699 9.99372E-005 9.99372E-005 9.99372E-005 0.0270058
0.187919 9.99551E-005 0.0200152 9.99551E-005 0.0323714 0.754323 9.99551E-005 9.99551E-005 9.99551E-005 0.00487151
0.0635764 9.99281E-005 9.99281E-005 9.99281E-005 9.99281E-005 0.935624 9.99281E-005 9.99281E-005 9.99281E-005 9.99281E-005
0.229398 9.99282E-005 9.99282E-005 9.99282E-005 9.99282E-005 0.769802 9.99282E-005 9.99282E-005 9.99282E-005 9.99282E-005
0.0922572 9.99551E-005 0.0290817 9.99551E-005 9.99551E-005 0.807723 0.00597754 0.0644604 9.99551E-005 9.99551E-005
0.0757957 9.99371E-005 0.0126244 9.99371E-005 9.99371E-005 0.91088 9.99371E-005 9.99371E-005 9.99371E-005 9.99371E-005
0.00997472 0.0984289 0.0534606 9.99641E-005 9.99641E-005 0.129137 0.0639713 0.644628 9.99641E-005 9.99641E-005
9.99201E-005 9.99201E-005 9.99201E-005 9.99201E-005 9.99201E-005 9.99201E-005 9.99201E-005 9.99201E-005 9.99201E-005 0.999101
9.99368E-005 9.99368E-005 9.99368E-005 9.99368E-005 9.99368E-005 0.051156 9.99368E-005 9.99368E-005 0.0302989 0.917845
0.110482 9.99372E-005 9.99372E-005 9.99372E-005 0.000864659 9.99372E-005 9.99372E-005 0.887953 9.99372E-005 9.99372E-005
9.99368E-005 0.131275 9.99368E-005 9.99368E-005 9.99368E-005 9.99368E-005 9.99368E-005 0.330949 9.99368E-005 0.537076
9.99372E-005 9.99372E-005 0.0294188 9.99372E-005 9.99372E-005 0.00561973 9.99372E-005 0.964262 9.99372E-005 9.99372E-005
9.99641E-005 0.019378 9.99641E-005 0.125727 0.0392041 0.0302151 9.99641E-005 0.784934 0.000141683 9.99641E-005
9.99551E-005 9.99551E-005 0.0371033 9.99551E-005 9.99551E-005 0.1261 0.057483 0.743033 0.0357805 9.99551E-005
9.99372E-005 0.0138787 9.99372E-005 9.99372E-005 9.99372E-005 9.99372E-005 0.0644276 0.920994 9.99372E-005 9.99372E-005
0.0114393 9.99372E-005 9.99372E-005 9.99372E-005 9.99372E-005 9.99372E-005 0.0654839 0.922377 9.99372E-005 9.99372E-005
0.110603 0.0360251 0.0519166 9.9955E-005 0.0530868 9.9955E-005 9.9955E-005 0.747868 9.9955E-005 9.9955E-005
9.99372E-005 9.99372E-005 9.99372E-005 9.99372E-005 0.0165766 9.99372E-005 0.0794088 0.903315 9.99372E-005 9.99372E-005
9.99371E-005 9.99371E-005 0.00115628 9.99371E-005 9.99371E-005 9.99371E-005 9.99371E-005 0.943184 0.0549597 9.99371E-005
9.99371E-005 0.000516741 9.99371E-005 0.043707 9.99371E-005 9.99371E-005 9.99371E-005 0.955077 9.99371E-005 9.99371E-005
9.99551E-005 0.0674486 9.99551E-005 0.202597 0.243915 9.99551E-005 9.99551E-005 0.47349 0.0120496 9.99551E-005
9.99461E-005 0.0198211 9.99461E-005 0.251626 0.246377 9.99461E-005 9.99461E-005 0.481577 9.99461E-005 9.99461E-005
0.0353813 0.0170414 0.011048 0.100502 0.214851 0.026927 9.99821E-005 0.593661 0.000388551 9.99821E-005
9.99641E-005 0.0526689 0.0186294 9.99641E-005 0.580722 9.99641E-005 9.99641E-005 0.169897 0.145268 0.0324149
9.99551E-005 0.229428 0.0583046 9.99551E-005 0.501977 9.99551E-005 9.99551E-005 0.0920163 0.117774 9.99551E-005
9.99282E-005 9.99282E-005 9.99282E-005 9.99282E-005 0.995588 0.00361252 9.99282E-005 9.99282E-005 9.99282E-005 9.99282E-005
9.99201E-005 9.99201E-005 9.99201E-005 9.99201E-005 0.999101 9.99201E-005 9.99201E-005 9.99201E-005 9.99201E-005 9.99201E-005
9.99462E-005 9.99462E-005 9.99462E-005 0.0840367 0.560761 9.99462E-005 9.99462E-005 0.170186 0.184416 9.99462E-005
9.99461E-005 0.0908128 9.99461E-005 9.99461E-005 0.552256 9.99461E-005 9.99461E-005 0.177196 0.179135 9.99461E-005
0.0248702 9.99281E-005 9.99281E-005 9.99281E-005 0.97433 9.99281E-005 9.99281E-005 9.99281E-005 9.99281E-005 9.99281E-005
9.99201E-005 9.99201E-005 9.99201E-005 9.99201E-005 0.999101 9.99201E-005 9.99201E-005 9.99201E-005 9.99201E-005 9.99201E-005
9.99641E-005 0.0931304 9.99641E-005 0.133939 0.539478 9.99641E-005 0.00755657 0.127652 0.0978453 9.99641E-005
9.99201E-005 9.99201E-005 9.99201E-005 9.99201E-005 0.999101 9.99201E-005 9.99201E-005 9.99201E-005 9.99201E-005 9.99201E-005
9.99201E-005 9.99201E-005 9.99201E-005 9.99201E-005 0.999101 9.99201E-005 9.99201E-005 9.99201E-005 9.99201E-005 9.99201E-005
9.99282E-005 9.99282E-005 9.99282E-005 9.99282E-005 0.996665 9.99282E-005 9.99282E-005 9.99282E-005 9.99282E-005 0.00253547
9.99282E-005 0.00494951 9.99282E-005 9.99282E-005 0.994251 9.99282E-005 9.99282E-005 9.99282E-005 9.99282E-005 9.99282E-005
9.99371E-005 0.00202387 0.0238999 9.99371E-005 0.973377 9.99371E-005 9.99371E-005 9.99371E-005 9.99371E-005 9.99371E-005
0.0873677 9.99462E-005 9.99462E-005 0.890559 9.99462E-005 0.00236823 9.99462E-005 9.99462E-005 0.0191051 9.99462E-005
0.109389 9.99551E-005 0.0227612 9.99551E-005 9.99551E-005 0.837479 0.0224248 9.99551E-005 9.99551E-005 0.00744629
9.99281E-005 9.99281E-005 0.0470113 9.99281E-005 9.99281E-005 0.952189 9.99281E-005 9.99281E-005 9.99281E-005 9.99281E-005
9.99371E-005 0.935762 9.99371E-005 9.99371E-005 0.0185336 9.99371E-005 9.99371E-005 9.99371E-005 0.0450048 9.99371E-005
9.99372E-005 0.87493 9.99372E-005 9.99372E-005 0.0392451 9.99372E-005 9.99372E-005 9.99372E-005 0.0851251 9.99372E-005
9.99372E-005 0.828596 9.99372E-005 9.99372E-005 0.0250255 9.99372E-005 9.99372E-005 9.99372E-005 0.145679 9.99372E-005
0.0112028 0.863943 9.99371E-005 9.99371E-005 9.99371E-005 9.99371E-005 9.99371E-005 9.99371E-005 0.124155 9.99371E-005
9.99372E-005 0.567864 9.99372E-005 9.99372E-005 9.99372E-005 9.99372E-005 9.99372E-005 0.0558936 0.375543 9.99372E-005
9.99371E-005 0.735633 0.0222203 9.99371E-005 9.99371E-005 9.99371E-005 9.99371E-005 9.99371E-005 0.241447 9.99371E-005
9.99462E-005 0.625135 0.0381001 9.99462E-005 0.0239483 9.99462E-005 9.99462E-005 9.99462E-005 0.312217 9.99462E-005
9.99462E-005 0.579973 9.99462E-005 9.99462E-005 9.99462E-005 0.0154373 9.99462E-005 0.0468684 0.357122 9.99462E-005
9.99372E-005 0.788744 9.99372E-005 0.0596689 9.99372E-005 9.99372E-005 9.99372E-005 9.99372E-005 0.150888 9.99372E-005
9.99461E-005 0.875788 9.99461E-005 9.99461E-005 9.99461E-005 9.99461E-005 0.0246477 0.00733167 0.091633 9.99461E-005
0.00349813 0.934696 9.99372E-005 9.99372E-005 9.99372E-005 9.99372E-005 9.99372E-005 9.99372E-005 0.0611067 9.99372E-005
9.99551E-005 0.747241 9.99551E-005 9.99551E-005 0.0207062 9.99551E-005 9.99551E-005 0.00134155 0.170099 0.060112
9.99372E-005 0.872254 9.99372E-005 9.99372E-005 9.99372E-005 9.99372E-005 9.99372E-005 0.00371387 0.123332 9.99372E-005
9.99371E-005 0.80927 9.99371E-005 9.99371E-005 0.00182126 9.99371E-005 9.99371E-005 9.99371E-005 0.188209 9.99371E-005
9.99372E-005 0.81288 9.99372E-005 9.99372E-005 9.99372E-005 9.99372E-005 0.00210561 9.99372E-005 0.184315 9.99372E-005
0.0459455 0.641341 0.0115283 9.99551E-005 9.99551E-005 9.99551E-005 9.99551E-005 9.99551E-005 0.288898 0.0117867
9.99372E-005 0.869078 9.99372E-005 9.99372E-005 0.0338268 9.99372E-005 9.99372E-005 9.99372E-005 0.0963954 9.99372E-005
9.99462E-005 0.73256 9.99462E-005 9.99462E-005 0.00109618 0.022068 9.99462E-005 9.99462E-005 0.243676 9.99462E-005
9.99282E-005 0.859021 9.99282E-005 9.99282E-005 9.99282E-005 9.99282E-005 9.99282E-005 9.99282E-005 0.140179 9.99282E-005
9.99551E-005 0.528923 9.99551E-005 0.0541123 0.0351101 9.99551E-005 9.99551E-005 9.99551E-005 0.370709 0.0106458
9.99461E-005 0.566245 9.99461E-005 0.00707947 0.021938 9.99461E-005 9.99461E-005 9.99461E-005 0.404138 9.99461E-005
0.0549429 0.944258 9.99282E-005 9.99282E-005 9.99282E-005 9.99282E-005 9.99282E-005 9.99282E-005 9.99282E-005 9.99282E-005
9.99371E-005 0.491759 9.99371E-005 9.99371E-005 9.99371E-005 9.99371E-005 0.0216378 9.99371E-005 0.485904 9.99371E-005
9.99461E-005 0.767036 0.0183911 9.99461E-005 9.99461E-005 9.99461E-005 9.99461E-005 0.0795427 0.134431 9.99461E-005
9.99281E-005 0.751213 9.99281E-005 9.99281E-005 9.99281E-005 9.99281E-005 9.99281E-005 9.99281E-005 0.247987 9.99281E-005
9.99551E-005 0.819365 0.00997301 9.99551E-005 9.99551E-005 9.99551E-005 0.0227866 9.99551E-005 0.134062 0.0133136
0.0260006 0.127334 0.0140031 0.00520301 0.553779 9.99731E-005 9.99731E-005 0.16991 0.10347 9.99731E-005
9.9964E-005 0.119602 9.9964E-005 0.333518 0.313756 9.9964E-005 9.9964E-005 0.179767 0.0297996 0.0231574
0.0173593 0.29203 0.024552 0.0497512 0.380424 9.99731E-005 9.99731E-005 0.175379 0.060205 9.99731E-005
0.794965 9.99641E-005 9.99641E-005 0.126314 0.0386339 0.00445574 0.0320581 9.99641E-005 9.99641E-005 0.00317319
0.999101 9.99201E-005 9.99201E-005 9.99201E-005 9.99201E-005 9.99201E-005 9.99201E-005 9.99201E-005 9.99201E-005 9.99201E-005
0.974598 9.99372E-005 9.99372E-005 9.99372E-005 9.99372E-005 9.99372E-005 0.00320446 0.0214983 9.99372E-005 9.99372E-005
0.987707 9.99281E-005 0.0114931 9.99281E-005 9.99281E-005 9.99281E-005 9.99281E-005 9.99281E-005 9.99281E-005 9.99281E-005
0.936946 9.99282E-005 9.99282E-005 9.99282E-005 9.99282E-005 0.0622549 9.99282E-005 9.99282E-005 9.99282E-005 9.99282E-005
0.999101 9.99201E-005 9.99201E-005 9.99201E-005 9.99201E-005 9.99201E-005 9.99201E-005 9.99201E-005 9.99201E-005 9.99201E-005
0.505427 9.99731E-005 0.0367479 0.120169 0.0276781 0.195904 0.0686744 9.99731E-005 9.99731E-005 0.0450999
9.99371E-005 9.99371E-005 0.00743888 9.99371E-005 9.99371E-005 0.970852 9.99371E-005 9.99371E-005 9.99371E-005 0.02101
9.99201E-005 9.99201E-005 9.99201E-005 9.99201E-005 9.99201E-005 0.999101 9.99201E-005 9.99201E-005 9.99201E-005 9.99201E-005
9.99551E-005 9.99551E-005 0.0710959 9.99551E-005 0.0228203 0.869231 0.0272463 9.99551E-005 0.00910681 9.99551E-005
0.128299 0.274168 0.0230735 0.34525 9.996E-005 0.0347979 9.996E-005 9.996E-005 0.194011 9.996E-005
0.053358 0.00542362 0.0481547 0.183581 9.9991E-005 0.0381464 0.428265 0.123323 0.0573873 0.0622623
0.0318207 0.0231671 0.0202002 9.99729E-005 0.062612 9.99729E-005 0.113603 9.99729E-005 0.0263343 0.721963
9.99551E-005 0.123322 0.0189317 0.0179983 0.165239 9.99551E-005 9.99551E-005 0.67401 9.99551E-005 9.99551E-005
9.99372E-005 9.99372E-005 9.99372E-005 9.99372E-005 0.252443 9.99372E-005 0.111089 0.635768 9.99372E-005 9.99372E-005
9.99367E-005 0.220354 9.99367E-005 9.99367E-005 9.99367E-005 9.99367E-005 9.99367E-005 9.99367E-005 0.125747 0.653199
0.0036267 0.688591 0.00829322 9.99551E-005 0.0192939 9.99551E-005 9.99551E-005 9.99551E-005 0.279696 9.99551E-005
9.99201E-005 9.99201E-005 9.99201E-005 9.99201E-005 9.99201E-005 9.99201E-005 9.99201E-005 9.99201E-005 0.999101 9.99201E-005
9.9973E-005 0.566797 0.010823 0.0155316 0.00793352 9.9973E-005 0.00583572 9.9973E-005 0.339843 0.0529356
9.99201E-005 9.99201E-005 9.99201E-005 9.99201E-005 9.99201E-005 9.99201E-005 9.99201E-005 9.99201E-005 0.999101 9.99201E-005
0.0273678 0.899925 9.99371E-005 9.99371E-005 9.99371E-005 9.99371E-005 9.99371E-005 9.99371E-005 0.072008 9.99371E-005
9.99461E-005 0.830813 9.99461E-005 9.99461E-005 0.00785217 9.99461E-005 9.99461E-005 0.0380082 0.122727 9.99461E-005
0.0235355 0.827397 9.99372E-005 9.99372E-005 9.99372E-005 9.99372E-005 9.99372E-005 9.99372E-005 0.148368 9.99372E-005
9.99201E-005 9.99201E-005 9.99201E-005 9.99201E-005 9.99201E-005 9.99201E-005 9.99201E-005 9.99201E-005 0.999101 9.99201E-005
9.99372E-005 0.755161 9.99372E-005 9.99372E-005 9.99372E-005 0.0329085 9.99372E-005 9.99372E-005 0.211231 9.99372E-005
9.99372E-005 0.804291 9.99372E-005 9.99372E-005 0.0279597 9.99372E-005 9.99372E-005 9.99372E-005 0.16705 9.99372E-005
9.99372E-005 0.614497 9.99372E-005 0.0116426 9.99372E-005 9.99372E-005 9.99372E-005 9.99372E-005 0.373161 9.99372E-005
0.00232034 0.517244 9.99551E-005 9.99551E-005 0.0273943 0.00253888 9.99551E-005 9.99551E-005 0.450003 9.99551E-005
9.99371E-005 0.546678 9.99371E-005 0.0815893 9.99371E-005 9.99371E-005 9.99371E-005 9.99371E-005 0.371033 9.99371E-005
9.99372E-005 0.815301 0.0282791 9.99372E-005 9.99372E-005 9.99372E-005 9.99372E-005 9.99372E-005 0.15572 9.99372E-005
9.99372E-005 0.535498 9.99372E-005 9.99372E-005 9.99372E-005 9.99372E-005 9.99372E-005 0.0567769 0.407026 9.99372E-005
0.1679 9.997E-005 0.0900961 0.608587 0.0450041 0.0216208 0.0478585 9.997E-005 0.0186337 9.997E-005
0.00354891 0.0107467 0.0125317 0.84508 9.99641E-005 0.0264293 0.101264 9.99641E-005 9.99641E-005 9.99641E-005
9.99641E-005 0.0201726 0.0841232 0.591592 0.0226835 0.123868 0.157161 9.99641E-005 9.99641E-005 9.99641E-005
9.99282E-005 9.99282E-005 9.99282E-005 9.99282E-005 9.99282E-005 0.994486 9.99282E-005 0.00471423 9.99282E-005 9.99282E-005
9.99282E-005 9.99282E-005 0.0185029 9.99282E-005 9.99282E-005 0.980698 9.99282E-005 9.99282E-005 9.99282E-005 9.99282E-005
9.99373E-005 9.99373E-005 9.99373E-005 0.0495797 9.99373E-005 0.922835 9.99373E-005 0.0268857 9.99373E-005 9.99373E-005
0.112289 9.99461E-005 0.0327295 9.99461E-005 9.99461E-005 0.818515 9.99461E-005 0.0358661 9.99461E-005 9.99461E-005
9.99552E-005 0.0411322 0.00872456 0.0825302 0.189223 9.99552E-005 9.99552E-005 0.677891 9.99552E-005 9.99552E-005
0.0586784 9.99641E-005 0.0322925 0.00305406 0.191038 9.99641E-005 9.99641E-005 0.681332 0.0332055 9.99641E-005
0.0669387 9.99731E-005 9.99731E-005 0.180601 0.255104 0.00365358 9.99731E-005 0.425333 0.0522672 0.0158035
0.0447545 9.99731E-005 0.0338851 0.821621 0.00847665 0.0235789 0.0493374 9.99731E-005 0.0180468 9.99731E-005
0.0146904 9.99551E-005 9.99551E-005 0.923997 9.99551E-005 0.0110061 0.00644522 9.99551E-005 9.99551E-005 0.0433617
0.0699285 0.0666326 0.00947977 0.692358 0.017073 0.00322147 0.0869402 0.0541661 9.9982E-005 9.9982E-005
9.99461E-005 0.0626203 9.99461E-005 0.919046 0.0100629 9.99461E-005 9.99461E-005 9.99461E-005 9.99461E-005 0.00767084
