0.0055324 9.9982E-005 0.00659664 9.9982E-005 0.973822 0.0138494
9.99641E-005 9.99641E-005 0.0101027 9.99641E-005 0.989497 9.99641E-005
9.9973E-005 9.9973E-005 0.0431366 0.007844 0.94872 9.9973E-005
0.0197907 0.0166427 0.0436773 0.0875567 0.751442 0.0808905
9.9973E-005 9.9973E-005 0.00512697 0.0726779 0.921895 9.9973E-005
9.996E-005 9.996E-005 9.996E-005 9.996E-005 0.9995 9.996E-005
9.9964E-005 9.9964E-005 0.0017514 9.9964E-005 0.997849 9.9964E-005
0.0524861 9.9982E-005 9.9982E-005 0.0457648 0.801963 0.099586
9.9982E-005 0.075251 0.00291647 9.9982E-005 0.881593 0.0400399
9.99641E-005 0.102156 9.99641E-005 9.99641E-005 0.897444 9.99641E-005
9.99641E-005 0.0911856 9.99641E-005 9.99641E-005 0.908415 9.99641E-005
0.0168241 9.99821E-005 0.117921 0.216005 0.64905 9.99821E-005
0.0204193 0.017545 0.0383334 0.110015 0.741652 0.0720357
0.0388612 0.0335359 9.9991E-005 0.228799 0.656477 0.0422267
0.0929187 0.0172565 0.0478793 0.158789 0.452303 0.230854
0.0459429 9.9991E-005 0.0767741 0.188774 0.624706 0.063703
9.9982E-005 9.9982E-005 0.0598265 0.254585 0.61228 0.0731078
9.9982E-005 9.9982E-005 0.0420042 0.285427 0.575952 0.0964172
0.00213874 0.000964062 0.710973 0.137492 0.148332 9.9991E-005
0.00720694 0.0297478 0.403928 0.221279 0.337738 9.9991E-005
9.999E-005 0.0176231 0.493866 0.28523 0.176626 0.0265552
9.9991E-005 0.0691597 0.55495 0.163014 0.198896 0.0138795
9.999E-005 0.105203 0.458247 0.199369 0.188557 0.0485244
9.996E-005 9.996E-005 0.9995 9.996E-005 9.996E-005 9.996E-005
9.996E-005 9.996E-005 0.9995 9.996E-005 9.996E-005 9.996E-005
9.996E-005 9.996E-005 0.9995 9.996E-005 9.996E-005 9.996E-005
0.0421916 0.069923 0.359063 0.309209 0.189243 0.0303701
0.00384387 9.9973E-005 0.95339 9.9973E-005 0.0424662 9.9973E-005
0.0279101 9.9991E-005 0.423775 0.192523 0.229822 0.12587
9.996E-005 9.996E-005 0.9995 9.996E-005 9.996E-005 9.996E-005
0.0390603 0.018164 0.499617 0.115574 0.317071 0.0105136
9.996E-005 9.996E-005 0.9995 9.996E-005 9.996E-005 9.996E-005
0.015654 0.0252606 0.437584 0.295416 0.225985 9.9991E-005
0.0129536 0.0573837 0.591066 0.151678 0.186818 9.9991E-005
0.0107779 0.0976828 0.48733 0.244398 0.159712 9.9991E-005
0.0486635 9.9991E-005 0.505359 0.166144 0.275 0.00473335
0.026013 0.0561076 0.41336 0.159196 0.247289 0.0980343
0.0164698 0.0459865 9.99821E-005 0.811692 0.125652 9.99821E-005
9.996E-005 9.996E-005 9.996E-005 0.9995 9.996E-005 9.996E-005
0.0372785 0.0214189 0.0361393 0.897307 0.0077565 9.9991E-005
9.99641E-005 9.99641E-005 9.99641E-005 0.950086 0.0495138 9.99641E-005
0.0297002 9.99731E-005 0.0296577 0.940342 9.99731E-005 9.99731E-005
9.996E-005 9.996E-005 9.996E-005 0.9995 9.996E-005 9.996E-005
9.99641E-005 9.99641E-005 9.99641E-005 0.988917 0.0106833 9.99641E-005
9.9982E-005 9.9982E-005 0.0295675 0.890937 0.0321894 0.0471059
9.99641E-005 9.99641E-005 0.0069467 0.992653 9.99641E-005 9.99641E-005
0.0689354 0.143352 0.0476642 0.140627 0.123657 0.475763
9.996E-005 9.996E-005 9.996E-005 9.996E-005 9.996E-005 0.9995
9.99821E-005 0.179315 0.0277672 0.0295086 9.99821E-005 0.763209
0.135819 0.0506096 9.9991E-005 0.0909822 0.0468727 0.675617
9.9964E-005 0.214045 9.9964E-005 9.9964E-005 9.9964E-005 0.785556
0.138897 9.9982E-005 0.0239567 0.0462339 9.9982E-005 0.790712
0.154127 0.0934407 0.0241488 0.0859646 0.0329077 0.609411
0.10734 0.0520427 0.0386687 0.148453 0.0536904 0.599805
0.0895756 0.101477 9.9982E-005 9.9982E-005 0.127255 0.681493
0.0583537 0.0411355 9.9991E-005 0.0346003 0.0931623 0.772648
0.161149 0.0848002 0.0559572 0.112292 0.00803828 0.577764
0.144714 0.00207476 9.9982E-005 9.9982E-005 0.126224 0.726787
0.117104 0.0846625 0.000194335 9.9991E-005 0.0162571 0.781682
0.123451 0.0626383 0.00562038 0.035816 0.0241209 0.748354
0.294746 0.138625 0.0841959 0.0336208 0.0822813 0.366531
0.336624 0.0669454 0.0525396 0.0633521 0.0719075 0.408632
0.305439 0.0988873 0.0221803 0.125075 0.0463947 0.402023
0.628379 0.236986 0.0204643 9.9991E-005 0.0183072 0.0957641
0.527078 0.372382 0.07216 0.0149243 9.9991E-005 0.0133558
0.9995 9.996E-005 9.996E-005 9.996E-005 9.996E-005 9.996E-005
0.9995 9.996E-005 9.996E-005 9.996E-005 9.996E-005 9.996E-005
0.597726 0.2096 0.0403152 0.0350637 0.00971512 0.10758
0.593002 0.287362 0.0241323 9.9982E-005 9.9982E-005 0.0953046
0.9995 9.996E-005 9.996E-005 9.996E-005 9.996E-005 9.996E-005
0.9995 9.996E-005 9.996E-005 9.996E-005 9.996E-005 9.996E-005
0.581234 0.195998 0.0566955 9.9991E-005 0.0643568 0.101616
0.9995 9.996E-005 9.996E-005 9.996E-005 9.996E-005 9.996E-005
0.9995 9.996E-005 9.996E-005 9.996E-005 9.996E-005 9.996E-005
0.9995 9.996E-005 9.996E-005 9.996E-005 9.996E-005 9.996E-005
0.999474 0.000126401 9.99641E-005 9.99641E-005 9.99641E-005 9.99641E-005
0.984452 9.9964E-005 0.0151485 9.9964E-005 9.9964E-005 9.9964E-005
0.0142159 0.0478883 0.338845 0.316312 0.268987 0.0137511
9.9973E-005 9.9973E-005 0.0472927 0.94268 0.00972749 9.9973E-005
9.99641E-005 9.99641E-005 0.0345501 0.96505 9.99641E-005 9.99641E-005
0.0543947 0.945205 9.99641E-005 9.99641E-005 9.99641E-005 9.99641E-005
0.0640976 0.935503 9.99641E-005 9.99641E-005 9.99641E-005 9.99641E-005
0.0299087 0.969691 9.99641E-005 9.99641E-005 9.99641E-005 9.99641E-005
9.99641E-005 0.979725 9.99641E-005 0.0198755 9.99641E-005 9.99641E-005
0.0180869 0.961968 0.000396085 9.99821E-005 9.99821E-005 0.0193489
0.0181719 0.95095 0.0305783 9.99731E-005 9.99731E-005 9.99731E-005
0.00653641 0.935384 0.0577796 9.99731E-005 9.99731E-005 9.99731E-005
0.0309752 0.943988 9.99821E-005 0.01472 0.0101172 9.99821E-005
9.99731E-005 0.947638 0.0306898 0.021372 9.99731E-005 9.99731E-005
9.9973E-005 0.943958 9.9973E-005 9.9973E-005 0.0259422 0.0297998
9.99641E-005 0.993503 9.99641E-005 0.00609729 9.99641E-005 9.99641E-005
0.0191571 0.933704 0.00379026 9.99821E-005 9.99821E-005 0.0431486
9.99641E-005 0.983557 9.99641E-005 9.99641E-005 9.99641E-005 0.0160433
0.0317359 0.967864 9.99641E-005 9.99641E-005 9.99641E-005 9.99641E-005
9.99641E-005 0.990707 9.99641E-005 9.99641E-005 0.00889326 9.99641E-005
9.9991E-005 0.923035 0.0219901 0.0208728 0.0123956 0.0216063
0.07189 0.92771 9.99641E-005 9.99641E-005 9.99641E-005 9.99641E-005
0.00695024 0.952139 9.9982E-005 0.0404905 0.000220159 9.9982E-005
0.00720601 0.975428 9.99731E-005 9.99731E-005 9.99731E-005 0.0170662
0.0327801 0.91107 0.0521559 9.9982E-005 0.00379383 9.9982E-005
0.00784643 0.983376 0.00847803 9.99731E-005 9.99731E-005 9.99731E-005
0.0219228 0.920258 9.9982E-005 0.0194999 0.0381197 9.9982E-005
9.99641E-005 0.980402 9.99641E-005 9.99641E-005 0.0191981 9.99641E-005
9.9973E-005 0.867975 0.0323493 9.9973E-005 9.9973E-005 0.0993755
0.0208608 0.978329 9.99731E-005 9.99731E-005 0.000509815 9.99731E-005
9.9982E-005 0.923258 0.0255261 9.9982E-005 0.0182079 0.0328078
0.618093 0.268235 0.0398432 9.9991E-005 0.021666 0.0520632
0.367217 0.190692 0.170415 0.0239069 0.0806047 0.167164
0.434724 0.376967 0.0726553 0.0393657 9.9991E-005 0.0761885
0.0675287 9.9982E-005 0.0392203 0.575465 0.317586 9.9982E-005
9.99731E-005 0.00961195 9.99731E-005 0.711687 0.278401 9.99731E-005
0.0370358 0.0133683 0.00956357 0.662112 0.27782 9.9991E-005
0.0152366 9.9982E-005 0.0662532 0.562466 0.355845 9.9982E-005
0.0168655 9.99731E-005 9.99731E-005 0.719463 0.263371 9.99731E-005
9.99731E-005 9.99731E-005 0.023437 0.636134 0.340129 9.99731E-005
0.0283768 9.9991E-005 0.0922986 0.553434 0.270722 0.0550686
9.99641E-005 9.99641E-005 0.0191027 0.980497 9.99641E-005 9.99641E-005
9.996E-005 9.996E-005 9.996E-005 0.9995 9.996E-005 9.996E-005
0.0123952 9.99731E-005 0.0861645 0.90114 9.99731E-005 9.99731E-005
9.99731E-005 0.497069 0.184392 0.318239 9.99731E-005 9.99731E-005
9.9991E-005 0.0653026 0.137603 0.104706 0.486626 0.205663
0.0180428 0.20055 0.0735841 0.00418412 0.140941 0.562698
0.259445 0.181414 0.0453656 0.029707 9.9991E-005 0.483968
0.345934 0.0527919 0.0148393 9.9991E-005 0.170597 0.415738
9.99642E-005 0.673904 9.99642E-005 9.99642E-005 9.99642E-005 0.325696
0.0243076 0.963444 0.00290664 0.00914218 9.99821E-005 9.99821E-005
9.99641E-005 0.969023 9.99641E-005 0.0305776 9.99641E-005 9.99641E-005
0.0179364 0.915148 0.0275764 0.00698478 0.023474 0.00888082
9.996E-005 0.9995 9.996E-005 9.996E-005 9.996E-005 9.996E-005
9.99641E-005 0.942792 9.99641E-005 9.99641E-005 9.99641E-005 0.0568085
0.0403667 0.941107 9.99731E-005 9.99731E-005 9.99731E-005 0.0182266
0.036433 0.95367 9.99731E-005 0.00959713 9.99731E-005 9.99731E-005
9.996E-005 0.9995 9.996E-005 9.996E-005 9.996E-005 9.996E-005
0.00602307 0.94869 0.000291052 0.0447956 9.9982E-005 9.9982E-005
0.0465234 0.953077 9.99641E-005 9.99641E-005 9.99641E-005 9.99641E-005
9.99641E-005 0.979287 9.99641E-005 0.0203131 9.99641E-005 9.99641E-005
0.0271926 0.945535 9.99731E-005 0.0269721 9.99731E-005 9.99731E-005
0.00227236 0.925221 0.0221526 0.0501542 9.9982E-005 9.9982E-005
9.99641E-005 0.951952 0.0476482 9.99641E-005 9.99641E-005 9.99641E-005
9.99641E-005 0.945194 9.99641E-005 9.99641E-005 9.99641E-005 0.0544063
0.0854419 0.040294 0.33226 0.282955 0.258949 9.9991E-005
0.031718 0.0518113 0.340348 0.22993 0.346092 9.9991E-005
0.0324901 0.0402208 0.342351 0.246795 0.338043 9.9991E-005
9.996E-005 9.996E-005 9.996E-005 0.9995 9.996E-005 9.996E-005
9.99641E-005 9.99641E-005 0.0154158 0.984184 9.99641E-005 9.99641E-005
9.996E-005 9.996E-005 9.996E-005 0.9995 9.996E-005 9.996E-005
9.99731E-005 9.99731E-005 0.0472943 0.943756 0.00864958 9.99731E-005
0.307439 0.0705385 0.0363287 0.00300695 0.0692123 0.513474
0.303843 0.0657723 0.0159874 0.0744771 0.0304057 0.509514
0.326638 0.0703717 0.0343462 0.120179 0.0802126 0.368253
0.0364579 0.0575147 0.355164 0.26421 0.286554 9.9991E-005
9.9991E-005 0.0506743 0.344741 0.254213 0.280596 0.0696752
0.0185596 0.125555 0.276068 0.208957 0.315666 0.0551948
0.0299904 0.111922 0.360931 0.22579 0.239303 0.0320636
