9.9973E-005 0.176157 0.0277148 9.9973E-005 0.795829 9.9973E-005
9.9973E-005 0.14617 0.0393927 9.9973E-005 0.814138 9.9973E-005
9.9973E-005 0.180642 0.058331 9.9973E-005 0.760727 9.9973E-005
0.0128705 0.179491 0.0210191 9.9991E-005 0.656264 0.130256
9.9973E-005 0.277129 0.0404961 9.9973E-005 0.682075 9.9973E-005
9.9964E-005 0.0897196 9.9964E-005 9.9964E-005 0.909881 9.9964E-005
9.9982E-005 0.0872616 0.0476865 9.9982E-005 0.851484 0.0133682
0.0366763 0.165427 9.9982E-005 9.9982E-005 0.699169 0.0985272
9.9973E-005 9.9973E-005 9.9973E-005 0.042015 0.729392 0.228293
9.9982E-005 0.0834071 9.9982E-005 0.0443525 0.61602 0.25602
9.9973E-005 0.137528 9.9973E-005 0.0519115 0.810261 9.9973E-005
9.9982E-005 0.270799 0.0679245 9.9982E-005 0.49471 0.166366
0.0230629 0.216336 9.9982E-005 9.9982E-005 0.648232 0.112169
0.0135846 0.349911 0.00433212 0.0365794 0.595492 9.9991E-005
0.0704414 0.11408 0.00123728 0.0680573 0.519517 0.226667
0.0240129 0.2036 9.9982E-005 9.9982E-005 0.536197 0.235991
9.9982E-005 0.276337 0.00492647 9.9982E-005 0.545845 0.172691
9.9973E-005 0.286324 9.9973E-005 9.9973E-005 0.523923 0.189453
0.0166928 0.104309 0.575338 9.9991E-005 0.0522953 0.251265
9.99731E-005 0.0200785 0.125497 9.99731E-005 9.99731E-005 0.854124
9.99641E-005 9.99641E-005 0.189151 9.99641E-005 9.99641E-005 0.810449
9.9991E-005 0.0108534 0.319866 0.0250081 0.0410076 0.603165
9.99731E-005 9.99731E-005 0.116044 0.0385016 9.99731E-005 0.845154
9.996E-005 9.996E-005 0.9995 9.996E-005 9.996E-005 9.996E-005
9.996E-005 9.996E-005 0.9995 9.996E-005 9.996E-005 9.996E-005
9.996E-005 9.996E-005 0.9995 9.996E-005 9.996E-005 9.996E-005
0.0242278 0.0631306 0.142542 0.0303427 0.00446937 0.735287
0.00773083 9.9973E-005 0.795803 9.9973E-005 9.9973E-005 0.196167
9.99641E-005 9.99641E-005 0.0858259 9.99641E-005 9.99641E-005 0.913774
9.996E-005 9.996E-005 0.9995 9.996E-005 9.996E-005 9.996E-005
9.99731E-005 9.99731E-005 0.243724 9.99731E-005 0.0567398 0.699236
9.996E-005 9.996E-005 0.9995 9.996E-005 9.996E-005 9.996E-005
9.99731E-005 0.0425723 0.152452 9.99731E-005 9.99731E-005 0.804676
0.00251549 9.99731E-005 0.333258 9.99731E-005 9.99731E-005 0.663926
0.0116617 0.0264035 0.221106 0.0376843 9.9991E-005 0.703044
9.99641E-005 9.99641E-005 0.208466 9.99641E-005 9.99641E-005 0.791134
0.00943003 9.9991E-005 0.18875 0.0240377 0.0694365 0.708245
0.0171261 0.803093 9.9991E-005 0.0397643 0.033562 0.106355
9.99641E-005 0.998872 0.000728227 9.99641E-005 9.99641E-005 9.99641E-005
0.0316868 0.900433 0.022953 0.0255154 9.9991E-005 0.0193116
9.99731E-005 0.976623 9.99731E-005 0.00743078 9.99731E-005 0.0156459
0.0317687 0.916793 0.0331158 9.9982E-005 9.9982E-005 0.0181229
9.99641E-005 0.9719 0.0277005 9.99641E-005 9.99641E-005 9.99641E-005
9.99641E-005 0.972022 9.99641E-005 9.99641E-005 9.99641E-005 0.0275783
0.00758164 0.867515 0.0319831 0.00434917 0.0839508 0.00462033
9.99641E-005 0.983749 0.0158516 9.99641E-005 9.99641E-005 9.99641E-005
0.0515781 0.111417 0.0524082 0.300903 0.483594 9.9991E-005
9.996E-005 9.996E-005 9.996E-005 9.996E-005 0.9995 9.996E-005
9.99732E-005 9.99732E-005 9.99732E-005 0.458188 0.423197 0.118315
0.132695 0.0493989 9.9982E-005 0.276348 0.541358 9.9982E-005
9.99641E-005 9.99641E-005 9.99641E-005 0.506419 0.493182 9.99641E-005
0.101217 9.9982E-005 0.0553189 0.26385 0.579414 9.9982E-005
0.129999 0.0315041 0.0201049 0.300121 0.495329 0.0229423
0.0966381 0.107351 0.0408796 0.246305 0.508726 9.9991E-005
0.0690066 9.99731E-005 9.99731E-005 0.339343 0.59135 9.99731E-005
0.0453274 9.9973E-005 9.9973E-005 0.283385 0.670988 9.9973E-005
0.154019 0.0421072 0.0547376 0.285236 0.463801 9.9991E-005
0.126198 9.9973E-005 9.9973E-005 0.239734 0.633768 9.9973E-005
0.100319 9.9973E-005 9.9973E-005 0.336655 0.562726 9.9973E-005
0.109171 9.9982E-005 9.9982E-005 0.304561 0.547908 0.0381597
0.302975 9.9991E-005 0.0113648 0.239443 0.283988 0.16213
0.331251 9.9982E-005 9.9982E-005 0.165469 0.263633 0.239447
0.331832 0.0580008 0.0150363 0.196406 0.340476 0.0582487
0.630893 9.9991E-005 0.0148364 0.251842 0.064448 0.0378804
0.532089 0.0213172 0.0633739 0.383019 9.9982E-005 9.9982E-005
0.9995 9.996E-005 9.996E-005 9.996E-005 9.996E-005 9.996E-005
0.9995 9.996E-005 9.996E-005 9.996E-005 9.996E-005 9.996E-005
0.622822 0.002049 9.9991E-005 0.227783 0.0334369 0.113809
0.58913 9.9982E-005 9.9982E-005 0.337576 0.0265603 0.0465337
0.994963 0.0046368 9.99641E-005 9.99641E-005 9.99641E-005 9.99641E-005
0.9995 9.996E-005 9.996E-005 9.996E-005 9.996E-005 9.996E-005
0.577394 9.9982E-005 9.9982E-005 0.207252 0.0694837 0.14567
0.9995 9.996E-005 9.996E-005 9.996E-005 9.996E-005 9.996E-005
0.9995 9.996E-005 9.996E-005 9.996E-005 9.996E-005 9.996E-005
0.9995 9.996E-005 9.996E-005 9.996E-005 9.996E-005 9.996E-005
0.99694 9.99641E-005 9.99641E-005 0.00266056 9.99641E-005 9.99641E-005
0.984241 9.9964E-005 0.0153595 9.9964E-005 9.9964E-005 9.9964E-005
9.99731E-005 0.00631314 0.0255987 9.99731E-005 9.99731E-005 0.967788
9.99731E-005 0.942498 0.0339627 9.99731E-005 9.99731E-005 0.0232394
9.99641E-005 0.955076 0.0445239 9.99641E-005 9.99641E-005 9.99641E-005
0.0382775 9.99641E-005 9.99641E-005 0.961323 9.99641E-005 9.99641E-005
0.0670608 9.99641E-005 9.99641E-005 0.932539 9.99641E-005 9.99641E-005
0.0376058 9.99641E-005 9.99641E-005 0.961994 9.99641E-005 9.99641E-005
9.99641E-005 0.0201913 9.99641E-005 0.979409 9.99641E-005 9.99641E-005
0.0219326 9.99731E-005 9.99731E-005 0.960548 0.0172196 9.99731E-005
0.008004 9.9973E-005 0.0252295 0.966467 9.9973E-005 9.9973E-005
9.99731E-005 9.99731E-005 0.0483422 0.945365 9.99731E-005 0.00599278
0.0165087 0.0184866 9.99821E-005 0.962755 0.00204998 9.99821E-005
9.99641E-005 9.99641E-005 9.99641E-005 0.93263 9.99641E-005 0.0669706
9.9973E-005 9.9973E-005 0.00134041 0.949131 0.0492292 9.9973E-005
9.99731E-005 9.99731E-005 0.00116307 0.964708 9.99731E-005 0.0338291
0.0142519 9.99731E-005 0.0183221 0.967126 9.99731E-005 9.99731E-005
9.99641E-005 9.99641E-005 9.99641E-005 0.978744 0.0208561 9.99641E-005
0.0267476 9.99641E-005 9.99641E-005 0.972853 9.99641E-005 9.99641E-005
9.99641E-005 9.99641E-005 9.99641E-005 0.961373 9.99641E-005 0.0382269
9.99731E-005 9.99731E-005 0.0178969 0.918814 9.99731E-005 0.0629891
0.0438335 9.99641E-005 9.99641E-005 0.955767 9.99641E-005 9.99641E-005
9.99641E-005 0.0410932 9.99641E-005 0.958507 9.99641E-005 9.99641E-005
0.012652 9.99641E-005 9.99641E-005 0.986948 9.99641E-005 9.99641E-005
0.032312 9.9982E-005 0.00930917 0.888763 9.9982E-005 0.0694155
0.0258349 9.99731E-005 9.99731E-005 0.963672 9.99731E-005 0.0101929
0.0140413 9.99731E-005 9.99731E-005 0.911631 9.99731E-005 0.0740275
0.00127399 9.9982E-005 0.0140353 0.982799 0.00169207 9.9982E-005
9.99731E-005 9.99731E-005 0.0239564 0.929506 0.0462376 9.99731E-005
0.0210839 9.99641E-005 9.99641E-005 0.978516 9.99641E-005 9.99641E-005
9.9973E-005 9.9973E-005 0.0239463 0.935569 0.0401849 9.9973E-005
0.598884 9.9982E-005 0.00772858 0.274933 9.9982E-005 0.118254
0.354932 9.9982E-005 0.0328341 0.227947 9.9982E-005 0.384086
0.44041 0.0301223 0.0151653 0.395163 0.0441009 0.0750384
0.0379161 0.50239 9.9982E-005 9.9982E-005 0.100642 0.358852
9.99731E-005 0.662749 9.99731E-005 9.99731E-005 0.033046 0.303905
0.0311978 0.643585 9.99821E-005 9.99821E-005 0.108565 0.216452
0.00737211 0.552091 9.9982E-005 9.9982E-005 0.0917141 0.348623
0.00728069 0.726007 9.99821E-005 9.99821E-005 0.0821605 0.184352
9.99731E-005 0.644334 9.99731E-005 9.99731E-005 0.132756 0.22261
0.0314965 0.538409 0.0381387 9.9991E-005 0.201791 0.190065
9.99641E-005 0.970004 0.0295964 9.99641E-005 9.99641E-005 9.99641E-005
9.996E-005 0.9995 9.996E-005 9.996E-005 9.996E-005 9.996E-005
0.0182432 0.898153 0.083304 9.99731E-005 9.99731E-005 9.99731E-005
9.99821E-005 0.143078 0.0261811 0.455114 9.99821E-005 0.375428
9.9991E-005 0.122 0.043347 0.0955615 0.501937 0.237054
0.00999301 9.9991E-005 0.0340065 0.380888 0.424034 0.150979
0.244353 9.9982E-005 0.0356518 0.347494 0.372301 9.9982E-005
0.344059 9.9991E-005 0.0175427 0.185457 0.422897 0.0299445
0.000383796 9.99732E-005 9.99732E-005 0.9299 0.0694165 9.99732E-005
0.0184542 0.00103682 9.99821E-005 0.960798 9.99821E-005 0.0195111
9.99641E-005 0.0286924 9.99641E-005 0.970908 9.99641E-005 9.99641E-005
9.99731E-005 9.99731E-005 0.00795302 0.932305 9.99731E-005 0.0594425
9.99641E-005 0.00171742 9.99641E-005 0.997883 9.99641E-005 9.99641E-005
9.9973E-005 9.9973E-005 9.9973E-005 0.964586 0.00844294 0.0266712
0.0403459 9.99731E-005 9.99731E-005 0.953512 0.00584234 9.99731E-005
0.0144677 0.0204899 0.00870185 0.956141 9.9982E-005 9.9982E-005
9.996E-005 9.996E-005 9.996E-005 0.9995 9.996E-005 9.996E-005
0.0165511 0.0379084 0.00315559 0.942185 9.9982E-005 9.9982E-005
0.0498463 9.99731E-005 0.00106888 0.948785 9.99731E-005 9.99731E-005
9.99641E-005 0.0126003 9.99641E-005 0.987 9.99641E-005 9.99641E-005
0.0233321 0.00524789 9.9982E-005 0.936842 9.9982E-005 0.0343783
9.99641E-005 9.99641E-005 9.99641E-005 0.900168 9.99641E-005 0.099432
9.99731E-005 9.99731E-005 0.0231642 0.949809 9.99731E-005 0.0267265
9.99731E-005 9.99731E-005 0.00804875 0.963731 9.99731E-005 0.0279207
0.0499353 0.147326 0.121404 9.99821E-005 9.99821E-005 0.681134
9.9982E-005 0.0706977 0.11109 9.9982E-005 0.0183008 0.799711
0.0255916 0.0936175 0.144072 9.9991E-005 0.108505 0.628114
9.99641E-005 0.992721 9.99641E-005 0.00687883 9.99641E-005 9.99641E-005
9.99641E-005 0.971279 0.0283207 9.99641E-005 9.99641E-005 9.99641E-005
9.99641E-005 0.926265 9.99641E-005 9.99641E-005 9.99641E-005 0.0733347
0.00356707 0.935022 0.0501754 9.9982E-005 0.0110356 9.9982E-005
0.310401 9.9991E-005 0.00793746 0.217306 0.425323 0.038933
0.305887 9.9982E-005 0.0509857 0.239973 0.402955 9.9982E-005
0.3126 0.0120734 9.9991E-005 0.179854 0.27973 0.215643
9.99821E-005 0.0469722 0.114558 9.99821E-005 0.00820485 0.830065
9.99641E-005 9.99641E-005 0.0642182 9.99641E-005 9.99641E-005 0.935382
0.0444232 0.0315397 0.0535998 0.0367937 0.0836443 0.749999
0.0202762 9.9982E-005 0.0606359 0.0295394 9.9982E-005 0.889349
