0.0204263 9.9982E-005 0.930635 0.0165999 0.0321392 9.9982E-005
0.0128927 9.99641E-005 0.986707 9.99641E-005 9.99641E-005 9.99641E-005
0.0346791 9.9973E-005 0.959966 9.9973E-005 0.00505453 9.9973E-005
0.0422073 0.00796612 0.802211 0.0521709 0.0675052 0.0279393
9.99641E-005 9.99641E-005 0.894939 9.99641E-005 0.104661 9.99641E-005
9.996E-005 9.996E-005 0.9995 9.996E-005 9.996E-005 9.996E-005
0.0197014 9.9964E-005 0.979899 9.9964E-005 9.9964E-005 9.9964E-005
9.9982E-005 9.9982E-005 0.806128 0.0846535 0.0591176 0.0499014
9.9973E-005 0.0712661 0.903422 0.0250116 9.9973E-005 9.9973E-005
9.99641E-005 0.0887546 0.910846 9.99641E-005 9.99641E-005 9.99641E-005
9.99641E-005 0.0822664 0.917334 9.99641E-005 9.99641E-005 9.99641E-005
0.115951 9.99731E-005 0.697124 9.99731E-005 0.186625 9.99731E-005
0.0278167 0.023711 0.758375 0.0681337 0.111516 0.0104477
9.999E-005 0.0495523 0.703411 0.000420273 0.21414 0.0323765
0.0522753 0.0250152 0.47585 0.238679 0.130491 0.077689
0.048451 9.9991E-005 0.639454 0.0713154 0.195264 0.0454149
0.0645296 9.99821E-005 0.699717 0.0484315 0.187122 9.99821E-005
0.0367483 9.9982E-005 0.597524 0.105115 0.260414 9.9982E-005
0.708711 0.00523581 0.136606 9.9982E-005 0.149247 9.9982E-005
0.405976 0.0411826 0.320013 9.99821E-005 0.232629 9.99821E-005
0.504863 9.9982E-005 0.175511 0.0690486 0.250378 9.9982E-005
0.551887 0.05737 0.229101 0.0113485 0.150194 9.9991E-005
0.469617 0.0964805 0.218709 0.07084 0.144254 9.9991E-005
0.9995 9.996E-005 9.996E-005 9.996E-005 9.996E-005 9.996E-005
0.9995 9.996E-005 9.996E-005 9.996E-005 9.996E-005 9.996E-005
0.9995 9.996E-005 9.996E-005 9.996E-005 9.996E-005 9.996E-005
0.375909 0.0842078 0.17788 0.0491865 0.280618 0.0321987
0.940901 9.9973E-005 0.0560448 9.9973E-005 9.9973E-005 0.00275398
0.403963 9.9991E-005 0.281346 0.134941 0.164346 0.0153033
0.9995 9.996E-005 9.996E-005 9.996E-005 9.996E-005 9.996E-005
0.501568 0.0324037 0.322928 0.0188679 0.0957719 0.0284603
0.9995 9.996E-005 9.996E-005 9.996E-005 9.996E-005 9.996E-005
0.460891 0.0342295 0.247823 9.99821E-005 0.256856 9.99821E-005
0.61331 0.0284796 0.194273 9.9991E-005 0.128562 0.0352761
0.481824 0.0807125 0.145402 9.9991E-005 0.251127 0.0408343
0.503663 9.9991E-005 0.245131 0.038178 0.182128 0.0308006
0.420772 0.0422959 0.232555 0.128171 0.149472 0.0267333
0.000298164 0.0547645 0.121929 9.9991E-005 0.815938 0.00697013
9.996E-005 9.996E-005 9.996E-005 9.996E-005 0.9995 9.996E-005
0.0290893 0.00799416 0.0284372 9.9991E-005 0.890892 0.0434876
9.99731E-005 0.00193021 0.0154721 9.99731E-005 0.982298 9.99731E-005
0.0375328 9.9982E-005 0.0311156 9.9982E-005 0.898447 0.0327044
0.00381638 9.99641E-005 9.99641E-005 9.99641E-005 0.995784 9.99641E-005
9.99731E-005 9.99731E-005 0.0226933 9.99731E-005 0.969935 0.00707156
0.0363677 9.9982E-005 0.037585 0.0592706 0.866577 9.9982E-005
0.0124042 9.99641E-005 9.99641E-005 9.99641E-005 0.987196 9.99641E-005
0.0203986 0.138112 0.179858 0.465441 0.116711 0.0794793
9.996E-005 9.996E-005 9.996E-005 0.9995 9.996E-005 9.996E-005
0.0187251 0.151263 9.99821E-005 0.780876 0.0489355 9.99821E-005
9.9991E-005 0.0445506 0.0440871 0.671502 0.11062 0.12914
9.9964E-005 0.203817 9.9964E-005 0.795783 9.9964E-005 9.9964E-005
0.0239687 0.00404142 0.0126674 0.780121 0.0561334 0.123068
0.0453217 0.0735398 0.00386206 0.638276 0.0983453 0.140655
0.0379115 0.0783957 0.071031 0.564862 0.153013 0.0947869
9.9982E-005 0.102439 0.134491 0.68174 9.9982E-005 0.0811306
9.9991E-005 0.0378997 0.0919388 0.756538 0.050919 0.0626045
0.0475531 0.0754328 0.0224043 0.612095 0.0944272 0.148087
9.9991E-005 0.017371 0.121379 0.693964 0.0268363 0.140349
9.9982E-005 0.0987058 0.031133 0.758426 9.9982E-005 0.111535
0.00200851 0.0744198 0.0557999 0.732025 0.0243627 0.111384
0.0817915 0.102185 0.0969754 0.375511 0.0191055 0.324431
0.0651544 0.0369328 0.0852864 0.408673 0.0545171 0.349437
0.0405792 0.062315 0.0470975 0.408436 0.116499 0.325074
0.0213323 0.210704 9.99821E-005 0.134385 9.99821E-005 0.633379
0.0699079 0.362348 9.9982E-005 0.0441414 9.9982E-005 0.523403
9.996E-005 9.996E-005 9.996E-005 9.996E-005 9.996E-005 0.9995
9.996E-005 9.996E-005 9.996E-005 9.996E-005 9.996E-005 0.9995
0.0272749 0.184614 0.00187584 0.118485 0.0628264 0.604925
0.00998577 0.267195 9.9982E-005 0.127915 9.9982E-005 0.594704
9.99641E-005 9.99641E-005 0.00960537 9.99641E-005 9.99641E-005 0.989995
9.996E-005 9.996E-005 9.996E-005 9.996E-005 9.996E-005 0.9995
0.0576702 0.177576 0.0558347 0.120348 9.9991E-005 0.588471
9.996E-005 9.996E-005 9.996E-005 9.996E-005 9.996E-005 0.9995
9.996E-005 9.996E-005 9.996E-005 9.996E-005 9.996E-005 0.9995
9.996E-005 9.996E-005 9.996E-005 9.996E-005 9.996E-005 0.9995
9.996E-005 9.996E-005 9.996E-005 9.996E-005 9.996E-005 0.9995
0.0209038 9.9964E-005 9.9964E-005 9.9964E-005 9.9964E-005 0.978696
0.333021 0.0536927 0.305877 0.00383737 0.293917 0.00965434
0.0433629 9.99731E-005 0.0190384 9.99731E-005 0.937299 9.99731E-005
0.062715 9.9964E-005 9.9964E-005 9.9964E-005 0.936885 9.9964E-005
9.99641E-005 0.955199 9.99641E-005 9.99641E-005 9.99641E-005 0.0444013
9.99641E-005 0.931476 9.99641E-005 9.99641E-005 9.99641E-005 0.0681242
9.99641E-005 0.96429 9.99641E-005 9.99641E-005 9.99641E-005 0.0353104
9.99641E-005 0.984801 9.99641E-005 9.99641E-005 0.0147987 9.99641E-005
9.99821E-005 0.975472 0.0111399 0.000669751 9.99821E-005 0.0125183
0.0208239 0.96971 9.9973E-005 9.9973E-005 9.9973E-005 0.00916665
0.0642585 0.935342 9.99641E-005 9.99641E-005 9.99641E-005 9.99641E-005
9.9991E-005 0.928142 0.0133659 0.0255891 0.00873783 0.024065
0.0355947 0.95543 9.99731E-005 9.99731E-005 0.00867491 9.99731E-005
9.9973E-005 0.95444 0.0340791 0.0111809 9.9973E-005 9.9973E-005
0.0118727 0.987727 9.99641E-005 9.99641E-005 9.99641E-005 9.99641E-005
9.99731E-005 0.92453 9.99731E-005 0.0351243 9.99731E-005 0.0400454
9.99641E-005 0.991561 0.00803943 9.99641E-005 9.99641E-005 9.99641E-005
9.99641E-005 0.97716 9.99641E-005 9.99641E-005 9.99641E-005 0.0224397
9.99641E-005 0.981003 0.0185976 9.99641E-005 9.99641E-005 9.99641E-005
0.0499909 0.913972 0.00490162 0.0309357 9.9982E-005 9.9982E-005
9.99641E-005 0.922684 9.99641E-005 9.99641E-005 9.99641E-005 0.0769166
9.99731E-005 0.944815 9.99731E-005 9.99731E-005 0.0246621 0.0302225
9.99641E-005 0.984229 9.99641E-005 0.0153716 9.99641E-005 9.99641E-005
0.0424643 0.92535 9.9982E-005 0.0134681 9.9982E-005 0.0185178
0.00316804 0.986093 9.99731E-005 9.99731E-005 9.99731E-005 0.0104387
9.9991E-005 0.911271 0.0187569 0.00577592 0.0178739 0.046222
9.99641E-005 0.993406 0.00619439 9.99641E-005 9.99641E-005 9.99641E-005
0.036353 0.873944 9.9973E-005 0.0894027 9.9973E-005 9.9973E-005
9.996E-005 0.9995 9.996E-005 9.996E-005 9.996E-005 9.996E-005
0.0137916 0.90556 0.0121736 0.0682744 9.9982E-005 9.9982E-005
0.0465176 0.258706 0.0118216 0.0675278 9.9991E-005 0.615327
0.154912 0.178949 0.0834993 0.152975 0.0324782 0.397187
0.0597212 0.363648 0.0104518 0.102012 0.0252236 0.438944
0.0481348 9.9982E-005 0.333537 9.9982E-005 0.556012 0.062116
9.99731E-005 0.00972908 0.302951 9.99731E-005 0.68702 9.99731E-005
0.029936 9.99821E-005 0.274133 9.99821E-005 0.65975 0.0359809
0.0627721 9.9982E-005 0.355652 9.9982E-005 0.571923 0.00945282
9.99731E-005 9.99731E-005 0.25418 9.99731E-005 0.720578 0.0249422
0.00240804 9.99731E-005 0.360217 9.99731E-005 0.637075 9.99731E-005
0.102787 9.9991E-005 0.277414 0.0199858 0.548421 0.0512915
0.0135169 9.99641E-005 9.99641E-005 9.99641E-005 0.986083 9.99641E-005
9.996E-005 9.996E-005 9.996E-005 9.996E-005 0.9995 9.996E-005
0.0924251 9.99731E-005 9.99731E-005 9.99731E-005 0.88317 0.0241049
0.190061 0.499213 9.99731E-005 9.99731E-005 0.310426 9.99731E-005
0.117429 0.0949822 0.501833 0.17311 0.112546 9.9991E-005
0.0791965 0.20348 0.144153 0.545517 9.9991E-005 0.0275532
0.0348447 0.164909 9.9991E-005 0.513139 0.0176489 0.269358
0.025569 0.0573288 0.177759 0.381516 9.9991E-005 0.357728
9.99642E-005 0.645137 9.99642E-005 0.354463 9.99642E-005 9.99642E-005
0.00379882 0.963681 0.0047213 9.9991E-005 0.0100538 0.0176453
9.99641E-005 0.986655 9.99641E-005 9.99641E-005 0.0129456 9.99641E-005
0.000608403 0.92593 0.0460506 0.0272115 9.9982E-005 9.9982E-005
9.996E-005 0.9995 9.996E-005 9.996E-005 9.996E-005 9.996E-005
9.99641E-005 0.950659 9.99641E-005 0.0489413 9.99641E-005 9.99641E-005
9.99731E-005 0.957693 9.99731E-005 0.0207031 9.99731E-005 0.0213041
9.99731E-005 0.958825 9.99731E-005 9.99731E-005 0.0228501 0.0180247
9.996E-005 0.9995 9.996E-005 9.996E-005 9.996E-005 9.996E-005
9.99731E-005 0.944915 9.99731E-005 9.99731E-005 0.0393926 0.0153929
9.99641E-005 0.939884 9.99641E-005 9.99641E-005 9.99641E-005 0.0597157
9.99641E-005 0.987473 9.99641E-005 9.99641E-005 0.0121269 9.99641E-005
9.99731E-005 0.943308 9.99731E-005 9.99731E-005 0.0329291 0.0234631
0.000484806 0.936879 9.99731E-005 9.99731E-005 0.0623364 9.99731E-005
0.0326139 0.966986 9.99641E-005 9.99641E-005 9.99641E-005 9.99641E-005
0.000273537 0.923899 9.99731E-005 0.0755278 9.99731E-005 9.99731E-005
0.34641 0.0477133 0.253369 9.9991E-005 0.28071 0.0716982
0.35034 0.0328861 0.354433 9.9991E-005 0.223507 0.0387339
0.342504 0.0187938 0.358827 9.9991E-005 0.224599 0.0551765
9.996E-005 9.996E-005 9.996E-005 9.996E-005 0.9995 9.996E-005
0.0146854 9.99641E-005 9.99641E-005 9.99641E-005 0.984915 9.99641E-005
0.00324287 9.99731E-005 0.00945008 9.99731E-005 0.987007 9.99731E-005
0.0594526 9.9982E-005 9.9982E-005 0.00135695 0.930914 0.00807692
0.038452 0.0502052 0.0675584 0.534036 0.00588867 0.303859
0.0417363 0.0560521 0.0605581 0.493933 0.0392908 0.308429
0.0309 0.0688428 0.085994 0.377316 0.108652 0.328295
0.375721 0.0494777 0.291655 0.0251288 0.229772 0.0282461
0.344076 0.0186327 0.264364 0.115171 0.244523 0.0132335
0.277678 0.0854215 0.315423 0.0721856 0.197114 0.0521776
0.353155 0.0862969 0.2435 0.0818672 0.196595 0.0385856
