0.819722 9.9982E-005 9.9982E-005 0.0261668 0.153911
0.837029 9.9982E-005 9.9982E-005 0.0470665 0.115704
0.778157 9.9982E-005 9.9982E-005 0.060156 0.161487
0.72555 9.9991E-005 0.0254663 0.0537926 0.195091
0.697859 9.9982E-005 9.9982E-005 0.0268251 0.275116
0.942667 9.9973E-005 9.9973E-005 9.9973E-005 0.0570334
0.90362 9.9982E-005 9.9982E-005 0.0498432 0.0463365
0.759321 9.9991E-005 0.0523321 0.00735362 0.180893
0.836859 0.0635053 9.9991E-005 0.0298751 0.0696605
0.762629 0.0704418 9.9991E-005 0.0150273 0.151802
0.834175 0.0636339 9.9982E-005 9.9982E-005 0.101991
0.543904 9.9991E-005 0.00246012 0.134191 0.319344
0.68304 0.00413529 0.0280142 0.0534535 0.231357
0.604097 0.0187652 0.0494155 9.9991E-005 0.327623
0.593042 0.0833536 0.0767088 0.0515128 0.195383
0.587711 9.9991E-005 0.0478814 0.0777258 0.286582
0.613495 9.9982E-005 9.9982E-005 0.0807298 0.305575
0.601921 9.9991E-005 0.00415097 0.0409119 0.352916
0.0818465 9.9982E-005 9.9982E-005 0.735028 0.182925
0.23483 0.0134818 0.0161005 0.436569 0.299018
0.164505 0.0231863 9.9991E-005 0.499873 0.312336
0.16506 0.0550082 9.9991E-005 0.563276 0.216556
0.184808 0.12232 9.9991E-005 0.470813 0.221959
9.997E-005 9.997E-005 9.997E-005 0.9996 9.997E-005
9.997E-005 9.997E-005 9.997E-005 0.9996 9.997E-005
9.997E-005 9.997E-005 9.997E-005 0.9996 9.997E-005
0.160398 0.0880832 0.0384517 0.401437 0.31163
9.9982E-005 9.9982E-005 0.0111795 0.961768 0.0268529
0.317427 9.9991E-005 0.043887 0.415415 0.223171
9.997E-005 9.997E-005 9.997E-005 0.9996 9.997E-005
0.270531 0.000175386 0.0490374 0.509278 0.170978
9.997E-005 9.997E-005 9.997E-005 0.9996 9.997E-005
0.169822 0.0276197 0.000336207 0.463353 0.338869
0.102727 0.0187439 0.0465681 0.631115 0.200846
0.0925141 0.0691097 0.0330714 0.503708 0.301597
0.200668 9.9991E-005 0.0303088 0.516307 0.252617
0.26362 0.0747396 0.0225716 0.444451 0.194618
0.0568629 0.0481337 0.0101636 0.0064058 0.878434
9.997E-005 9.997E-005 9.997E-005 9.997E-005 0.9996
9.9991E-005 0.00694545 0.0471513 0.0515551 0.894248
9.99731E-005 0.00512504 9.99731E-005 9.99731E-005 0.994575
0.00324553 9.9991E-005 0.0206479 0.0423785 0.933628
9.99731E-005 9.99731E-005 0.00475786 9.99731E-005 0.994942
9.99731E-005 9.99731E-005 0.00211435 9.99731E-005 0.997586
0.0618867 0.00680378 9.9991E-005 0.0356955 0.895514
9.997E-005 9.997E-005 9.997E-005 9.997E-005 0.9996
0.494701 0.317452 0.0589131 0.0409659 0.0879674
0.9996 9.997E-005 9.997E-005 9.997E-005 9.997E-005
0.462506 0.456621 9.99911E-005 0.035701 0.045072
0.533219 0.279832 0.139279 9.9991E-005 0.0475705
0.4723 0.5274 9.99731E-005 9.99731E-005 9.99731E-005
0.576463 0.271822 0.13165 0.0199648 9.9991E-005
0.455602 0.295266 0.152369 0.0458569 0.0509057
0.519784 0.258542 0.104419 0.0355433 0.0817115
0.581974 0.340977 0.0768491 9.9982E-005 9.9982E-005
0.648526 0.29422 0.057054 9.9982E-005 9.9982E-005
0.463052 0.28974 0.154444 0.0689179 0.0238465
0.623666 0.245843 0.130291 9.9982E-005 9.9982E-005
0.545262 0.363038 0.0915001 9.9982E-005 9.9982E-005
0.568859 0.305024 0.123086 0.00293102 9.9991E-005
0.358159 0.223175 0.337242 0.0813237 9.9991E-005
0.370055 0.176538 0.366088 0.0605822 0.0267371
0.364333 0.202097 0.321517 0.0424159 0.0696367
0.0802672 0.271922 0.623395 0.0243154 9.9991E-005
9.9991E-005 0.397827 0.511385 0.0769459 0.0137429
9.997E-005 9.997E-005 0.9996 9.997E-005 9.997E-005
9.997E-005 9.997E-005 0.9996 9.997E-005 9.997E-005
0.0776739 0.244371 0.608624 0.0334003 0.0359311
0.0210791 0.336867 0.60756 0.0343945 9.9991E-005
9.9973E-005 9.9973E-005 0.999451 9.9973E-005 0.000249527
9.997E-005 9.997E-005 0.9996 9.997E-005 9.997E-005
0.14296 0.210339 0.599834 0.0467676 9.9991E-005
9.997E-005 9.997E-005 0.9996 9.997E-005 9.997E-005
9.997E-005 9.997E-005 0.9996 9.997E-005 9.997E-005
9.997E-005 9.997E-005 0.9996 9.997E-005 9.997E-005
9.997E-005 9.997E-005 0.9996 9.997E-005 9.997E-005
9.9973E-005 9.9973E-005 0.971423 0.0282766 9.9973E-005
0.201019 0.0523815 0.015175 0.347281 0.384143
9.99731E-005 9.99731E-005 9.99731E-005 0.0463332 0.953367
9.9973E-005 9.9973E-005 9.9973E-005 0.0653263 0.934374
9.9973E-005 0.964207 0.0354929 9.9973E-005 9.9973E-005
9.99731E-005 0.943511 0.0561891 9.99731E-005 9.99731E-005
9.99731E-005 0.970639 0.0290611 9.99731E-005 9.99731E-005
9.99731E-005 0.992734 9.99731E-005 9.99731E-005 0.00696652
9.99731E-005 0.975909 0.0237911 9.99731E-005 9.99731E-005
9.9982E-005 0.969397 0.0109819 0.0194216 9.9982E-005
9.99821E-005 0.934488 0.0040192 0.0612927 9.99821E-005
0.0119928 0.957325 0.0250083 9.9991E-005 0.00557366
9.9982E-005 0.952745 9.9982E-005 0.0277985 0.0192564
0.0284348 0.971265 9.9973E-005 9.9973E-005 9.9973E-005
9.99731E-005 0.980684 9.99731E-005 9.99731E-005 0.0190164
9.99821E-005 0.963663 0.0304258 0.00571113 9.99821E-005
9.997E-005 0.9996 9.997E-005 9.997E-005 9.997E-005
9.9973E-005 0.980492 0.0192083 9.9973E-005 9.9973E-005
9.99731E-005 0.998511 9.99731E-005 0.00118865 9.99731E-005
0.0297753 0.940586 9.9991E-005 0.0179729 0.0115656
9.9973E-005 0.933423 0.0662771 9.9973E-005 9.9973E-005
9.9982E-005 0.94727 0.0105289 9.9982E-005 0.042001
9.99731E-005 0.988489 0.0112111 9.99731E-005 9.99731E-005
9.9982E-005 0.905052 0.0504497 0.0442979 9.9982E-005
9.9982E-005 0.988185 9.9982E-005 0.00187507 0.00973955
0.00630897 0.924608 0.0372099 9.9991E-005 0.0317734
0.00920897 0.990491 9.99731E-005 9.99731E-005 9.99731E-005
0.0375413 0.929304 9.9982E-005 0.0329543 9.9982E-005
9.99731E-005 0.990352 0.00934775 9.99731E-005 9.99731E-005
0.0163259 0.952885 9.9982E-005 0.0305895 9.9982E-005
0.0212008 0.275123 0.625995 0.0654653 0.0122151
0.170667 0.25226 0.38662 0.147797 0.0426551
0.0510223 0.409241 0.44979 0.0611018 0.0288446
0.223931 9.9991E-005 0.0660483 0.0464849 0.663436
0.150176 0.00685372 0.00107738 0.0165071 0.825386
0.181451 9.9991E-005 0.0384967 0.0264128 0.75354
0.208349 9.9991E-005 0.00671863 0.0895534 0.695279
0.177783 9.99821E-005 0.0296996 9.99821E-005 0.792317
0.245488 9.99821E-005 9.99821E-005 0.0238124 0.7305
0.237032 9.9991E-005 0.0515619 0.0987349 0.612571
9.99731E-005 9.99731E-005 9.99731E-005 0.0209838 0.978716
9.997E-005 9.997E-005 9.997E-005 9.997E-005 0.9996
9.9982E-005 9.9982E-005 0.0134228 0.0900695 0.896308
9.99821E-005 0.493454 9.99821E-005 0.190469 0.315876
0.54773 0.126353 9.9991E-005 0.135661 0.190156
0.479256 0.405282 0.0288383 0.0861335 0.000490451
0.3704 0.348197 0.266544 0.0147586 9.9991E-005
0.453942 0.18629 0.358338 0.00132919 9.9991E-005
0.0469946 0.952705 9.99732E-005 9.99732E-005 9.99732E-005
9.99821E-005 0.964356 0.0325716 9.99821E-005 0.00287217
9.99731E-005 0.973025 9.99731E-005 9.99731E-005 0.0266755
0.027787 0.934036 0.000636888 0.022551 0.0149889
9.997E-005 0.9996 9.997E-005 9.997E-005 9.997E-005
0.00878231 0.980804 9.9991E-005 0.00924805 0.0010657
9.99731E-005 0.970767 0.0289332 9.99731E-005 9.99731E-005
9.9982E-005 0.966442 0.0252625 9.9982E-005 0.00809554
9.997E-005 0.9996 9.997E-005 9.997E-005 9.997E-005
9.9991E-005 0.955971 0.000516413 0.0190285 0.0243839
9.99731E-005 0.954539 0.0451607 9.99731E-005 9.99731E-005
9.99731E-005 0.982364 9.99731E-005 9.99731E-005 0.0173362
9.9982E-005 0.954813 0.0285112 9.9982E-005 0.0164758
9.9991E-005 0.929836 0.00267669 0.0109298 0.0564574
9.99731E-005 0.953984 9.99731E-005 0.0457165 9.99731E-005
0.0127679 0.986932 9.99731E-005 9.99731E-005 9.99731E-005
0.139796 0.0442834 0.0731614 0.361185 0.381575
0.258209 0.0239576 0.0300607 0.361065 0.326708
0.253209 0.0171926 0.0503097 0.356012 0.323277
9.997E-005 9.997E-005 9.997E-005 9.997E-005 0.9996
9.99731E-005 9.99731E-005 9.99731E-005 0.010456 0.989244
9.99731E-005 9.99731E-005 9.99731E-005 0.00921956 0.990481
0.0101555 9.9982E-005 9.9982E-005 0.0547932 0.934851
0.435596 0.223046 0.32555 0.0157088 9.9991E-005
0.42033 0.228405 0.316174 0.030768 0.00432207
0.344382 0.200026 0.328059 0.0233676 0.104165
0.237765 0.036179 0.0327104 0.374524 0.318822
0.251584 0.0414936 0.029467 0.394331 0.283124
0.2883 0.10364 0.0538713 0.265409 0.28878
0.22502 0.119351 0.0263018 0.361553 0.267775
