9.9982E-005 0.0153091 0.187169 9.9982E-005 0.797322
9.9982E-005 0.0599707 0.138439 9.9982E-005 0.80139
9.9982E-005 0.0664092 0.178378 9.9982E-005 0.755013
9.999E-005 0.0595813 0.227745 0.0257376 0.686836
9.9982E-005 0.0334765 0.271677 9.9982E-005 0.694646
9.9973E-005 9.9973E-005 0.0782847 9.9973E-005 0.921415
9.9982E-005 0.0571564 0.095841 9.9982E-005 0.846803
9.9982E-005 9.9982E-005 0.190908 0.0518949 0.756997
0.0699473 0.0206668 0.0688944 9.9991E-005 0.840391
0.0791994 0.00776217 0.175508 9.9991E-005 0.737431
0.06361 9.9982E-005 0.123224 9.9982E-005 0.812966
9.9982E-005 0.136501 0.327221 9.9982E-005 0.536078
9.9991E-005 0.0490142 0.262442 0.025338 0.663106
0.0175484 9.9991E-005 0.335496 0.0402338 0.606622
0.0872422 0.0390313 0.200908 0.0803697 0.592449
9.999E-005 0.0416549 0.327179 0.0495568 0.581509
9.9982E-005 0.0736353 0.348473 9.9982E-005 0.577691
9.9982E-005 0.03718 0.359264 9.9982E-005 0.603356
9.9982E-005 0.738054 0.195061 9.9982E-005 0.0666853
0.0256543 0.415298 0.316258 0.0151866 0.227603
0.000211236 0.521889 0.316661 9.9991E-005 0.161139
0.0659472 0.557112 0.235182 0.0136181 0.128141
0.12717 0.45137 0.225021 9.9991E-005 0.196338
9.997E-005 0.9996 9.997E-005 9.997E-005 9.997E-005
9.997E-005 0.9996 9.997E-005 9.997E-005 9.997E-005
9.997E-005 0.9996 9.997E-005 9.997E-005 9.997E-005
0.0912866 0.391421 0.338254 0.0285084 0.150531
9.9982E-005 0.968728 0.0181497 0.0129221 9.9982E-005
9.9991E-005 0.437228 0.220531 0.0430401 0.299101
9.997E-005 0.9996 9.997E-005 9.997E-005 9.997E-005
0.0049164 0.508063 0.17644 0.051176 0.259404
9.997E-005 0.9996 9.997E-005 9.997E-005 9.997E-005
0.0105572 0.461931 0.357132 0.0138666 0.156513
0.0360614 0.630625 0.206098 0.032908 0.0943083
0.0668163 0.512481 0.274406 0.0410841 0.105213
9.9991E-005 0.519489 0.214168 0.0411628 0.22508
0.0673867 0.43907 0.220464 0.0357413 0.237338
0.0362322 9.9991E-005 0.853258 0.0246689 0.0857406
9.997E-005 9.997E-005 0.9996 9.997E-005 9.997E-005
0.0245667 0.0397508 0.90389 0.0316928 9.9991E-005
9.997E-005 9.997E-005 0.9996 9.997E-005 9.997E-005
9.9982E-005 0.0531478 0.919898 0.0267541 9.9982E-005
9.99731E-005 0.000630352 0.99907 9.99731E-005 9.99731E-005
9.99731E-005 9.99731E-005 0.996551 0.00314931 9.99731E-005
0.000600951 0.0480097 0.900022 9.9991E-005 0.0512674
9.99731E-005 0.0105323 0.989168 9.99731E-005 9.99731E-005
0.307181 0.0444357 0.120584 0.0532443 0.474555
9.997E-005 9.997E-005 9.997E-005 9.997E-005 0.9996
0.460472 0.0493741 0.0307518 9.99911E-005 0.459302
0.276347 9.9991E-005 0.0580201 0.136151 0.529382
0.517474 9.99731E-005 9.99731E-005 9.99731E-005 0.482226
0.256521 0.0208669 9.9991E-005 0.130609 0.591903
0.293106 0.0579333 0.0508051 0.14708 0.451075
0.259798 0.0317207 0.0903168 0.100426 0.517739
0.332473 9.9982E-005 9.9982E-005 0.073972 0.593355
0.282982 9.9982E-005 9.9982E-005 0.0527495 0.664069
0.284491 0.0498033 0.0451711 0.157692 0.462842
0.238563 9.9982E-005 9.9982E-005 0.138469 0.622768
0.352145 9.9982E-005 9.9982E-005 0.0930345 0.554621
0.312814 0.0135313 9.9991E-005 0.118927 0.554628
0.240553 0.0754356 9.9991E-005 0.324901 0.359011
0.174713 0.0670239 0.0294533 0.36568 0.363131
0.20397 0.0414508 0.075171 0.315996 0.363412
0.255589 0.0373621 9.9991E-005 0.637311 0.0696383
0.384269 0.0723323 0.0213413 0.521957 9.9991E-005
9.997E-005 9.997E-005 9.997E-005 0.9996 9.997E-005
9.997E-005 9.997E-005 9.997E-005 0.9996 9.997E-005
0.232376 0.0344401 0.0421321 0.621766 0.0692857
0.322603 0.0345118 9.9991E-005 0.609003 0.0337825
9.9973E-005 9.9973E-005 0.00144478 0.998255 9.9973E-005
9.997E-005 9.997E-005 9.997E-005 0.9996 9.997E-005
0.220703 0.0398094 9.9991E-005 0.601489 0.137898
9.997E-005 9.997E-005 9.997E-005 0.9996 9.997E-005
9.997E-005 9.997E-005 9.997E-005 0.9996 9.997E-005
9.997E-005 9.997E-005 9.997E-005 0.9996 9.997E-005
9.997E-005 9.997E-005 9.997E-005 0.9996 9.997E-005
9.9973E-005 0.0116352 9.9973E-005 0.988065 9.9973E-005
0.0454902 0.344554 0.359324 0.0272807 0.223352
9.99731E-005 0.0356834 0.964017 9.99731E-005 9.99731E-005
9.9973E-005 0.0445921 0.955108 9.9973E-005 9.9973E-005
0.964087 9.9973E-005 9.9973E-005 0.035613 9.9973E-005
0.936676 9.99731E-005 9.99731E-005 0.0630239 9.99731E-005
0.970544 9.99731E-005 9.99731E-005 0.029156 9.99731E-005
0.986285 9.99731E-005 0.0134147 9.99731E-005 9.99731E-005
0.9642 0.00926062 9.99821E-005 0.0263397 9.99821E-005
0.967821 0.0318793 9.9973E-005 9.9973E-005 9.9973E-005
0.926911 0.0638252 9.99821E-005 0.00906334 9.99821E-005
0.956246 9.9991E-005 0.0344101 0.00851588 0.000727652
0.951009 0.043442 0.00534875 9.9982E-005 9.9982E-005
0.961928 9.9973E-005 9.9973E-005 9.9973E-005 0.0377717
0.985555 9.99731E-005 0.0141447 9.99731E-005 9.99731E-005
0.962852 0.0205532 9.9991E-005 0.00976426 0.00673007
0.979939 9.9982E-005 9.9982E-005 0.00942867 0.0104322
0.95735 9.9973E-005 9.9973E-005 0.0423505 9.9973E-005
0.99323 9.9982E-005 0.000351958 9.9982E-005 0.00621835
0.931795 0.0544985 0.00806861 9.9991E-005 0.00553803
0.941689 9.9973E-005 9.9973E-005 0.058011 9.9973E-005
0.954843 9.99731E-005 0.0448572 9.99731E-005 9.99731E-005
0.974824 9.99731E-005 9.99731E-005 0.0248762 9.99731E-005
0.910385 0.0526329 9.9982E-005 0.0367817 9.9982E-005
0.97934 0.0115612 9.9982E-005 0.00889908 9.9982E-005
0.910053 0.00300637 0.0399818 0.0468591 9.9991E-005
0.991104 9.9982E-005 9.9982E-005 0.00728335 0.00141267
0.926714 0.0328105 9.9982E-005 9.9982E-005 0.0402758
0.984742 9.99731E-005 9.99731E-005 0.0149576 9.99731E-005
0.937402 0.0116334 9.9982E-005 9.9982E-005 0.050765
0.282541 0.0595625 0.00376045 0.626011 0.0281252
0.242668 0.188888 0.0192023 0.381155 0.168087
0.391958 0.0569196 0.0162353 0.451591 0.0832962
9.9991E-005 0.0552013 0.664721 0.0648397 0.215138
9.9991E-005 0.0198117 0.826367 0.00886666 0.144855
0.00107678 0.030106 0.756761 0.0133448 0.198712
9.9991E-005 0.0788442 0.715985 0.00585176 0.199219
9.99821E-005 9.99821E-005 0.825809 0.0132891 0.160702
9.99821E-005 0.0201219 0.776784 9.99821E-005 0.202894
9.9991E-005 0.110701 0.603674 0.0516532 0.233872
9.99731E-005 0.00127461 0.998425 9.99731E-005 9.99731E-005
9.997E-005 9.997E-005 0.9996 9.997E-005 9.997E-005
9.9982E-005 0.0992571 0.888555 0.0119881 9.9982E-005
0.496589 0.191786 0.311425 9.99821E-005 9.99821E-005
0.126106 0.13068 0.195474 0.00482963 0.54291
0.398361 0.0940092 0.00473665 0.014297 0.488596
0.345097 0.0258431 9.9991E-005 0.259317 0.369643
0.167479 0.015573 9.9991E-005 0.375591 0.441256
0.936941 9.99732E-005 9.99732E-005 9.99732E-005 0.0627587
0.962947 0.0107414 9.9991E-005 0.0199707 0.00624102
0.989764 9.99731E-005 0.00993621 9.99731E-005 9.99731E-005
0.923879 0.0248638 9.9982E-005 9.9982E-005 0.0510574
0.9996 9.997E-005 9.997E-005 9.997E-005 9.997E-005
0.988735 0.0109654 9.99731E-005 9.99731E-005 9.99731E-005
0.970666 9.9982E-005 9.9982E-005 0.0202011 0.00893322
0.967881 9.9982E-005 0.0154373 0.0164817 9.9982E-005
0.9996 9.997E-005 9.997E-005 9.997E-005 9.997E-005
0.961974 9.99731E-005 0.0377257 9.99731E-005 9.99731E-005
0.936833 9.99731E-005 9.99731E-005 0.0628675 9.99731E-005
0.985841 9.99731E-005 0.0138594 9.99731E-005 9.99731E-005
0.948008 9.9982E-005 0.0282766 0.0235152 9.9982E-005
0.930013 0.0177546 0.0510974 0.00103503 9.9991E-005
0.951422 0.0482784 9.99731E-005 9.99731E-005 9.99731E-005
0.979319 0.000886954 9.99821E-005 9.99821E-005 0.019594
0.0319752 0.363667 0.375718 0.0880302 0.140609
0.0291575 0.352438 0.343808 0.0460247 0.228571
9.9991E-005 0.351797 0.324877 0.0766968 0.246529
9.997E-005 9.997E-005 0.9996 9.997E-005 9.997E-005
9.99731E-005 0.0190046 0.980695 9.99731E-005 9.99731E-005
9.99731E-005 0.00304427 0.996656 9.99731E-005 9.99731E-005
9.9982E-005 0.0449405 0.920096 9.9982E-005 0.0347634
0.21449 0.0263433 9.9991E-005 0.320058 0.439009
0.227932 0.0403054 9.9991E-005 0.313587 0.418075
0.190109 0.0272487 0.084527 0.334881 0.363235
0.0377109 0.359704 0.349151 0.0497229 0.203711
0.040478 0.363488 0.315109 0.032227 0.248698
0.103992 0.300652 0.264011 0.0475968 0.283748
0.10092 0.348343 0.273995 0.0580396 0.218703
