0.934085 0.0434007 9.99462E-005 9.99462E-005 9.99462E-005 0.00565686 9.99462E-005 9.99462E-005 9.99462E-005 0.0162576
0.999101 9.99201E-005 9.99201E-005 9.99201E-005 9.99201E-005 9.99201E-005 9.99201E-005 9.99201E-005 9.99201E-005 9.99201E-005
0.901153 9.99371E-005 0.0821141 9.99371E-005 9.99371E-005 9.99371E-005 9.99371E-005 0.0160334 9.99371E-005 9.99371E-005
0.734151 0.0758381 0.0471475 9.99641E-005 9.99641E-005 9.99641E-005 9.99641E-005 0.00951024 0.0336756 0.0992781
0.891197 0.105409 0.00269479 9.99372E-005 9.99372E-005 9.99372E-005 9.99372E-005 9.99372E-005 9.99372E-005 9.99372E-005
0.999101 9.99201E-005 9.99201E-005 9.99201E-005 9.99201E-005 9.99201E-005 9.99201E-005 9.99201E-005 9.99201E-005 9.99201E-005
0.999101 9.99201E-005 9.99201E-005 9.99201E-005 9.99201E-005 9.99201E-005 9.99201E-005 9.99201E-005 9.99201E-005 9.99201E-005
0.802802 0.0377892 0.0292916 0.0193432 0.0197544 0.0245406 0.000353979 9.9982E-005 9.9982E-005 0.0659248
0.876471 9.99461E-005 9.99461E-005 9.99461E-005 9.99461E-005 9.99461E-005 0.00686069 9.99461E-005 0.0794231 0.0366458
0.88461 9.99551E-005 0.000667921 9.99551E-005 0.0170835 9.99551E-005 0.00441552 9.99551E-005 0.0927232 9.99551E-005
0.885795 9.99371E-005 9.99371E-005 0.0447047 9.99371E-005 9.99371E-005 0.068801 9.99371E-005 9.99371E-005 9.99371E-005
0.610569 0.160879 0.112217 9.99641E-005 9.99641E-005 0.000805569 9.99641E-005 0.102671 0.0124592 9.99641E-005
0.655842 0.0714021 0.123332 9.99641E-005 0.0242749 9.99641E-005 9.99641E-005 0.0224648 9.99641E-005 0.102284
0.695423 0.148757 0.0473083 9.99642E-005 9.99642E-005 0.0136006 0.0516775 9.99642E-005 0.0428337 9.99642E-005
0.431566 0.0698473 0.127578 0.0814184 9.9982E-005 0.0310598 9.9982E-005 0.0165502 0.0733212 0.168459
0.492568 0.0282917 0.312464 9.99641E-005 9.99641E-005 0.0129998 9.99641E-005 0.0258737 9.99641E-005 0.127403
0.596155 0.121894 0.155285 9.99551E-005 9.99551E-005 9.99551E-005 9.99551E-005 0.013991 9.99551E-005 0.112175
0.501218 0.101266 0.313044 0.0552888 9.9964E-005 9.9964E-005 9.9964E-005 0.0196915 9.9964E-005 0.00909249
0.0841309 0.0306907 0.194132 9.99551E-005 9.99551E-005 9.99551E-005 0.0338441 0.656702 9.99551E-005 9.99551E-005
0.138821 0.00645319 0.502118 9.99641E-005 0.0383952 9.99641E-005 9.99641E-005 0.305451 9.99641E-005 0.00836195
9.99461E-005 9.99461E-005 0.536646 0.0252597 9.99461E-005 9.99461E-005 9.99461E-005 0.405308 9.99461E-005 0.0321859
0.0895961 9.99641E-005 0.351802 0.00367501 9.99641E-005 9.99641E-005 0.0265147 0.473031 0.0549809 9.99641E-005
0.0298971 9.9964E-005 0.437667 0.0829767 9.9964E-005 9.9964E-005 0.0719389 0.34854 0.0285809 9.9964E-005
9.99201E-005 9.99201E-005 9.99201E-005 9.99201E-005 9.99201E-005 9.99201E-005 9.99201E-005 0.999101 9.99201E-005 9.99201E-005
9.99201E-005 9.99201E-005 9.99201E-005 9.99201E-005 9.99201E-005 9.99201E-005 9.99201E-005 0.999101 9.99201E-005 9.99201E-005
9.99201E-005 9.99201E-005 9.99201E-005 9.99201E-005 9.99201E-005 9.99201E-005 9.99201E-005 0.999101 9.99201E-005 9.99201E-005
0.0580062 0.0739631 0.425101 9.99641E-005 0.0825715 9.99641E-005 9.99641E-005 0.284181 9.99641E-005 0.0757775
0.0288047 9.99461E-005 0.066714 9.99461E-005 9.99461E-005 0.017791 9.99461E-005 0.886091 9.99461E-005 9.99461E-005
9.99551E-005 9.99551E-005 0.582435 0.032608 9.99551E-005 9.99551E-005 0.0161756 0.296533 9.99551E-005 0.0717486
9.99201E-005 9.99201E-005 9.99201E-005 9.99201E-005 9.99201E-005 9.99201E-005 9.99201E-005 0.999101 9.99201E-005 9.99201E-005
0.122354 9.99641E-005 0.341723 9.99641E-005 9.99641E-005 0.00632329 9.99641E-005 0.422864 0.0617865 0.0445496
9.99201E-005 9.99201E-005 9.99201E-005 9.99201E-005 9.99201E-005 9.99201E-005 9.99201E-005 0.999101 9.99201E-005 9.99201E-005
0.0298945 9.99731E-005 0.574203 0.00103659 9.99731E-005 0.00253597 9.99731E-005 0.365106 0.0162766 0.0106468
0.066008 0.0126217 0.299121 9.99731E-005 9.99731E-005 0.0145073 0.0242601 0.535504 0.0476779 9.99731E-005
9.99551E-005 0.0306863 0.431969 9.99551E-005 9.99551E-005 0.0165673 9.99551E-005 0.421161 0.0991165 9.99551E-005
0.0911283 9.99551E-005 0.430996 9.99551E-005 9.99551E-005 0.00490113 9.99551E-005 0.404226 9.99551E-005 0.0682493
0.0824199 9.99731E-005 0.417514 0.0222762 0.0641842 9.99731E-005 0.00241282 0.342639 9.99731E-005 0.0682538
0.0786334 0.719008 0.123816 9.99641E-005 9.99641E-005 0.00858431 0.0104376 9.99641E-005 0.0591209 9.99641E-005
9.99281E-005 0.996132 9.99281E-005 9.99281E-005 9.99281E-005 9.99281E-005 0.00306896 9.99281E-005 9.99281E-005 9.99281E-005
9.995E-005 0.835811 0.0590287 9.995E-005 9.995E-005 0.0409454 9.995E-005 0.021122 0.0425927 9.995E-005
9.99461E-005 0.84689 0.124921 0.0113925 9.99461E-005 9.99461E-005 9.99461E-005 9.99461E-005 0.0161969 9.99461E-005
9.99551E-005 0.785771 0.169828 0.00646827 9.99551E-005 0.0285365 9.99551E-005 0.00889626 9.99551E-005 9.99551E-005
9.99371E-005 0.975951 9.99371E-005 9.99371E-005 9.99371E-005 9.99371E-005 0.000427134 9.99371E-005 9.99371E-005 0.0229218
9.99282E-005 0.777458 0.221742 9.99282E-005 9.99282E-005 9.99282E-005 9.99282E-005 9.99282E-005 9.99282E-005 9.99282E-005
0.0577796 0.850031 0.00401067 0.000829603 9.99641E-005 9.99641E-005 0.0150139 9.99641E-005 9.99641E-005 0.0719359
9.99372E-005 0.997255 9.99372E-005 9.99372E-005 9.99372E-005 0.00148268 9.99372E-005 0.000563109 9.99372E-005 9.99372E-005
0.122475 0.0982439 9.99551E-005 9.99551E-005 9.99551E-005 9.99551E-005 9.99551E-005 0.0213243 0.116341 0.641116
9.99201E-005 9.99201E-005 9.99201E-005 0.999101 9.99201E-005 9.99201E-005 9.99201E-005 9.99201E-005 9.99201E-005 9.99201E-005
9.99458E-005 0.0446835 9.99458E-005 0.928273 9.99458E-005 9.99458E-005 0.0140631 9.99458E-005 0.0123808 9.99458E-005
9.99552E-005 0.0301988 0.0277358 9.99552E-005 9.99552E-005 0.011087 0.0255236 9.99552E-005 9.99552E-005 0.904955
9.99368E-005 9.99368E-005 9.99368E-005 0.53337 0.126224 9.99368E-005 9.99368E-005 9.99368E-005 9.99368E-005 0.339706
9.99282E-005 9.99282E-005 9.99282E-005 9.99282E-005 9.99282E-005 9.99282E-005 9.99282E-005 0.0128367 9.99282E-005 0.986364
9.99731E-005 0.0536057 0.0132734 9.99731E-005 9.99731E-005 0.0254329 0.0057321 0.0141629 0.0731924 0.814301
0.03106 0.128731 9.99641E-005 0.0107692 9.99641E-005 9.99641E-005 0.0450018 0.00942723 9.99641E-005 0.774611
0.0447757 9.99372E-005 9.99372E-005 9.99372E-005 0.0792123 9.99372E-005 9.99372E-005 9.99372E-005 9.99372E-005 0.875312
0.033799 9.99372E-005 9.99372E-005 9.99372E-005 9.99372E-005 9.99372E-005 0.0319009 9.99372E-005 9.99372E-005 0.933601
9.9964E-005 0.00765919 0.0684497 9.9964E-005 9.9964E-005 0.0553637 0.0522786 0.0557816 9.9964E-005 0.760067
0.0576157 9.99372E-005 9.99372E-005 9.99372E-005 9.99372E-005 0.00763795 9.99372E-005 9.99372E-005 9.99372E-005 0.934047
9.99371E-005 9.99371E-005 9.99371E-005 9.99371E-005 9.99371E-005 9.99371E-005 0.0613484 9.99371E-005 0.00353944 0.934413
9.99371E-005 9.99371E-005 0.0127834 9.99371E-005 9.99371E-005 9.99371E-005 9.99371E-005 9.99371E-005 0.0890955 0.897422
9.99551E-005 9.99551E-005 0.0809008 9.99551E-005 9.99551E-005 0.220891 9.99551E-005 0.052754 0.13362 0.511334
9.99551E-005 9.99551E-005 0.144932 9.99551E-005 9.99551E-005 0.240892 9.99551E-005 0.018507 0.0735261 0.521643
0.0206603 0.0491383 0.0385096 9.99821E-005 0.018378 0.236119 9.99821E-005 0.0233682 0.0303938 0.583233
9.99641E-005 9.99641E-005 9.99641E-005 0.00174089 9.99641E-005 0.555033 0.0462842 0.011901 0.199933 0.184708
9.997E-005 9.997E-005 0.00320544 9.997E-005 0.309424 0.471076 0.037694 0.0544121 0.0160199 0.107868
9.99201E-005 9.99201E-005 9.99201E-005 9.99201E-005 9.99201E-005 0.999101 9.99201E-005 9.99201E-005 9.99201E-005 9.99201E-005
9.99201E-005 9.99201E-005 9.99201E-005 9.99201E-005 9.99201E-005 0.999101 9.99201E-005 9.99201E-005 9.99201E-005 9.99201E-005
9.9982E-005 0.0123184 0.0120913 9.9982E-005 0.0775563 0.577809 0.0589183 0.0200841 0.0515235 0.189499
9.99461E-005 9.99461E-005 9.99461E-005 9.99461E-005 9.99461E-005 0.528057 0.0567291 9.99461E-005 0.222751 0.191863
9.99281E-005 9.99281E-005 0.025473 9.99281E-005 9.99281E-005 0.973728 9.99281E-005 9.99281E-005 9.99281E-005 9.99281E-005
9.99201E-005 9.99201E-005 9.99201E-005 9.99201E-005 9.99201E-005 0.999101 9.99201E-005 9.99201E-005 9.99201E-005 9.99201E-005
0.0176011 9.9982E-005 0.00825768 0.00522704 9.9982E-005 0.552993 0.0307103 0.0309755 0.184863 0.169172
9.99282E-005 0.00382924 9.99282E-005 9.99282E-005 9.99282E-005 0.995371 9.99282E-005 9.99282E-005 9.99282E-005 9.99282E-005
9.99201E-005 9.99201E-005 9.99201E-005 9.99201E-005 9.99201E-005 0.999101 9.99201E-005 9.99201E-005 9.99201E-005 9.99201E-005
9.99282E-005 9.99282E-005 9.99282E-005 9.99282E-005 9.99282E-005 0.995966 9.99282E-005 9.99282E-005 0.00323486 9.99282E-005
9.99201E-005 9.99201E-005 9.99201E-005 9.99201E-005 9.99201E-005 0.999101 9.99201E-005 9.99201E-005 9.99201E-005 9.99201E-005
9.99371E-005 9.99371E-005 9.99371E-005 9.99371E-005 0.00795966 0.976728 9.99371E-005 0.014613 9.99371E-005 9.99371E-005
0.0254123 9.99641E-005 0.645961 0.00676442 9.99641E-005 9.99641E-005 0.0505608 0.259731 0.0111704 9.99641E-005
0.0293023 0.880328 0.0679712 0.000236285 9.99641E-005 9.99641E-005 0.0188748 9.99641E-005 0.00288733 9.99641E-005
0.00531765 0.949923 9.99461E-005 9.99461E-005 9.99461E-005 9.99461E-005 0.0198983 0.0242613 9.99461E-005 9.99461E-005
9.99371E-005 9.99371E-005 9.99371E-005 9.99371E-005 0.969986 0.00644821 9.99371E-005 9.99371E-005 0.0228663 9.99371E-005
9.99372E-005 9.99372E-005 9.99372E-005 9.99372E-005 0.874639 0.0195275 9.99372E-005 9.99372E-005 0.105134 9.99372E-005
9.99372E-005 9.99372E-005 9.99372E-005 9.99372E-005 0.903651 9.99372E-005 0.0492624 9.99372E-005 0.0463869 9.99372E-005
9.99281E-005 9.99281E-005 9.99281E-005 9.99281E-005 9.99281E-005 9.99281E-005 0.0225964 9.99281E-005 0.976604 9.99281E-005
9.99372E-005 9.99372E-005 9.99372E-005 9.99372E-005 0.8112 9.99372E-005 0.12483 9.99372E-005 9.99372E-005 0.0632706
9.99461E-005 9.99461E-005 9.99461E-005 9.99461E-005 0.686585 9.99461E-005 0.024656 0.0209235 0.267236 9.99461E-005
9.99552E-005 9.99552E-005 0.0089531 9.99552E-005 0.655345 9.99552E-005 0.121091 0.0315381 0.182573 9.99552E-005
9.99551E-005 0.0154899 9.99551E-005 9.99551E-005 0.478309 9.99551E-005 0.139234 9.99551E-005 0.359923 0.00654449
9.99551E-005 9.99551E-005 0.0231427 9.99551E-005 0.827024 9.99551E-005 0.0476321 0.0149497 0.0867515 9.99551E-005
9.99281E-005 9.99281E-005 9.99281E-005 9.99281E-005 9.99281E-005 9.99281E-005 0.00454893 9.99281E-005 0.994652 9.99281E-005
9.99201E-005 9.99201E-005 9.99201E-005 9.99201E-005 9.99201E-005 9.99201E-005 9.99201E-005 9.99201E-005 0.999101 9.99201E-005
9.99552E-005 9.99552E-005 9.99552E-005 0.0201866 0.915137 9.99552E-005 0.0391273 0.000491182 9.99552E-005 0.0245579
9.99372E-005 9.99372E-005 9.99372E-005 9.99372E-005 0.885577 9.99372E-005 9.99372E-005 9.99372E-005 0.11198 0.00174286
9.99461E-005 9.99461E-005 9.99461E-005 9.99461E-005 0.815759 0.0196101 0.0622368 9.99461E-005 0.101794 9.99461E-005
9.99372E-005 9.99372E-005 9.99372E-005 9.99372E-005 0.67604 9.99372E-005 0.0532663 9.99372E-005 0.269994 9.99372E-005
0.0248656 9.99641E-005 0.0105115 0.0124029 0.32015 9.99641E-005 0.0810705 9.99641E-005 0.5506 9.99641E-005
9.99372E-005 9.99372E-005 9.99372E-005 9.99372E-005 0.967415 0.0300221 0.00186346 9.99372E-005 9.99372E-005 9.99372E-005
9.99461E-005 0.0419947 9.99461E-005 9.99461E-005 0.861648 9.99461E-005 0.044386 9.99461E-005 0.0513718 9.99461E-005
9.99282E-005 9.99282E-005 9.99282E-005 9.99282E-005 0.929531 9.99282E-005 0.0696699 9.99282E-005 9.99282E-005 9.99282E-005
9.99731E-005 9.99731E-005 0.00875352 0.0177862 0.464481 0.02586 0.17113 0.0157778 0.295911 9.99731E-005
0.00182501 9.99731E-005 0.00456593 9.99731E-005 0.849416 0.00216846 0.11209 0.000821508 0.0288133 9.99731E-005
9.99551E-005 9.99551E-005 0.0175143 0.00823329 0.257185 0.0044986 9.99551E-005 9.99551E-005 0.712069 9.99551E-005
0.0273481 9.99371E-005 9.99371E-005 9.99371E-005 0.857657 9.99371E-005 0.114295 9.99371E-005 9.99371E-005 9.99371E-005
9.99461E-005 9.99461E-005 9.99461E-005 9.99461E-005 0.846667 9.99461E-005 0.0459608 0.0150402 9.99461E-005 0.0917321
9.99371E-005 9.99371E-005 9.99371E-005 9.99371E-005 0.83306 9.99371E-005 0.0934281 9.99371E-005 0.0728126 9.99371E-005
0.0206272 9.99641E-005 9.99641E-005 0.03508 0.659522 9.99641E-005 0.0119935 0.00260021 0.269777 9.99641E-005
9.99641E-005 9.99641E-005 0.0221068 9.99641E-005 0.125149 0.543272 9.99641E-005 0.0136844 0.130727 0.164661
9.9973E-005 9.9973E-005 0.188664 0.0275544 0.114443 0.320859 9.9973E-005 0.112591 0.0895571 0.146033
9.99552E-005 0.00131414 9.99552E-005 9.99552E-005 9.99552E-005 0.391196 9.99552E-005 0.0446009 0.404245 0.158144
0.0359406 0.10133 0.816542 9.99551E-005 9.99551E-005 0.0402548 9.99551E-005 0.00543303 9.99551E-005 9.99551E-005
9.99201E-005 9.99201E-005 0.999101 9.99201E-005 9.99201E-005 9.99201E-005 9.99201E-005 9.99201E-005 9.99201E-005 9.99201E-005
9.99372E-005 0.104654 0.863449 9.99372E-005 9.99372E-005 9.99372E-005 9.99372E-005 9.99372E-005 9.99372E-005 0.0311971
9.9928E-005 9.9928E-005 0.989112 9.9928E-005 9.9928E-005 9.9928E-005 9.9928E-005 0.0100883 9.9928E-005 9.9928E-005
9.99282E-005 0.183277 0.815924 9.99282E-005 9.99282E-005 9.99282E-005 9.99282E-005 9.99282E-005 9.99282E-005 9.99282E-005
0.00295016 0.0487719 0.947578 9.99371E-005 9.99371E-005 9.99371E-005 9.99371E-005 9.99371E-005 9.99371E-005 9.99371E-005
0.0770483 0.212459 0.588453 0.00796992 9.99731E-005 0.0189102 9.99731E-005 0.0707284 9.99731E-005 0.0241318
9.99282E-005 0.969921 9.99282E-005 0.0292799 9.99282E-005 9.99282E-005 9.99282E-005 9.99282E-005 9.99282E-005 9.99282E-005
9.99201E-005 0.999101 9.99201E-005 9.99201E-005 9.99201E-005 9.99201E-005 9.99201E-005 9.99201E-005 9.99201E-005 9.99201E-005
0.0282139 0.87158 9.99551E-005 9.99551E-005 0.0316653 0.0142035 9.99551E-005 0.0538377 9.99551E-005 9.99551E-005
9.996E-005 0.0124699 0.38354 9.996E-005 0.165925 9.996E-005 0.0940413 0.112943 0.230681 9.996E-005
0.45219 0.0582671 0.140406 0.0759039 9.9973E-005 9.9973E-005 9.9973E-005 0.0887931 0.113715 0.0704248
0.10527 0.0193479 9.99639E-005 0.71988 0.077833 0.0473627 9.99639E-005 0.0299071 9.99639E-005 9.99639E-005
9.99372E-005 9.99372E-005 9.99372E-005 9.99372E-005 9.99372E-005 0.145296 9.99372E-005 9.99372E-005 0.163597 0.690408
0.100629 9.99551E-005 9.99551E-005 9.99551E-005 9.99551E-005 0.268342 9.99551E-005 0.00495933 0.0457311 0.579839
9.99367E-005 9.99367E-005 9.99367E-005 0.659382 0.280318 9.99367E-005 0.0596006 9.99367E-005 9.99367E-005 9.99367E-005
9.99372E-005 9.99372E-005 0.0221388 9.99372E-005 0.819835 9.99372E-005 0.157327 9.99372E-005 9.99372E-005 9.99372E-005
9.99282E-005 9.99282E-005 9.99282E-005 9.99282E-005 0.0841051 9.99282E-005 0.915095 9.99282E-005 9.99282E-005 9.99282E-005
0.029312 9.99641E-005 9.99641E-005 0.0403186 0.518448 0.0109161 0.182355 9.99641E-005 0.218251 9.99641E-005
9.99201E-005 9.99201E-005 9.99201E-005 9.99201E-005 9.99201E-005 9.99201E-005 0.999101 9.99201E-005 9.99201E-005 9.99201E-005
9.99371E-005 9.99371E-005 9.99371E-005 9.99371E-005 0.348296 9.99371E-005 9.99371E-005 9.99371E-005 0.645788 0.00521686
9.99461E-005 9.99461E-005 9.99461E-005 9.99461E-005 0.763114 9.99461E-005 0.0482062 9.99461E-005 0.181352 0.00672786
9.99551E-005 0.0155759 0.00823071 9.99551E-005 0.901991 9.99551E-005 0.0065631 9.99551E-005 0.0671396 9.99551E-005
9.99201E-005 9.99201E-005 9.99201E-005 9.99201E-005 9.99201E-005 9.99201E-005 0.999101 9.99201E-005 9.99201E-005 9.99201E-005
9.99461E-005 0.0258468 0.0174428 9.99461E-005 0.881936 9.99461E-005 0.0741744 9.99461E-005 9.99461E-005 9.99461E-005
9.99372E-005 9.99372E-005 9.99372E-005 9.99372E-005 0.916656 0.0187387 0.0639061 9.99372E-005 9.99372E-005 9.99372E-005
9.99372E-005 9.99372E-005 9.99372E-005 9.99372E-005 0.00134709 9.99372E-005 0.0316308 9.99372E-005 0.966323 9.99372E-005
9.99281E-005 9.99281E-005 9.99281E-005 9.99281E-005 9.99281E-005 9.99281E-005 0.0282872 9.99281E-005 0.970913 9.99281E-005
9.99281E-005 9.99281E-005 9.99281E-005 9.99281E-005 9.99281E-005 9.99281E-005 0.0425914 9.99281E-005 0.956609 9.99281E-005
9.99551E-005 9.99551E-005 0.0200639 9.99551E-005 0.88277 9.99551E-005 0.0156428 0.0209938 0.0600294 9.99551E-005
9.99551E-005 9.99551E-005 9.99551E-005 0.0168181 0.491614 9.99551E-005 0.206009 9.99551E-005 0.255414 0.0296447
0.0957448 0.00139459 0.51118 9.99731E-005 0.0260394 0.0733773 0.0232144 0.268749 9.99731E-005 9.99731E-005
0.159594 0.0432932 0.447027 9.99641E-005 0.0605908 0.0145964 9.99641E-005 0.274499 9.99641E-005 9.99641E-005
0.235271 0.16673 0.233781 9.99641E-005 0.0737239 0.0240615 9.99641E-005 0.266033 9.99641E-005 9.99641E-005
9.99282E-005 0.97495 9.99282E-005 9.99282E-005 0.0242509 9.99282E-005 9.99282E-005 9.99282E-005 9.99282E-005 9.99282E-005
9.99282E-005 0.987476 9.99282E-005 9.99282E-005 9.99282E-005 9.99282E-005 0.0117248 9.99282E-005 9.99282E-005 9.99282E-005
9.99462E-005 0.94128 0.0237753 9.99462E-005 0.0135792 9.99462E-005 9.99462E-005 9.99462E-005 9.99462E-005 0.0207654
9.99461E-005 0.908054 0.018612 9.99461E-005 9.99461E-005 9.99461E-005 9.99461E-005 0.0106099 9.99461E-005 0.0621246
0.0351244 9.99552E-005 9.99552E-005 9.99552E-005 9.99552E-005 0.187223 9.99552E-005 0.0142486 0.0507626 0.712142
9.99641E-005 9.99641E-005 0.0188196 9.99641E-005 0.0085572 0.197332 0.0285236 0.0136503 9.99641E-005 0.732717
9.99821E-005 0.0179046 0.162261 0.00959886 0.00906081 0.253841 9.99821E-005 0.000168541 0.0444725 0.502493
0.0648574 0.0199925 0.526033 9.99731E-005 9.99731E-005 0.0307933 0.0311479 0.303322 0.0235534 9.99731E-005
0.0441792 9.99641E-005 0.553152 0.0480046 9.99641E-005 9.99641E-005 9.99641E-005 0.268919 0.0228007 0.0625449
0.145316 9.99641E-005 0.460006 9.99641E-005 9.99641E-005 0.0263342 9.99641E-005 0.205642 0.135591 0.0267104
9.9973E-005 9.9973E-005 0.548455 0.0575085 0.0357425 0.0381308 9.9973E-005 0.266366 0.0433769 0.0101209
