9.99551E-005 0.0116604 0.00675916 0.0167396 9.99551E-005 9.99551E-005 0.88185 0.0544246 9.99551E-005 9.99551E-005 0.00195408 0.00701746 0.0190951
9.99012E-005 9.99012E-005 9.99012E-005 9.99012E-005 9.99012E-005 9.99012E-005 0.986506 9.99012E-005 9.99012E-005 9.99012E-005 9.99012E-005 9.99012E-005 0.0123954
9.99102E-005 9.99102E-005 9.99102E-005 9.99102E-005 9.99102E-005 9.99102E-005 0.879902 0.0893346 9.99102E-005 9.99102E-005 9.99102E-005 9.99102E-005 0.0297644
0.125092 0.0645535 9.99283E-005 0.13571 9.99283E-005 9.99283E-005 0.665819 9.99283E-005 0.00802627 9.99283E-005 9.99283E-005 9.99283E-005 9.99283E-005
9.99192E-005 0.0899438 9.99192E-005 9.99192E-005 9.99192E-005 9.99192E-005 0.843138 0.0327353 9.99192E-005 9.99192E-005 9.99192E-005 9.99192E-005 0.0332838
9.98921E-005 9.98921E-005 9.98921E-005 9.98921E-005 9.98921E-005 9.98921E-005 0.998801 9.98921E-005 9.98921E-005 9.98921E-005 9.98921E-005 9.98921E-005 9.98921E-005
9.99012E-005 9.99012E-005 9.99012E-005 9.99012E-005 9.99012E-005 9.99012E-005 0.995891 9.99012E-005 9.99012E-005 9.99012E-005 9.99012E-005 9.99012E-005 0.00300962
0.0656465 0.0646858 0.00863386 0.157913 9.99372E-005 9.99372E-005 0.698536 9.99372E-005 9.99372E-005 9.99372E-005 9.99372E-005 0.00388563 9.99372E-005
0.028595 9.99371E-005 9.99371E-005 0.00671122 9.99371E-005 9.99371E-005 0.846299 9.99371E-005 0.0579684 0.00860728 0.05112 9.99371E-005 9.99371E-005
0.0483259 9.99192E-005 9.99192E-005 9.99192E-005 9.99192E-005 9.99192E-005 0.821829 9.99192E-005 0.092322 9.99192E-005 0.0366241 9.99192E-005 9.99192E-005
9.99192E-005 9.99192E-005 9.99192E-005 9.99192E-005 0.0321994 0.0255984 0.88091 9.99192E-005 9.99192E-005 9.99192E-005 0.0603934 9.99192E-005 9.99192E-005
0.173273 0.170154 9.99552E-005 0.00592333 9.99552E-005 9.99552E-005 0.591768 0.00154144 0.00461499 9.99552E-005 9.99552E-005 0.0117483 0.0404779
0.0732482 0.0382089 9.99641E-005 0.0686962 0.0300768 9.99641E-005 0.666978 0.103414 9.99641E-005 0.00420634 0.0140535 0.000717801 9.99641E-005
9.99373E-005 0.155827 9.99373E-005 0.0277575 9.99373E-005 0.061792 0.635416 0.0834452 9.99373E-005 9.99373E-005 9.99373E-005 0.0350626 9.99373E-005
0.0989423 0.0864766 0.0111322 0.168415 0.0258244 9.99731E-005 0.40252 0.0606661 0.0580893 9.99731E-005 0.0571336 0.0305011 9.99731E-005
0.12938 0.0344994 9.99462E-005 0.0961286 9.99462E-005 9.99462E-005 0.479846 0.220957 9.99462E-005 9.99462E-005 0.0101344 0.0284547 9.99462E-005
0.076408 0.133774 0.0162955 0.1194 9.99461E-005 9.99461E-005 0.557151 0.0774758 9.99461E-005 9.99461E-005 9.99461E-005 9.99461E-005 0.018896
0.125192 0.0883386 0.0180087 0.0265257 9.99461E-005 9.99461E-005 0.475266 0.241234 9.99461E-005 9.99461E-005 0.0248346 9.99461E-005 9.99461E-005
0.245549 0.0288891 9.99372E-005 9.99372E-005 9.99372E-005 0.0347451 0.0784374 0.0717718 9.99372E-005 9.99372E-005 9.99372E-005 9.99372E-005 0.539908
0.883023 0.0400631 9.99282E-005 9.99282E-005 0.0236416 9.99282E-005 0.0225588 9.99282E-005 9.99282E-005 9.99282E-005 9.99282E-005 9.99282E-005 0.0299141
0.914534 0.00523899 9.99103E-005 9.99103E-005 9.99103E-005 9.99103E-005 9.99103E-005 9.99103E-005 9.99103E-005 9.99103E-005 9.99103E-005 9.99103E-005 0.0792275
0.644873 9.99372E-005 0.00782515 9.99372E-005 0.0376123 0.0193802 0.0441622 9.99372E-005 9.99372E-005 9.99372E-005 9.99372E-005 9.99372E-005 0.245447
0.838209 9.99192E-005 9.99192E-005 9.99192E-005 9.99192E-005 0.0558287 9.99192E-005 9.99192E-005 9.99192E-005 9.99192E-005 0.0503528 9.99192E-005 0.0547105
9.98919E-005 9.98919E-005 9.98919E-005 9.98919E-005 9.98919E-005 9.98919E-005 9.98919E-005 9.98919E-005 9.98919E-005 9.98919E-005 9.98919E-005 9.98919E-005 0.998801
0.0038816 9.99012E-005 9.99012E-005 9.99012E-005 9.99012E-005 9.99012E-005 9.99012E-005 9.99012E-005 9.99012E-005 9.99012E-005 9.99012E-005 9.99012E-005 0.995019
9.98922E-005 9.98922E-005 9.98922E-005 9.98922E-005 9.98922E-005 9.98922E-005 9.98922E-005 9.98922E-005 9.98922E-005 9.98922E-005 9.98922E-005 9.98922E-005 0.998801
0.764562 0.0392857 9.99462E-005 0.012489 9.99462E-005 9.99462E-005 0.0188438 0.0134848 9.99462E-005 0.10203 9.99462E-005 9.99462E-005 0.0487047
0.213802 9.99191E-005 9.99191E-005 9.99191E-005 9.99191E-005 9.99191E-005 0.00216229 9.99191E-005 0.0183217 9.99191E-005 9.99191E-005 9.99191E-005 0.764815
0.922838 9.99372E-005 9.99372E-005 0.0172438 9.99372E-005 0.00441765 9.99372E-005 0.00788906 9.99372E-005 9.99372E-005 0.0139269 9.99372E-005 0.0329853
9.98921E-005 9.98921E-005 9.98921E-005 9.98921E-005 9.98921E-005 9.98921E-005 9.98921E-005 9.98921E-005 9.98921E-005 9.98921E-005 9.98921E-005 9.98921E-005 0.998801
0.740116 9.99282E-005 9.99282E-005 0.0166834 9.99282E-005 9.99282E-005 0.0734778 9.99282E-005 0.0372299 9.99282E-005 9.99282E-005 9.99282E-005 0.131694
9.99012E-005 9.99012E-005 9.99012E-005 9.99012E-005 9.99012E-005 9.99012E-005 9.99012E-005 9.99012E-005 9.99012E-005 9.99012E-005 0.00908943 9.99012E-005 0.989812
0.801678 9.99282E-005 0.00233705 9.99282E-005 9.99282E-005 9.99282E-005 9.99282E-005 0.0990339 0.0119255 9.99282E-005 9.99282E-005 9.99282E-005 0.084226
0.684982 9.99192E-005 9.99192E-005 9.99192E-005 9.99192E-005 0.00444989 9.99192E-005 9.99192E-005 0.0714152 9.99192E-005 9.99192E-005 9.99192E-005 0.238253
0.72339 0.035968 9.99372E-005 9.99372E-005 0.0436828 9.99372E-005 9.99372E-005 0.0194263 0.0403535 9.99372E-005 9.99372E-005 9.99372E-005 0.13648
0.858855 9.99102E-005 9.99102E-005 0.0276493 9.99102E-005 9.99102E-005 9.99102E-005 9.99102E-005 9.99102E-005 9.99102E-005 9.99102E-005 9.99102E-005 0.112497
0.77741 9.99372E-005 0.00713669 0.0618701 9.99372E-005 9.99372E-005 0.0061736 9.99372E-005 9.99372E-005 0.0556328 9.99372E-005 9.99372E-005 0.0910774
0.0391265 0.730477 9.99551E-005 9.99551E-005 0.020315 0.00666159 0.106941 0.0518768 0.0314193 9.99551E-005 9.99551E-005 0.012683 9.99551E-005
9.99012E-005 0.992272 9.99012E-005 9.99012E-005 9.99012E-005 9.99012E-005 9.99012E-005 9.99012E-005 9.99012E-005 9.99012E-005 0.00662933 9.99012E-005 9.99012E-005
0.0182284 0.816639 9.99372E-005 9.99372E-005 9.99372E-005 9.99372E-005 0.0172454 0.0710075 0.0390874 9.99372E-005 9.99372E-005 0.0370926 9.99372E-005
9.99282E-005 0.843969 0.0173361 9.99282E-005 0.00316289 9.99282E-005 9.99282E-005 0.132439 0.00229309 9.99282E-005 9.99282E-005 9.99282E-005 9.99282E-005
9.99282E-005 0.741113 0.0153737 9.99282E-005 9.99282E-005 9.99282E-005 9.99282E-005 0.196541 9.99282E-005 9.99282E-005 9.99282E-005 0.0246339 0.0215382
9.99192E-005 0.954499 0.00167946 0.0105179 9.99192E-005 9.99192E-005 9.99192E-005 0.0324041 9.99192E-005 9.99192E-005 9.99192E-005 9.99192E-005 9.99192E-005
9.99181E-005 0.778996 9.99181E-005 9.99181E-005 9.99181E-005 9.99181E-005 9.99181E-005 0.218989 0.00101577 9.99181E-005 9.99181E-005 9.99181E-005 9.99181E-005
9.99372E-005 0.796551 0.00709707 0.0689188 9.99372E-005 9.99372E-005 0.0214461 0.0782739 9.99372E-005 9.99372E-005 9.99372E-005 9.99372E-005 0.0270139
9.99102E-005 0.926037 9.99102E-005 9.99102E-005 9.99102E-005 9.99102E-005 9.99102E-005 0.0666097 9.99102E-005 9.99102E-005 9.99102E-005 9.99102E-005 0.00635379
9.99372E-005 0.0616425 9.99372E-005 0.684277 9.99372E-005 9.99372E-005 0.0621022 0.0379849 0.110647 9.99372E-005 9.99372E-005 9.99372E-005 0.0426467
9.98901E-005 9.98901E-005 0.998801 9.98901E-005 9.98901E-005 9.98901E-005 9.98901E-005 9.98901E-005 9.98901E-005 9.98901E-005 9.98901E-005 9.98901E-005 9.98901E-005
9.99102E-005 0.0129482 0.00468993 9.99102E-005 9.99102E-005 9.99102E-005 9.99102E-005 9.99102E-005 9.99102E-005 9.99102E-005 0.981363 9.99102E-005 9.99102E-005
9.99282E-005 9.99282E-005 9.99282E-005 0.876496 9.99282E-005 0.0197425 9.99282E-005 0.0998524 9.99282E-005 0.00235363 9.99282E-005 0.000756043 9.99282E-005
9.9901E-005 9.9901E-005 9.9901E-005 0.258453 9.9901E-005 9.9901E-005 9.9901E-005 9.9901E-005 9.9901E-005 9.9901E-005 0.740449 9.9901E-005 9.9901E-005
9.99192E-005 0.00594718 9.99192E-005 0.966631 9.99192E-005 0.00605962 9.99192E-005 9.99192E-005 9.99192E-005 9.99192E-005 9.99192E-005 9.99192E-005 0.0204626
0.0817494 0.0452695 9.99371E-005 0.753914 0.0737575 9.99371E-005 9.99371E-005 9.99371E-005 0.0188784 9.99371E-005 9.99371E-005 0.0257319 9.99371E-005
9.99461E-005 0.135444 0.00749088 0.741601 0.0342509 0.0247144 0.0202675 9.99461E-005 9.99461E-005 9.99461E-005 9.99461E-005 9.99461E-005 0.0356316
9.99103E-005 9.99103E-005 9.99103E-005 0.856728 9.99103E-005 9.99103E-005 0.0532211 9.99103E-005 9.99103E-005 0.0890523 9.99103E-005 9.99103E-005 9.99103E-005
9.99193E-005 9.99193E-005 9.99193E-005 0.91664 9.99193E-005 0.0328232 0.0479779 0.00165951 9.99193E-005 9.99193E-005 9.99193E-005 9.99193E-005 9.99193E-005
9.9946E-005 9.9946E-005 0.000445357 0.738683 9.9946E-005 0.0098326 9.9946E-005 0.0904479 9.9946E-005 0.0763627 9.9946E-005 0.0259617 0.057667
9.99282E-005 9.99282E-005 9.99282E-005 0.867876 9.99282E-005 9.99282E-005 0.0849523 9.99282E-005 9.99282E-005 0.0321032 0.00810885 0.0061606 9.99282E-005
9.99102E-005 9.99102E-005 9.99102E-005 0.932923 0.00741009 0.0586678 9.99102E-005 9.99102E-005 9.99102E-005 9.99102E-005 9.99102E-005 9.99102E-005 9.99102E-005
0.0220954 9.99102E-005 9.99102E-005 0.898885 9.99102E-005 9.99102E-005 9.99102E-005 9.99102E-005 0.07802 9.99102E-005 9.99102E-005 9.99102E-005 9.99102E-005
0.196844 9.99372E-005 9.99372E-005 0.42603 0.0297664 9.99372E-005 9.99372E-005 9.99372E-005 0.123386 9.99372E-005 0.000999928 0.222274 9.99372E-005
0.233901 9.99192E-005 9.99192E-005 0.44624 9.99192E-005 9.99192E-005 9.99192E-005 9.99192E-005 0.0909544 9.99192E-005 9.99192E-005 0.228005 9.99192E-005
0.0710149 0.0386398 0.0185862 0.483325 0.0291292 9.99731E-005 0.0167466 0.0340337 0.0701097 9.99731E-005 9.99731E-005 0.219626 0.0184897
9.99551E-005 9.99551E-005 9.99551E-005 0.11172 0.194287 0.0134835 0.00881348 9.99551E-005 0.0414625 9.99551E-005 0.0478682 0.559635 0.0222299
9.99461E-005 9.99461E-005 9.99461E-005 0.0703781 0.145786 0.0283217 9.99461E-005 0.00856196 9.99461E-005 0.206332 9.99461E-005 0.482083 0.0579376
9.99103E-005 0.00390363 9.99103E-005 9.99103E-005 9.99103E-005 9.99103E-005 9.99103E-005 9.99103E-005 0.00523279 9.99103E-005 9.99103E-005 0.989864 9.99103E-005
9.9892E-005 9.9892E-005 9.9892E-005 9.9892E-005 9.9892E-005 9.9892E-005 9.9892E-005 9.9892E-005 9.9892E-005 9.9892E-005 9.9892E-005 0.998801 9.9892E-005
0.0915854 0.000600374 9.99462E-005 0.140724 0.0962679 0.0525551 9.99462E-005 9.99462E-005 9.99462E-005 0.0564427 9.99462E-005 0.561225 9.99462E-005
9.99282E-005 9.99282E-005 9.99282E-005 0.161903 0.252687 0.0362804 9.99282E-005 9.99282E-005 0.0253823 9.99282E-005 9.99282E-005 0.522948 9.99282E-005
9.99012E-005 9.99012E-005 9.99012E-005 9.99012E-005 9.99012E-005 9.99012E-005 9.99012E-005 0.0198866 9.99012E-005 9.99012E-005 9.99012E-005 0.979014 9.99012E-005
9.98922E-005 9.98922E-005 9.98922E-005 9.98922E-005 9.98922E-005 9.98922E-005 9.98922E-005 9.98922E-005 9.98922E-005 9.98922E-005 9.98922E-005 0.998801 9.98922E-005
0.1197 9.99282E-005 0.00838918 0.142394 0.201223 9.99282E-005 9.99282E-005 9.99282E-005 9.99282E-005 9.99282E-005 9.99282E-005 0.527494 9.99282E-005
9.99013E-005 0.00126762 9.99013E-005 9.99013E-005 9.99013E-005 9.99013E-005 9.99013E-005 9.99013E-005 9.99013E-005 9.99013E-005 9.99013E-005 0.997633 9.99013E-005
9.99011E-005 9.99011E-005 0.00902342 9.99011E-005 9.99011E-005 9.99011E-005 9.99011E-005 9.99011E-005 9.99011E-005 9.99011E-005 9.99011E-005 0.989878 9.99011E-005
9.99013E-005 9.99013E-005 9.99013E-005 9.99013E-005 9.99013E-005 9.99013E-005 9.99013E-005 9.99013E-005 0.00375064 9.99013E-005 9.99013E-005 0.99515 9.99013E-005
9.99012E-005 9.99012E-005 9.99012E-005 9.99012E-005 9.99012E-005 9.99012E-005 9.99012E-005 9.99012E-005 9.99012E-005 0.0332067 9.99012E-005 0.965694 9.99012E-005
9.99101E-005 9.99101E-005 9.99101E-005 9.99101E-005 9.99101E-005 9.99101E-005 9.99101E-005 9.99101E-005 9.99101E-005 0.0105745 9.99101E-005 0.960522 0.0279047
0.906958 0.0172455 9.99193E-005 9.99193E-005 9.99193E-005 0.0277385 9.99193E-005 0.0471591 9.99193E-005 9.99193E-005 9.99193E-005 9.99193E-005 9.99193E-005
9.99433E-005 0.840931 9.99433E-005 9.99433E-005 9.99433E-005 0.00571038 0.0126115 0.108242 9.99433E-005 9.99433E-005 0.00659707 9.99433E-005 0.0252086
9.99102E-005 0.939985 9.99102E-005 9.99102E-005 9.99102E-005 9.99102E-005 9.99102E-005 0.0148573 9.99102E-005 9.99102E-005 9.99102E-005 9.99102E-005 0.0441584
9.99102E-005 9.99102E-005 9.99102E-005 9.99102E-005 0.0299288 9.99102E-005 9.99102E-005 9.99102E-005 0.126616 0.842456 9.99102E-005 9.99102E-005 9.99102E-005
9.99282E-005 9.99282E-005 9.99282E-005 9.99282E-005 0.184872 9.99282E-005 9.99282E-005 9.99282E-005 0.0594512 0.72552 0.0140141 0.0153436 9.99282E-005
9.99013E-005 9.99013E-005 9.99013E-005 9.99013E-005 0.0909827 9.99013E-005 9.99013E-005 9.99013E-005 9.99013E-005 0.907918 9.99013E-005 9.99013E-005 9.99013E-005
9.99011E-005 9.99011E-005 9.99011E-005 9.99011E-005 9.99011E-005 0.012988 9.99011E-005 9.99011E-005 0.985913 9.99011E-005 9.99011E-005 9.99011E-005 9.99011E-005
9.99282E-005 9.99282E-005 9.99282E-005 0.0399697 0.658817 0.0529085 9.99282E-005 9.99282E-005 0.0172018 0.230303 9.99282E-005 9.99282E-005 9.99282E-005
9.99281E-005 9.99281E-005 9.99281E-005 9.99281E-005 0.160406 0.0266898 9.99281E-005 9.99281E-005 0.0837125 0.713557 9.99281E-005 9.99281E-005 0.0148355
9.99372E-005 9.99372E-005 9.99372E-005 9.99372E-005 0.14288 0.108201 9.99372E-005 9.99372E-005 0.114546 0.579483 0.0148094 9.99372E-005 0.0393805
9.99372E-005 0.00498983 9.99372E-005 0.0410552 0.192935 0.100731 9.99372E-005 9.99372E-005 0.189887 0.469701 9.99372E-005 9.99372E-005 9.99372E-005
0.0428431 9.99372E-005 0.00654565 9.99372E-005 0.112195 0.00401544 9.99372E-005 9.99372E-005 0.0677845 0.765917 9.99372E-005 9.99372E-005 9.99372E-005
9.99011E-005 9.99011E-005 0.000457896 9.99011E-005 9.99011E-005 9.99011E-005 9.99011E-005 9.99011E-005 0.998443 9.99011E-005 9.99011E-005 9.99011E-005 9.99011E-005
9.9892E-005 9.9892E-005 9.9892E-005 9.9892E-005 9.9892E-005 9.9892E-005 9.9892E-005 9.9892E-005 0.998801 9.9892E-005 9.9892E-005 9.9892E-005 9.9892E-005
9.99282E-005 9.99282E-005 0.0175998 9.99282E-005 9.99282E-005 0.0384054 9.99282E-005 9.99282E-005 0.0865907 0.820621 0.0359833 9.99282E-005 9.99282E-005
9.99102E-005 9.99102E-005 9.99102E-005 9.99102E-005 0.0912929 9.99102E-005 9.99102E-005 9.99102E-005 0.0951496 0.812558 9.99102E-005 9.99102E-005 9.99102E-005
9.99191E-005 9.99191E-005 9.99191E-005 9.99191E-005 9.99191E-005 0.0613174 9.99191E-005 9.99191E-005 0.236065 0.697781 9.99191E-005 0.00393759 9.99191E-005
9.99192E-005 9.99192E-005 9.99192E-005 9.99192E-005 9.99192E-005 0.0637716 9.99192E-005 9.99192E-005 0.514267 0.418945 0.00211685 9.99192E-005 9.99192E-005
9.99461E-005 9.99461E-005 9.99461E-005 9.99461E-005 0.234743 0.0849022 9.99461E-005 0.032288 0.31029 0.280559 0.0534251 9.99461E-005 0.00319202
9.99102E-005 9.99102E-005 9.99102E-005 9.99102E-005 0.0157023 9.99102E-005 9.99102E-005 9.99102E-005 9.99102E-005 0.980962 9.99102E-005 0.00233671 9.99102E-005
9.99372E-005 0.0256185 9.99372E-005 9.99372E-005 0.0391342 0.0502177 9.99372E-005 0.0017346 0.0336003 0.848995 9.99372E-005 9.99372E-005 9.99372E-005
9.99103E-005 9.99103E-005 9.99103E-005 9.99103E-005 9.99103E-005 0.0463209 9.99103E-005 9.99103E-005 0.173263 0.779417 9.99103E-005 9.99103E-005 9.99103E-005
0.0509439 9.99372E-005 9.99372E-005 9.99372E-005 0.298803 0.114671 9.99372E-005 9.99372E-005 9.99372E-005 0.511949 0.0119782 0.0109549 9.99372E-005
9.99102E-005 9.99102E-005 9.99102E-005 9.99102E-005 0.350036 0.104923 9.99102E-005 9.99102E-005 9.99102E-005 0.544042 9.99102E-005 9.99102E-005 9.99102E-005
9.99192E-005 9.99192E-005 9.99192E-005 9.99192E-005 9.99192E-005 9.99192E-005 9.99192E-005 9.99192E-005 0.913934 0.0439698 0.0173102 0.023887 9.99192E-005
9.99191E-005 9.99191E-005 9.99191E-005 9.99191E-005 0.698605 0.0748774 9.99191E-005 9.99191E-005 9.99191E-005 0.220598 0.00502037 9.99191E-005 9.99191E-005
9.99192E-005 9.99192E-005 9.99192E-005 0.0573542 9.99192E-005 0.00591287 9.99192E-005 9.99192E-005 9.99192E-005 0.918739 9.99192E-005 9.99192E-005 0.0170947
9.99191E-005 9.99191E-005 9.99191E-005 9.99191E-005 0.161707 0.0329625 9.99191E-005 9.99191E-005 0.105377 0.699054 9.99191E-005 9.99191E-005 9.99191E-005
9.99461E-005 9.99461E-005 0.00252869 9.99461E-005 9.99461E-005 0.0605737 0.00119809 9.99461E-005 0.285784 0.620783 0.0132213 9.99461E-005 0.015312
9.99461E-005 9.99461E-005 9.99461E-005 0.12025 0.221672 9.99461E-005 9.99461E-005 0.039223 0.0432348 0.0164113 9.99461E-005 0.551737 0.00687189
0.328455 9.99371E-005 9.99371E-005 0.138218 0.0991297 9.99371E-005 9.99371E-005 9.99371E-005 9.99371E-005 0.0726798 0.0623375 0.298481 9.99371E-005
0.0478666 9.99372E-005 9.99372E-005 0.160375 0.225021 9.99372E-005 9.99372E-005 9.99372E-005 0.167379 9.99372E-005 9.99372E-005 0.369304 0.029355
0.12696 0.0364447 0.00122122 9.99461E-005 9.99461E-005 9.99461E-005 0.0161106 0.76749 9.99461E-005 9.99461E-005 0.00185373 0.0493199 9.99461E-005
9.98919E-005 9.98919E-005 9.98919E-005 9.98919E-005 9.98919E-005 9.98919E-005 9.98919E-005 0.998801 9.98919E-005 9.98919E-005 9.98919E-005 9.98919E-005 9.98919E-005
9.99013E-005 9.99013E-005 9.99013E-005 0.0377363 9.99013E-005 9.99013E-005 9.99013E-005 0.961165 9.99013E-005 9.99013E-005 9.99013E-005 9.99013E-005 9.99013E-005
9.99011E-005 9.99011E-005 9.99011E-005 9.99011E-005 9.99011E-005 9.99011E-005 9.99011E-005 0.985924 9.99011E-005 9.99011E-005 9.99011E-005 9.99011E-005 0.0129767
9.99013E-005 0.0727994 9.99013E-005 9.99013E-005 9.99013E-005 9.99013E-005 9.99013E-005 0.926102 9.99013E-005 9.99013E-005 9.99013E-005 9.99013E-005 9.99013E-005
9.98922E-005 9.98922E-005 9.98922E-005 9.98922E-005 9.98922E-005 9.98922E-005 9.98922E-005 0.998801 9.98922E-005 9.98922E-005 9.98922E-005 9.98922E-005 9.98922E-005
0.119798 0.206183 0.0196217 0.0293352 9.99551E-005 9.99551E-005 0.0742895 0.481211 9.99551E-005 9.99551E-005 9.99551E-005 0.0342683 0.0347939
9.99192E-005 0.974496 0.00151847 9.99192E-005 9.99192E-005 9.99192E-005 9.99192E-005 9.99192E-005 9.99192E-005 9.99192E-005 0.0154302 9.99192E-005 0.00765635
9.98923E-005 0.998801 9.98923E-005 9.98923E-005 9.98923E-005 9.98923E-005 9.98923E-005 9.98923E-005 9.98923E-005 9.98923E-005 9.98923E-005 9.98923E-005 9.98923E-005
9.99462E-005 0.871544 0.00652844 9.99462E-005 9.99462E-005 9.99462E-005 0.000159552 0.00710039 9.99462E-005 0.0193823 9.99462E-005 0.0239384 0.0707475
0.357748 9.99462E-005 9.99462E-005 9.99462E-005 0.120069 0.126064 9.99462E-005 0.160192 0.112679 0.110436 9.99462E-005 9.99462E-005 0.0122136
0.130099 0.0476287 0.0103795 0.110875 0.0887505 0.00752364 0.455087 0.0605602 0.0195769 9.9982E-005 0.0343328 9.9982E-005 0.0349866
9.991E-005 9.991E-005 9.991E-005 9.991E-005 9.991E-005 9.991E-005 0.111201 9.991E-005 9.991E-005 9.991E-005 0.876101 9.991E-005 0.0116984
9.99282E-005 9.99282E-005 0.00690809 0.588203 9.99282E-005 9.99282E-005 9.99282E-005 9.99282E-005 0.222032 9.99282E-005 9.99282E-005 0.147292 0.034765
0.0261567 9.99282E-005 9.99282E-005 0.571712 9.99282E-005 9.99282E-005 0.08555 9.99282E-005 0.0762192 9.99282E-005 9.99282E-005 0.239562 9.99282E-005
9.99098E-005 9.99098E-005 9.99098E-005 9.99098E-005 9.99098E-005 0.0336384 9.99098E-005 9.99098E-005 9.99098E-005 0.0706642 0.894698 9.99098E-005 9.99098E-005
9.99193E-005 9.99193E-005 9.99193E-005 9.99193E-005 9.99193E-005 0.0875119 9.99193E-005 0.0213633 0.0620612 0.828164 9.99193E-005 9.99193E-005 9.99193E-005
9.99192E-005 9.99192E-005 9.99192E-005 9.99192E-005 0.0930521 0.872662 9.99192E-005 9.99192E-005 0.019273 0.0141137 9.99192E-005 9.99192E-005 9.99192E-005
0.0284412 9.99641E-005 9.99641E-005 9.99641E-005 0.0386946 0.130621 0.00302208 9.99641E-005 0.200825 0.559123 0.0294215 0.00147449 0.00797709
9.98919E-005 9.98919E-005 9.98919E-005 9.98919E-005 9.98919E-005 0.998801 9.98919E-005 9.98919E-005 9.98919E-005 9.98919E-005 9.98919E-005 9.98919E-005 9.98919E-005
9.99191E-005 9.99191E-005 0.0131166 9.99191E-005 0.102292 9.99191E-005 9.99191E-005 9.99191E-005 0.686401 0.197291 9.99191E-005 9.99191E-005 9.99191E-005
9.99372E-005 9.99372E-005 9.99372E-005 0.0180489 0.106997 0.0450654 9.99372E-005 9.99372E-005 0.162107 0.663074 9.99372E-005 0.00400793 9.99372E-005
9.99102E-005 9.99102E-005 9.99102E-005 9.99102E-005 9.99102E-005 9.99102E-005 9.99102E-005 0.036058 0.0479562 0.914987 9.99102E-005 9.99102E-005 9.99102E-005
9.98919E-005 9.98919E-005 9.98919E-005 9.98919E-005 9.98919E-005 0.998801 9.98919E-005 9.98919E-005 9.98919E-005 9.98919E-005 9.98919E-005 9.98919E-005 9.98919E-005
9.99371E-005 0.0281703 9.99371E-005 9.99371E-005 0.164386 0.0583897 9.99371E-005 9.99371E-005 0.100548 0.633478 0.014328 9.99371E-005 9.99371E-005
9.99372E-005 0.00614669 9.99372E-005 9.99372E-005 0.0557678 0.0284677 9.99372E-005 9.99372E-005 0.043938 0.857784 9.99372E-005 0.00719604 9.99372E-005
9.98921E-005 9.98921E-005 9.98921E-005 9.98921E-005 0.998801 9.98921E-005 9.98921E-005 9.98921E-005 9.98921E-005 9.98921E-005 9.98921E-005 9.98921E-005 9.98921E-005
9.98919E-005 9.98919E-005 9.98919E-005 9.98919E-005 0.998801 9.98919E-005 9.98919E-005 9.98919E-005 9.98919E-005 9.98919E-005 9.98919E-005 9.98919E-005 9.98919E-005
9.98921E-005 9.98921E-005 9.98921E-005 9.98921E-005 0.998801 9.98921E-005 9.98921E-005 9.98921E-005 9.98921E-005 9.98921E-005 9.98921E-005 9.98921E-005 9.98921E-005
9.99372E-005 9.99372E-005 9.99372E-005 9.99372E-005 0.042476 0.0363781 9.99372E-005 0.00786819 0.0782015 0.809583 9.99372E-005 9.99372E-005 0.0247941
9.99372E-005 9.99372E-005 9.99372E-005 0.0181385 0.195245 0.174903 9.99372E-005 9.99372E-005 0.131922 0.438651 0.0404405 9.99372E-005 9.99372E-005
0.617475 9.99372E-005 9.99372E-005 9.99372E-005 9.99372E-005 0.0371307 0.0619106 0.167624 9.99372E-005 9.99372E-005 9.99372E-005 0.0368096 0.0783506
0.840536 0.0140022 9.99372E-005 9.99372E-005 9.99372E-005 9.99372E-005 0.0990428 9.99372E-005 0.0275996 0.00263273 9.99372E-005 9.99372E-005 0.0154875
0.616274 0.0754439 9.99461E-005 9.99461E-005 9.99461E-005 9.99461E-005 0.167964 9.99461E-005 9.99461E-005 0.034342 0.00845438 0.0241985 0.0727231
9.99013E-005 0.986755 9.99013E-005 9.99013E-005 9.99013E-005 9.99013E-005 9.99013E-005 9.99013E-005 9.99013E-005 0.0121465 9.99013E-005 9.99013E-005 9.99013E-005
9.99192E-005 0.978079 9.99192E-005 9.99192E-005 9.99192E-005 0.001247 9.99192E-005 9.99192E-005 9.99192E-005 9.99192E-005 0.000843338 9.99192E-005 0.018931
0.0507845 0.90567 9.99283E-005 0.0289402 9.99283E-005 9.99283E-005 9.99283E-005 0.00682687 9.99283E-005 0.00697886 9.99283E-005 9.99283E-005 9.99283E-005
9.99192E-005 0.837243 9.99192E-005 0.0349533 9.99192E-005 9.99192E-005 9.99192E-005 0.0920358 9.99192E-005 9.99192E-005 9.99192E-005 9.99192E-005 0.0348681
0.0880533 9.99193E-005 9.99193E-005 0.615589 9.99193E-005 9.99193E-005 9.99193E-005 9.99193E-005 0.116468 9.99193E-005 9.99193E-005 0.178991 9.99193E-005
9.99282E-005 9.99282E-005 9.99282E-005 0.684049 0.0843944 9.99282E-005 9.99282E-005 0.0389301 9.99282E-005 9.99282E-005 9.99282E-005 0.168402 0.0234244
0.158481 9.99372E-005 9.99372E-005 0.390847 0.0977018 9.99372E-005 9.99372E-005 0.0749282 9.99372E-005 9.99372E-005 0.0444085 0.232934 9.99372E-005
0.798175 0.0401188 9.99462E-005 9.99462E-005 0.0455746 0.000384388 0.0233784 0.0553177 9.99462E-005 9.99462E-005 9.99462E-005 9.99462E-005 0.0364515
0.904552 0.0174732 0.00887569 0.0115733 0.0137497 9.99462E-005 9.99462E-005 0.0132698 9.99462E-005 9.99462E-005 0.029907 9.99462E-005 9.99462E-005
0.697841 9.99551E-005 9.99551E-005 0.0444185 0.0347439 9.99551E-005 0.0571254 0.0789093 0.0772581 9.99551E-005 9.99551E-005 0.000964956 0.00823901
0.888271 9.99192E-005 0.00448563 9.99192E-005 9.99192E-005 9.99192E-005 9.99192E-005 9.99192E-005 0.0812004 9.99192E-005 0.0251438 9.99192E-005 9.99192E-005
