9.99372E-005 9.99372E-005 9.99372E-005 9.99372E-005 0.0103918 0.0078302 9.99372E-005 0.0396066 0.0117258 0.929746 9.99372E-005 9.99372E-005
9.99102E-005 9.99102E-005 9.99102E-005 9.99102E-005 0.0109327 9.99102E-005 9.99102E-005 9.99102E-005 9.99102E-005 0.988068 9.99102E-005 9.99102E-005
9.99192E-005 9.99192E-005 9.99192E-005 9.99192E-005 0.024228 9.99192E-005 9.99192E-005 9.99192E-005 0.0876556 0.887217 9.99192E-005 9.99192E-005
9.99283E-005 0.113517 0.13017 0.0611136 9.99283E-005 9.99283E-005 9.99283E-005 9.99283E-005 9.99283E-005 0.6944 9.99283E-005 9.99283E-005
9.99282E-005 9.99282E-005 9.99282E-005 0.082185 0.0160315 9.99282E-005 9.99282E-005 9.99282E-005 0.0270912 0.873893 9.99282E-005 9.99282E-005
9.99011E-005 9.99011E-005 9.99011E-005 9.99011E-005 9.99011E-005 9.99011E-005 9.99011E-005 9.99011E-005 9.99011E-005 0.998901 9.99011E-005 9.99011E-005
9.99011E-005 9.99011E-005 9.99011E-005 9.99011E-005 9.99011E-005 9.99011E-005 9.99011E-005 9.99011E-005 9.99011E-005 0.998901 9.99011E-005 9.99011E-005
0.0213308 0.0540958 0.0539452 0.0539472 9.99641E-005 0.0167579 9.99641E-005 0.0530353 9.99641E-005 0.741159 9.99641E-005 0.00532892
9.99461E-005 0.066502 0.0164202 9.99461E-005 9.99461E-005 9.99461E-005 0.054301 9.99461E-005 9.99461E-005 0.805065 0.00074305 0.0563689
9.99281E-005 0.0847843 9.99281E-005 9.99281E-005 9.99281E-005 9.99281E-005 0.0807367 9.99281E-005 9.99281E-005 0.804558 9.99281E-005 0.0291219
9.99192E-005 9.99192E-005 9.99192E-005 9.99192E-005 9.99192E-005 9.99192E-005 9.99192E-005 9.99192E-005 9.99192E-005 0.8668 0.0460368 0.0862635
0.00650438 0.172071 0.0214699 0.183888 0.0450235 9.99462E-005 9.99462E-005 9.99462E-005 9.99462E-005 0.570444 9.99462E-005 9.99462E-005
9.99641E-005 9.99641E-005 0.0565028 0.055901 0.011029 9.99641E-005 9.99641E-005 0.0786101 0.111084 0.672512 0.00516246 0.00879885
0.00121248 9.99462E-005 0.0689691 0.151602 9.99462E-005 9.99462E-005 9.99462E-005 9.99462E-005 0.0766367 0.642739 0.058241 9.99462E-005
0.0333649 0.125794 0.201932 0.0880577 0.00207607 0.000370885 0.050781 0.0149224 0.044226 0.388106 9.9991E-005 0.0502684
0.0117193 0.130043 0.0839198 0.0346317 9.99551E-005 9.99551E-005 9.99551E-005 9.99551E-005 0.234787 0.472686 9.99551E-005 0.0317134
9.99462E-005 0.110963 0.0787061 0.127856 9.99462E-005 0.0159651 9.99462E-005 9.99462E-005 0.0838416 0.582069 9.99462E-005 9.99462E-005
0.00192923 0.115303 0.0351213 0.0986758 9.9964E-005 0.0287695 9.9964E-005 9.9964E-005 0.239375 0.47828 9.9964E-005 0.00214506
0.0073355 0.222792 0.0282135 0.0306334 0.542907 9.99551E-005 9.99551E-005 9.99551E-005 0.0861157 0.0815034 9.99551E-005 9.99551E-005
9.99282E-005 0.904303 9.99282E-005 0.0199175 0.0446387 9.99282E-005 9.99282E-005 9.99282E-005 9.99282E-005 0.0303412 9.99282E-005 9.99282E-005
9.99103E-005 0.896081 9.99103E-005 9.99103E-005 0.10292 9.99103E-005 9.99103E-005 9.99103E-005 9.99103E-005 9.99103E-005 9.99103E-005 9.99103E-005
9.99461E-005 0.594647 9.99461E-005 0.0281576 0.264108 0.0149534 9.99461E-005 9.99461E-005 9.99461E-005 0.046843 0.0506908 9.99461E-005
9.99281E-005 0.847815 9.99281E-005 9.99281E-005 0.0541974 9.99281E-005 9.99281E-005 9.99281E-005 9.99281E-005 9.99281E-005 0.055924 0.0412641
9.99009E-005 9.99009E-005 9.99009E-005 9.99009E-005 0.998901 9.99009E-005 9.99009E-005 9.99009E-005 9.99009E-005 9.99009E-005 9.99009E-005 9.99009E-005
9.99011E-005 9.99011E-005 9.99011E-005 9.99011E-005 0.998901 9.99011E-005 9.99011E-005 9.99011E-005 9.99011E-005 9.99011E-005 9.99011E-005 9.99011E-005
9.99011E-005 9.99011E-005 9.99011E-005 9.99011E-005 0.998901 9.99011E-005 9.99011E-005 9.99011E-005 9.99011E-005 9.99011E-005 9.99011E-005 9.99011E-005
0.0199603 0.748613 0.0522366 0.0432977 0.0689214 9.99551E-005 0.0528141 9.99551E-005 0.0136572 9.99551E-005 9.99551E-005 9.99551E-005
0.00945598 0.215563 9.99371E-005 9.99371E-005 0.758913 9.99371E-005 9.99371E-005 0.00149562 9.99371E-005 0.0138725 9.99371E-005 9.99371E-005
9.99372E-005 0.860212 0.0536749 9.99372E-005 0.041272 9.99372E-005 9.99372E-005 9.99372E-005 0.0377228 9.99372E-005 9.99372E-005 0.00641891
9.99011E-005 9.99011E-005 9.99011E-005 9.99011E-005 0.998901 9.99011E-005 9.99011E-005 9.99011E-005 9.99011E-005 9.99011E-005 9.99011E-005 9.99011E-005
9.99282E-005 0.657356 9.99282E-005 9.99282E-005 0.159381 9.99282E-005 9.99282E-005 0.080419 9.99282E-005 0.102044 9.99282E-005 9.99282E-005
9.99102E-005 9.99102E-005 9.99102E-005 9.99102E-005 0.998024 9.99102E-005 9.99102E-005 9.99102E-005 9.99102E-005 9.99102E-005 9.99102E-005 0.000976935
9.99192E-005 0.793845 9.99192E-005 9.99192E-005 0.09476 9.99192E-005 9.99192E-005 9.99192E-005 0.110495 9.99192E-005 9.99192E-005 9.99192E-005
0.00430698 0.713336 9.99282E-005 9.99282E-005 0.255508 9.99282E-005 9.99282E-005 9.99282E-005 9.99282E-005 9.99282E-005 0.0260489 9.99282E-005
9.99641E-005 0.725238 9.99641E-005 0.00990935 0.16248 9.99641E-005 0.0252941 0.0249863 0.0257026 9.99641E-005 0.014549 0.0114415
9.99282E-005 0.825157 0.0114006 9.99282E-005 0.133149 9.99282E-005 9.99282E-005 9.99282E-005 9.99282E-005 0.0294946 9.99282E-005 9.99282E-005
9.99462E-005 0.764049 0.100367 9.99462E-005 0.0999864 0.00459154 9.99462E-005 9.99462E-005 9.99462E-005 0.0133186 0.0170883 9.99462E-005
9.99649E-005 0.0377406 9.99649E-005 0.711096 9.99649E-005 0.00508232 0.0110296 0.0266723 0.0838208 0.0800411 0.0441173 9.99649E-005
9.99102E-005 9.99102E-005 9.99102E-005 0.983552 9.99102E-005 9.99102E-005 9.99102E-005 9.99102E-005 9.99102E-005 9.99102E-005 9.99102E-005 0.0154493
0.0278753 9.99462E-005 9.99462E-005 0.768481 0.0170593 9.99462E-005 0.0458888 9.99462E-005 0.116447 0.0236496 9.99462E-005 9.99462E-005
9.99282E-005 9.99282E-005 9.99282E-005 0.848421 9.99282E-005 0.0252728 0.000731052 9.99282E-005 0.124776 9.99282E-005 9.99282E-005 9.99282E-005
0.0173264 9.99461E-005 0.018646 0.75574 0.018102 0.00941982 9.99461E-005 9.99461E-005 0.180166 9.99461E-005 9.99461E-005 9.99461E-005
9.99371E-005 9.99371E-005 0.0299784 0.94426 0.00362902 0.000374708 9.99371E-005 9.99371E-005 0.0210578 9.99371E-005 9.99371E-005 9.99371E-005
0.00853948 9.99192E-005 9.99192E-005 0.800456 9.99192E-005 9.99192E-005 9.99192E-005 9.99192E-005 0.190105 9.99192E-005 9.99192E-005 9.99192E-005
9.99372E-005 0.0405669 0.0860167 0.793814 0.01871 9.99372E-005 9.99372E-005 9.99372E-005 0.0601929 9.99372E-005 9.99372E-005 9.99372E-005
9.99192E-005 9.99192E-005 9.99192E-005 0.921532 0.0242665 9.99192E-005 9.99192E-005 9.99192E-005 0.0533024 9.99192E-005 9.99192E-005 9.99192E-005
9.99551E-005 9.99551E-005 0.571248 0.0892509 0.0376516 9.99551E-005 0.134035 0.0383637 0.0141511 0.1148 9.99551E-005 9.99551E-005
9.99001E-005 9.99001E-005 9.99001E-005 9.99001E-005 9.99001E-005 0.998901 9.99001E-005 9.99001E-005 9.99001E-005 9.99001E-005 9.99001E-005 9.99001E-005
9.99191E-005 9.99191E-005 9.99191E-005 0.0175375 9.99191E-005 0.00838088 9.99191E-005 9.99191E-005 9.99191E-005 9.99191E-005 9.99191E-005 0.973182
0.00946452 9.99193E-005 0.918056 9.99193E-005 9.99193E-005 9.99193E-005 9.99193E-005 9.99193E-005 0.0715799 9.99193E-005 9.99193E-005 9.99193E-005
9.991E-005 9.991E-005 0.274509 9.991E-005 9.991E-005 9.991E-005 9.991E-005 9.991E-005 9.991E-005 9.991E-005 9.991E-005 0.724492
9.99103E-005 9.99103E-005 0.984931 9.99103E-005 0.0140704 9.99103E-005 9.99103E-005 9.99103E-005 9.99103E-005 9.99103E-005 9.99103E-005 9.99103E-005
0.0288077 0.117154 0.804546 9.99371E-005 9.99371E-005 9.99371E-005 9.99371E-005 0.000388169 9.99371E-005 9.99371E-005 0.0484045 9.99371E-005
9.99677E-005 9.99677E-005 0.696557 0.106882 0.047185 0.00355101 9.99677E-005 0.022326 9.99677E-005 0.058148 0.0561785 0.00877241
9.99193E-005 9.99193E-005 0.890154 9.99193E-005 9.99193E-005 9.99193E-005 0.0668917 9.99193E-005 9.99193E-005 0.0420555 9.99193E-005 9.99193E-005
9.99193E-005 9.99193E-005 0.98517 0.00336363 9.99193E-005 9.99193E-005 9.99193E-005 9.99193E-005 0.0105673 9.99193E-005 9.99193E-005 9.99193E-005
0.0596096 9.99461E-005 0.780713 9.99461E-005 0.039364 9.99461E-005 0.0296207 9.99461E-005 0.0791942 9.99461E-005 0.0108991 9.99461E-005
0.0130261 9.99192E-005 0.936435 9.99192E-005 9.99192E-005 9.99192E-005 9.99192E-005 9.99192E-005 9.99192E-005 0.0496396 9.99192E-005 9.99192E-005
9.99101E-005 9.99101E-005 0.945873 9.99101E-005 9.99101E-005 9.99101E-005 9.99101E-005 9.99101E-005 9.99101E-005 9.99101E-005 0.0531277 9.99101E-005
9.99192E-005 0.0427424 0.945868 9.99192E-005 9.99192E-005 9.99192E-005 0.0104901 9.99192E-005 9.99192E-005 9.99192E-005 9.99192E-005 9.99192E-005
9.99282E-005 0.0948151 0.129016 9.99282E-005 9.99282E-005 9.99282E-005 9.99282E-005 0.751486 9.99282E-005 0.0238831 9.99282E-005 9.99282E-005
9.99495E-005 0.108167 0.121764 0.00148696 9.99495E-005 9.99495E-005 9.99495E-005 0.714436 0.0230658 0.0304801 9.99495E-005 9.99495E-005
9.99461E-005 9.99461E-005 0.185355 0.0550248 9.99461E-005 0.0192054 9.99461E-005 0.701319 0.00109677 0.0373992 9.99461E-005 9.99461E-005
0.177018 9.99192E-005 9.99192E-005 9.99192E-005 9.99192E-005 9.99192E-005 9.99192E-005 0.78104 9.99192E-005 9.99192E-005 0.0410429 9.99192E-005
0.186895 9.99371E-005 9.99371E-005 9.99371E-005 0.0075841 9.99371E-005 0.0610415 0.591734 9.99371E-005 9.99371E-005 0.152046 9.99371E-005
0.977539 9.99193E-005 9.99193E-005 0.0198379 9.99193E-005 9.99193E-005 0.00172375 9.99193E-005 9.99193E-005 9.99193E-005 9.99193E-005 9.99193E-005
0.998901 9.99011E-005 9.99011E-005 9.99011E-005 9.99011E-005 9.99011E-005 9.99011E-005 9.99011E-005 9.99011E-005 9.99011E-005 9.99011E-005 9.99011E-005
0.293992 9.99282E-005 9.99282E-005 0.00929203 9.99282E-005 9.99282E-005 9.99282E-005 0.610813 9.99282E-005 9.99282E-005 0.0851033 9.99282E-005
0.258355 9.99281E-005 9.99281E-005 9.99281E-005 9.99281E-005 9.99281E-005 0.0202261 0.586895 9.99281E-005 9.99281E-005 0.133725 9.99281E-005
0.912965 9.99192E-005 9.99192E-005 9.99192E-005 9.99192E-005 9.99192E-005 9.99192E-005 0.0411335 0.0450027 9.99192E-005 9.99192E-005 9.99192E-005
0.998901 9.99012E-005 9.99012E-005 9.99012E-005 9.99012E-005 9.99012E-005 9.99012E-005 9.99012E-005 9.99012E-005 9.99012E-005 9.99012E-005 9.99012E-005
0.157535 9.99192E-005 9.99192E-005 9.99192E-005 9.99192E-005 9.99192E-005 9.99192E-005 0.833461 9.99192E-005 9.99192E-005 0.00810533 9.99192E-005
0.967347 9.99282E-005 0.0183476 0.00658226 0.0069238 9.99282E-005 9.99282E-005 9.99282E-005 9.99282E-005 9.99282E-005 9.99282E-005 9.99282E-005
0.93915 9.99191E-005 9.99191E-005 9.99191E-005 9.99191E-005 0.0154468 9.99191E-005 0.0445039 9.99191E-005 9.99191E-005 9.99191E-005 9.99191E-005
0.998901 9.99013E-005 9.99013E-005 9.99013E-005 9.99013E-005 9.99013E-005 9.99013E-005 9.99013E-005 9.99013E-005 9.99013E-005 9.99013E-005 9.99013E-005
0.864863 9.99102E-005 9.99102E-005 9.99102E-005 9.99102E-005 9.99102E-005 9.99102E-005 0.134138 9.99102E-005 9.99102E-005 9.99102E-005 9.99102E-005
0.953575 9.99191E-005 9.99191E-005 9.99191E-005 0.0388525 9.99191E-005 0.0066734 9.99191E-005 9.99191E-005 9.99191E-005 9.99191E-005 9.99191E-005
9.99283E-005 0.924325 9.99283E-005 0.00337912 9.99283E-005 9.99283E-005 9.99283E-005 9.99283E-005 0.0591882 9.99283E-005 0.0123086 9.99283E-005
9.99371E-005 9.99371E-005 9.99371E-005 0.829939 0.031617 9.99371E-005 9.99371E-005 0.0225918 0.0916062 0.0235461 9.99371E-005 9.99371E-005
9.99282E-005 9.99282E-005 9.99282E-005 0.940035 0.0460525 9.99282E-005 9.99282E-005 9.99282E-005 0.00307253 0.0100401 9.99282E-005 9.99282E-005
0.0298178 9.99192E-005 9.99192E-005 9.99192E-005 9.99192E-005 9.99192E-005 0.896387 9.99192E-005 9.99192E-005 9.99192E-005 0.0728962 9.99192E-005
0.0511149 9.99282E-005 9.99282E-005 9.99282E-005 9.99282E-005 9.99282E-005 0.774447 9.99282E-005 9.99282E-005 9.99282E-005 0.151187 0.0224508
0.0290354 9.99282E-005 9.99282E-005 9.99282E-005 9.99282E-005 9.99282E-005 0.777104 9.99282E-005 9.99282E-005 9.99282E-005 0.188911 0.00414987
9.99192E-005 9.99192E-005 9.99192E-005 9.99192E-005 9.99192E-005 9.99192E-005 0.941153 9.99192E-005 0.0199492 9.99192E-005 0.0379984 9.99192E-005
0.00845344 9.99372E-005 0.0398834 9.99372E-005 9.99372E-005 9.99372E-005 0.401562 0.0213886 9.99372E-005 9.99372E-005 0.528013 9.99372E-005
9.99281E-005 9.99281E-005 9.99281E-005 9.99281E-005 0.00709213 9.99281E-005 0.67358 0.0603077 9.99281E-005 9.99281E-005 0.258221 9.99281E-005
9.99372E-005 9.99372E-005 9.99372E-005 9.99372E-005 0.0351314 9.99372E-005 0.546294 0.0108729 9.99372E-005 9.99372E-005 0.404086 0.00291632
0.00465524 9.99461E-005 0.0360564 0.00986241 9.99461E-005 9.99461E-005 0.524624 9.99461E-005 9.99461E-005 9.99461E-005 0.416428 0.00777449
9.99282E-005 0.0592512 9.99282E-005 9.99282E-005 9.99282E-005 0.00816862 0.771208 9.99282E-005 9.99282E-005 9.99282E-005 0.160573 9.99282E-005
9.99281E-005 9.99281E-005 9.99281E-005 9.99281E-005 9.99281E-005 0.00647016 0.917199 9.99281E-005 9.99281E-005 0.0163545 0.0591766 9.99281E-005
9.99103E-005 9.99103E-005 9.99103E-005 9.99103E-005 9.99103E-005 9.99103E-005 0.994607 9.99103E-005 0.00439426 9.99103E-005 9.99103E-005 9.99103E-005
0.00878769 9.99462E-005 0.0267315 9.99462E-005 9.99462E-005 0.00817488 0.752392 9.99462E-005 9.99462E-005 9.99462E-005 0.156979 0.0463358
9.99192E-005 9.99192E-005 0.0227106 9.99192E-005 9.99192E-005 9.99192E-005 0.922788 9.99192E-005 9.99192E-005 9.99192E-005 0.0536025 9.99192E-005
0.0154066 9.99192E-005 9.99192E-005 9.99192E-005 9.99192E-005 9.99192E-005 0.823388 9.99192E-005 9.99192E-005 9.99192E-005 0.160306 9.99192E-005
9.99282E-005 9.99282E-005 9.99282E-005 9.99282E-005 9.99282E-005 9.99282E-005 0.871714 0.044088 9.99282E-005 9.99282E-005 0.0806724 0.00272586
9.99371E-005 9.99371E-005 9.99371E-005 9.99371E-005 0.00760753 9.99371E-005 0.566502 9.99371E-005 0.0323868 9.99371E-005 0.342615 0.0501897
0.0358817 9.99282E-005 9.99282E-005 9.99282E-005 9.99282E-005 9.99282E-005 0.850971 9.99282E-005 9.99282E-005 9.99282E-005 0.0962955 0.0160527
9.99193E-005 9.99193E-005 9.99193E-005 0.0125181 9.99193E-005 9.99193E-005 0.793971 9.99193E-005 9.99193E-005 9.99193E-005 0.192611 9.99193E-005
9.99104E-005 9.99104E-005 9.99104E-005 9.99104E-005 9.99104E-005 9.99104E-005 0.944702 9.99104E-005 9.99104E-005 9.99104E-005 0.054299 9.99104E-005
0.0261795 0.0477137 9.99461E-005 9.99461E-005 9.99461E-005 9.99461E-005 0.342404 0.00427551 9.99461E-005 9.99461E-005 0.554124 0.0247034
0.00202905 9.99282E-005 9.99282E-005 9.99282E-005 9.99282E-005 9.99282E-005 0.432231 9.99282E-005 9.99282E-005 9.99282E-005 0.551698 0.0132425
0.00972839 9.99372E-005 9.99372E-005 9.99372E-005 9.99372E-005 9.99372E-005 0.926267 0.00377241 0.0348255 9.99372E-005 9.99372E-005 0.0247074
9.99281E-005 9.99281E-005 9.99281E-005 9.99281E-005 9.99281E-005 9.99281E-005 0.286593 9.99281E-005 9.99281E-005 0.0105672 0.678905 0.0231353
9.99461E-005 9.99461E-005 0.112204 9.99461E-005 0.00910833 0.00038182 0.819473 9.99461E-005 9.99461E-005 9.99461E-005 0.0567915 0.00144107
0.00377104 9.99282E-005 9.99282E-005 9.99282E-005 9.99282E-005 9.99282E-005 0.734536 0.00968649 9.99282E-005 9.99282E-005 0.251207 9.99282E-005
9.99461E-005 9.99461E-005 9.99461E-005 9.99461E-005 0.0169283 0.00587954 0.806694 9.99461E-005 9.99461E-005 0.0102213 0.113999 0.0456781
0.129023 9.99191E-005 9.99191E-005 9.99191E-005 9.99191E-005 9.99191E-005 9.99191E-005 0.856413 9.99191E-005 9.99191E-005 0.0136648 9.99191E-005
0.0444669 0.224007 9.99281E-005 9.99281E-005 9.99281E-005 9.99281E-005 9.99281E-005 0.679104 9.99281E-005 9.99281E-005 9.99281E-005 0.0516236
0.101133 9.99372E-005 9.99372E-005 9.99372E-005 0.00264296 9.99372E-005 0.212336 0.680506 9.99372E-005 9.99372E-005 0.00268302 9.99372E-005
0.0437263 0.0910341 9.99551E-005 0.0481986 9.99551E-005 0.0026709 9.99551E-005 9.99551E-005 0.75713 0.051225 9.99551E-005 0.00551529
9.99009E-005 9.99009E-005 9.99009E-005 9.99009E-005 9.99009E-005 9.99009E-005 9.99009E-005 9.99009E-005 0.998901 9.99009E-005 9.99009E-005 9.99009E-005
9.99103E-005 9.99103E-005 0.0377174 9.99103E-005 9.99103E-005 9.99103E-005 9.99103E-005 9.99103E-005 0.961283 9.99103E-005 9.99103E-005 9.99103E-005
9.99101E-005 9.99101E-005 9.99101E-005 9.99101E-005 0.00354744 9.99101E-005 9.99101E-005 9.99101E-005 0.995453 9.99101E-005 9.99101E-005 9.99101E-005
9.99103E-005 9.99103E-005 9.99103E-005 0.0553932 9.99103E-005 9.99103E-005 9.99103E-005 9.99103E-005 0.943608 9.99103E-005 9.99103E-005 9.99103E-005
9.99012E-005 9.99012E-005 9.99012E-005 9.99012E-005 9.99012E-005 9.99012E-005 9.99012E-005 9.99012E-005 0.998901 9.99012E-005 9.99012E-005 9.99012E-005
0.034724 0.0739468 0.00619005 0.194005 0.0495131 0.0244596 9.99641E-005 9.99641E-005 0.4969 0.119862 9.99641E-005 9.99641E-005
9.99282E-005 9.99282E-005 9.99282E-005 0.966861 0.017993 0.00689074 9.99282E-005 9.99282E-005 9.99282E-005 9.99282E-005 9.99282E-005 0.00745599
9.99013E-005 9.99013E-005 9.99013E-005 0.998901 9.99013E-005 9.99013E-005 9.99013E-005 9.99013E-005 9.99013E-005 9.99013E-005 9.99013E-005 9.99013E-005
0.00377657 9.99461E-005 9.99461E-005 0.850402 0.0743662 0.00327434 9.99461E-005 0.0388496 9.99461E-005 0.0287319 9.99461E-005 9.99461E-005
9.99376E-005 0.380319 9.99376E-005 0.0253562 9.99376E-005 9.99376E-005 0.13042 9.99376E-005 0.135555 9.99376E-005 0.32765 9.99376E-005
9.9973E-005 0.130478 0.167393 0.0672037 0.0579154 0.0106219 9.9973E-005 9.9973E-005 0.0445627 0.415595 0.0637834 0.0421463
9.9919E-005 9.9919E-005 9.9919E-005 9.9919E-005 0.0181975 9.9919E-005 9.9919E-005 9.9919E-005 9.9919E-005 0.10329 9.9919E-005 0.877613
9.99371E-005 9.99371E-005 0.221655 9.99371E-005 0.00167773 0.0134345 0.0392993 0.723234 9.99371E-005 9.99371E-005 9.99371E-005 9.99371E-005
9.99192E-005 9.99192E-005 0.197561 9.99192E-005 9.99192E-005 9.99192E-005 9.99192E-005 0.699825 9.99192E-005 0.101715 9.99192E-005 9.99192E-005
9.99189E-005 9.99189E-005 9.99189E-005 9.99189E-005 9.99189E-005 9.99189E-005 0.00731586 9.99189E-005 9.99189E-005 9.99189E-005 0.0554825 0.936302
9.99372E-005 9.99372E-005 0.018709 9.99372E-005 0.00772376 9.99372E-005 0.69294 0.00421586 9.99372E-005 9.99372E-005 0.275711 9.99372E-005
9.99013E-005 9.99013E-005 9.99013E-005 9.99013E-005 9.99013E-005 9.99013E-005 9.99013E-005 9.99013E-005 9.99013E-005 9.99013E-005 0.998901 9.99013E-005
9.99551E-005 9.99551E-005 9.99551E-005 9.99551E-005 0.0184503 0.00662035 0.537171 0.0223037 9.99551E-005 0.0188111 0.345534 0.0506101
9.99009E-005 9.99009E-005 9.99009E-005 9.99009E-005 9.99009E-005 9.99009E-005 9.99009E-005 9.99009E-005 9.99009E-005 9.99009E-005 0.998901 9.99009E-005
9.99371E-005 9.99371E-005 0.01099 9.99371E-005 9.99371E-005 0.0131231 0.943787 9.99371E-005 0.0140253 9.99371E-005 0.0173749 9.99371E-005
9.99192E-005 9.99192E-005 9.99192E-005 9.99192E-005 9.99192E-005 9.99192E-005 0.803671 0.0425452 9.99192E-005 9.99192E-005 0.152884 9.99192E-005
0.0167851 9.99282E-005 9.99282E-005 9.99282E-005 9.99282E-005 9.99282E-005 0.778345 9.99282E-005 0.0185255 9.99282E-005 0.185545 9.99282E-005
9.9901E-005 9.9901E-005 9.9901E-005 9.9901E-005 9.9901E-005 9.9901E-005 9.9901E-005 9.9901E-005 9.9901E-005 9.9901E-005 0.998901 9.9901E-005
9.99372E-005 9.99372E-005 9.99372E-005 0.0288909 9.99372E-005 9.99372E-005 0.725321 0.0179688 9.99372E-005 9.99372E-005 0.203997 0.0231229
0.0279405 9.99282E-005 9.99282E-005 9.99282E-005 0.000948329 9.99282E-005 0.841908 9.99282E-005 9.99282E-005 9.99282E-005 0.128404 9.99282E-005
9.99193E-005 9.99193E-005 9.99193E-005 9.99193E-005 9.99193E-005 9.99193E-005 0.208323 9.99193E-005 0.00668533 9.99193E-005 0.784092 9.99193E-005
0.0280101 9.99192E-005 9.99192E-005 9.99192E-005 9.99192E-005 9.99192E-005 0.0746059 9.99192E-005 9.99192E-005 9.99192E-005 0.896485 9.99192E-005
9.99281E-005 0.05846 9.99281E-005 9.99281E-005 9.99281E-005 0.00708117 0.135785 9.99281E-005 9.99281E-005 9.99281E-005 0.797874 9.99281E-005
9.99282E-005 9.99282E-005 9.99282E-005 9.99282E-005 0.0225958 9.99282E-005 0.801729 9.99282E-005 9.99282E-005 9.99282E-005 0.14437 0.0305059
9.99282E-005 9.99282E-005 0.041693 9.99282E-005 9.99282E-005 9.99282E-005 0.402462 9.99282E-005 9.99282E-005 9.99282E-005 0.496203 0.0588428
0.0619734 0.637502 9.99552E-005 0.0331919 0.061702 9.99552E-005 9.99552E-005 9.99552E-005 0.159835 0.0240486 0.0212469 9.99552E-005
0.00990561 0.862167 9.99461E-005 0.00560754 0.00860833 9.99461E-005 9.99461E-005 9.99461E-005 0.015538 0.0975742 9.99461E-005 9.99461E-005
0.0129771 0.62688 9.99551E-005 0.0840837 0.0742651 9.99551E-005 9.99551E-005 0.0253823 9.99551E-005 0.171414 9.99551E-005 0.00449862
9.99193E-005 9.99193E-005 0.00846481 0.985247 9.99193E-005 9.99193E-005 9.99193E-005 0.00538936 9.99193E-005 9.99193E-005 9.99193E-005 9.99193E-005
9.99103E-005 9.99103E-005 9.99103E-005 0.973845 0.0251555 9.99103E-005 9.99103E-005 9.99103E-005 9.99103E-005 9.99103E-005 9.99103E-005 9.99103E-005
9.99194E-005 0.0333291 0.0307438 0.935028 9.99194E-005 9.99194E-005 9.99194E-005 9.99194E-005 9.99194E-005 9.99194E-005 9.99194E-005 9.99194E-005
9.99371E-005 9.99371E-005 0.0339735 0.842831 0.0392882 9.99371E-005 9.99371E-005 0.0178624 0.0653455 9.99371E-005 9.99371E-005 9.99371E-005
9.99372E-005 9.99372E-005 0.173303 0.000924505 9.99372E-005 9.99372E-005 9.99372E-005 0.753532 9.99372E-005 0.0663169 9.99372E-005 0.00522389
9.99372E-005 9.99372E-005 0.210511 9.99372E-005 0.0157346 9.99372E-005 9.99372E-005 0.711941 0.0321789 0.0289355 9.99372E-005 9.99372E-005
9.99462E-005 0.0152382 0.06942 0.0423088 9.99462E-005 9.99462E-005 9.99462E-005 0.78183 0.0575802 0.0330236 9.99462E-005 9.99462E-005
9.99641E-005 0.7671 9.99641E-005 0.023568 0.0372373 0.0100917 9.99641E-005 0.0393052 0.0601673 0.0534298 0.00870058 9.99641E-005
9.99282E-005 0.966745 9.99282E-005 9.99282E-005 9.99282E-005 0.00348462 9.99282E-005 0.0236153 9.99282E-005 9.99282E-005 9.99282E-005 0.00535562
0.0141974 0.699234 0.001474 0.000990374 0.0119344 9.9982E-005 0.0484331 0.0143435 0.0670085 0.107425 0.0347592 9.9982E-005
9.99371E-005 0.877244 9.99371E-005 9.99371E-005 9.99371E-005 0.00892881 0.0120805 0.0730722 9.99371E-005 9.99371E-005 9.99371E-005 0.0279754
