0.0891063 0.724623 9.9991E-005 0.18617
0.0648763 0.719067 9.9991E-005 0.215957
0.0532027 0.70795 9.9991E-005 0.238747
0.116559 0.686545 0.00938555 0.187511
0.0251068 0.777554 9.9991E-005 0.19724
0.0511813 0.760677 9.9991E-005 0.188041
0.0499968 0.709104 9.9991E-005 0.240799
0.153059 0.687441 9.9991E-005 0.1594
0.0887239 0.632748 0.111405 0.167122
0.0510337 0.676861 0.117784 0.154321
0.0407328 0.693006 0.124014 0.142247
0.0647905 0.679302 9.9991E-005 0.255807
0.111047 0.706943 0.00261521 0.179395
0.101882 0.750079 0.0472073 0.100832
0.150576 0.572543 0.100145 0.176736
0.110695 0.694252 9.9991E-005 0.194953
0.050128 0.741837 9.9991E-005 0.207935
0.0713987 0.758868 9.9991E-005 0.169633
0.00875431 0.224803 0.00863362 0.757809
0.0293431 0.456427 0.0363413 0.477889
0.00173197 0.388554 0.0202216 0.589492
0.041465 0.298313 0.0606265 0.599595
9.9991E-005 0.34137 0.152478 0.506051
9.998E-005 9.998E-005 9.998E-005 0.9997
9.998E-005 9.998E-005 9.998E-005 0.9997
9.998E-005 9.998E-005 9.998E-005 0.9997
0.040654 0.420488 0.103934 0.434924
0.0157871 0.017447 9.9991E-005 0.966666
0.0755564 0.403396 9.9991E-005 0.520948
9.998E-005 9.998E-005 9.998E-005 0.9997
0.0642154 0.340622 0.0219593 0.573203
9.998E-005 9.998E-005 9.998E-005 0.9997
0.0364648 0.429404 0.0227707 0.511361
0.0287773 0.264972 0.0527106 0.65354
0.0356211 0.343488 0.0895622 0.531329
0.0717996 0.352113 9.9991E-005 0.575987
0.056432 0.358389 0.0831092 0.50207
0.0206631 0.872763 0.0523698 0.0542036
9.9982E-005 0.950514 9.9982E-005 0.0492858
0.0126367 0.86364 0.0325867 0.0911366
9.9982E-005 0.968757 9.9982E-005 0.0310431
0.0259373 0.891382 9.9991E-005 0.0825803
9.9982E-005 0.9456 9.9982E-005 0.0541997
0.00661929 0.964209 9.9991E-005 0.0290715
9.9982E-005 0.902672 9.9982E-005 0.0971279
9.9982E-005 0.938011 9.9982E-005 0.0617894
0.115834 0.413197 0.327401 0.143568
9.99914E-005 0.42346 0.160609 0.415831
9.99911E-005 0.315532 0.517772 0.166596
0.220889 0.421595 0.298739 0.0587767
0.0626567 0.266773 0.584877 0.0856936
0.218026 0.353664 0.291931 0.136379
0.2189 0.340271 0.298813 0.142016
0.187428 0.424499 0.272709 0.115363
0.183013 0.371562 0.353496 0.0919291
0.173173 0.446595 0.317767 0.0624641
0.233717 0.335552 0.290293 0.140439
0.250624 0.400885 0.27557 0.0729209
0.231868 0.285756 0.374262 0.108114
0.210793 0.336182 0.33318 0.119846
0.384358 0.213071 0.261158 0.141413
0.426734 0.256385 0.190623 0.126258
0.375621 0.288438 0.218355 0.117586
0.679933 0.0107615 0.261286 0.04802
0.541389 9.9991E-005 0.38413 0.0743811
0.9997 9.998E-005 9.998E-005 9.998E-005
0.9997 9.998E-005 9.998E-005 9.998E-005
0.632843 0.0691105 0.234796 0.0632502
0.646557 9.9991E-005 0.318012 0.0353316
0.9997 9.998E-005 9.998E-005 9.998E-005
0.9997 9.998E-005 9.998E-005 9.998E-005
0.6454 0.0652694 0.21837 0.0709611
0.9997 9.998E-005 9.998E-005 9.998E-005
0.9997 9.998E-005 9.998E-005 9.998E-005
0.9997 9.998E-005 9.998E-005 9.998E-005
0.9997 9.998E-005 9.998E-005 9.998E-005
0.983137 9.9982E-005 9.9982E-005 0.0166631
0.0566537 0.491693 0.0536297 0.398024
9.9982E-005 0.914478 9.9982E-005 0.0853222
9.9982E-005 0.89933 9.9982E-005 0.10047
0.0329976 9.9982E-005 0.966802 9.9982E-005
0.0642409 9.9982E-005 0.935559 9.9982E-005
0.0294839 9.9982E-005 0.970316 9.9982E-005
9.998E-005 9.998E-005 0.9997 9.998E-005
0.0140263 9.9991E-005 0.982669 0.00320507
9.9982E-005 9.9982E-005 0.978292 0.0215084
0.00375319 9.9991E-005 0.948947 0.0472
0.0107442 0.0261249 0.963031 9.9991E-005
9.9982E-005 9.9982E-005 0.964117 0.0356831
9.9991E-005 0.0164263 0.977844 0.00563
9.99821E-005 9.99821E-005 0.997153 0.00264699
0.0168474 9.9991E-005 0.953359 0.0296939
0.0165531 9.9982E-005 0.983247 9.9982E-005
0.0244741 9.9982E-005 0.975326 9.9982E-005
0.00203621 9.9982E-005 0.997764 9.9982E-005
9.9991E-005 0.00128399 0.952504 0.0461116
0.0533298 9.9982E-005 0.94647 9.9982E-005
9.9982E-005 0.0208431 0.978957 9.9982E-005
0.0170576 9.99821E-005 0.982742 9.99821E-005
0.0446976 9.9991E-005 0.927833 0.027369
0.000264447 9.9991E-005 0.988537 0.0110987
0.0434098 0.026742 0.925537 0.0043114
0.000549573 9.9982E-005 0.99925 9.9982E-005
0.0147702 9.9991E-005 0.942073 0.043057
0.0085853 9.9982E-005 0.991215 9.9982E-005
9.9982E-005 9.9982E-005 0.960188 0.0396123
0.639028 9.9991E-005 0.285645 0.0752273
0.417082 0.121635 0.235749 0.225533
0.480235 0.0573781 0.400584 0.0618028
0.0891673 0.783127 9.9991E-005 0.127606
0.0172535 0.896529 0.00807425 0.0781429
0.0357134 0.861119 0.00689066 0.0962766
0.0332947 0.811228 9.9991E-005 0.155377
0.0402522 0.890623 9.9991E-005 0.0690248
0.00175645 0.895978 9.9991E-005 0.102165
0.0791987 0.748848 9.9991E-005 0.171854
9.9982E-005 0.928231 9.9982E-005 0.071569
9.9982E-005 0.95918 9.9982E-005 0.0406202
0.00342277 0.825979 9.9991E-005 0.170498
9.9991E-005 0.269534 0.52549 0.204877
0.0653317 0.541641 0.142556 0.250471
0.0706149 0.297639 0.429429 0.202317
0.332126 0.212259 0.350937 0.104677
0.465649 0.249871 0.174255 0.110225
0.0230157 9.99822E-005 0.976784 9.99822E-005
0.0280977 9.9991E-005 0.962484 0.0093187
9.99821E-005 0.00541431 0.994386 9.99821E-005
9.9991E-005 0.0244763 0.944631 0.0307927
9.998E-005 9.998E-005 0.9997 9.998E-005
9.9982E-005 9.9982E-005 0.988265 0.0115351
0.0299191 9.9982E-005 0.969881 9.9982E-005
0.0161527 0.0038027 0.979945 9.9991E-005
9.998E-005 9.998E-005 0.9997 9.998E-005
0.0145093 0.0161227 0.966728 0.00264018
0.038777 9.9982E-005 0.961023 9.9982E-005
9.99821E-005 0.00550179 0.994298 9.99821E-005
0.0294172 9.9982E-005 0.970383 9.9982E-005
0.00105282 0.0304219 0.945792 0.0227336
9.9982E-005 9.9982E-005 0.954348 0.0454523
9.99821E-005 9.99821E-005 0.989487 0.0103133
0.0915932 0.463363 0.0514597 0.393584
0.05075 0.478863 0.0500654 0.420322
0.0879225 0.469212 0.016425 0.42644
9.9982E-005 0.989345 0.0104548 9.9982E-005
9.9982E-005 0.936604 9.9982E-005 0.0631956
9.9991E-005 0.944624 0.0103554 0.0449208
9.9982E-005 0.897117 9.9982E-005 0.102683
0.406189 0.2541 0.220728 0.118983
0.380847 0.256111 0.244985 0.118057
0.3915 0.308151 0.200414 0.0999354
0.0695712 0.456016 0.0434864 0.430926
0.0445994 0.46961 0.05055 0.435241
0.0690504 0.43873 0.11829 0.37393
0.0737868 0.401378 0.105153 0.419682
