0.194417 9.9991E-005 0.713328 0.0921548
0.208582 9.9991E-005 0.713775 0.0775428
0.206919 9.9991E-005 0.745698 0.0472832
0.192378 0.00782319 0.694917 0.104882
0.176657 9.9991E-005 0.787612 0.0356316
0.190785 9.9991E-005 0.765817 0.0432984
0.240791 9.9991E-005 0.715206 0.0439027
0.145534 9.9991E-005 0.706207 0.148158
0.175253 0.0855376 0.645347 0.0938628
0.163302 0.127051 0.680574 0.0290732
0.103703 0.135406 0.729288 0.0316034
0.269155 9.9991E-005 0.682492 0.0482526
0.168365 0.0187337 0.69552 0.117381
0.0896893 0.0494283 0.761425 0.0994572
0.188499 0.107409 0.573587 0.130505
0.198348 9.9991E-005 0.693083 0.108468
0.215956 9.9991E-005 0.732885 0.0510591
0.186834 9.9991E-005 0.763852 0.0492144
0.762139 0.0154157 0.222346 9.9991E-005
0.502193 0.0238893 0.435027 0.0388911
0.587641 0.020438 0.391821 9.9991E-005
0.61699 0.0740691 0.306145 0.00279657
0.531153 0.151816 0.313668 0.00336255
0.9997 9.998E-005 9.998E-005 9.998E-005
0.9997 9.998E-005 9.998E-005 9.998E-005
0.9997 9.998E-005 9.998E-005 9.998E-005
0.439718 0.101183 0.426836 0.0322636
0.970798 9.9991E-005 0.0227229 0.0063792
0.522464 9.9991E-005 0.400834 0.0766016
0.9997 9.998E-005 9.998E-005 9.998E-005
0.581803 0.0179402 0.331951 0.0683062
0.9997 9.998E-005 9.998E-005 9.998E-005
0.518205 0.0158075 0.430347 0.0356398
0.676757 0.0461251 0.241053 0.0360649
0.541682 0.0921159 0.33645 0.0297519
0.597389 9.9991E-005 0.351428 0.051083
0.504882 0.0936372 0.356145 0.0453361
0.058684 0.068792 0.872424 9.9991E-005
0.0428871 9.9982E-005 0.956913 9.9982E-005
0.0860747 0.0301035 0.856662 0.0271595
0.0186891 0.00969017 0.971521 9.9991E-005
0.076662 9.9991E-005 0.891116 0.0321221
0.0436877 9.9982E-005 0.956112 9.9982E-005
0.0236643 9.9991E-005 0.969105 0.00713034
0.0957623 0.0105776 0.89356 9.9991E-005
0.0517772 9.9982E-005 0.948023 9.9982E-005
0.127286 0.317725 0.421326 0.133664
0.417046 0.17869 0.404164 9.99914E-005
0.162653 0.517462 0.319785 9.99911E-005
0.0447688 0.305771 0.432618 0.216842
0.0974173 0.5864 0.257373 0.0588099
0.147415 0.300731 0.347436 0.204418
0.151509 0.310068 0.337731 0.200692
0.136904 0.280358 0.41435 0.168388
0.0929087 0.342125 0.371816 0.19315
0.0514734 0.341708 0.454954 0.151865
0.155469 0.286639 0.318637 0.239255
0.100626 0.270323 0.386904 0.242147
0.128564 0.389969 0.279648 0.201819
0.147594 0.334125 0.3159 0.20238
0.134425 0.261768 0.226196 0.37761
0.139575 0.195782 0.266018 0.398625
0.111906 0.210772 0.291785 0.385538
0.0873921 0.261818 9.9991E-005 0.65069
0.0720753 0.380551 9.9991E-005 0.547274
9.998E-005 9.998E-005 9.998E-005 0.9997
9.998E-005 9.998E-005 9.998E-005 0.9997
0.0480781 0.243607 0.0707066 0.637608
0.0291731 0.328542 9.9991E-005 0.642185
9.998E-005 9.998E-005 9.998E-005 0.9997
9.998E-005 9.998E-005 9.998E-005 0.9997
0.0922826 0.2208 0.0548365 0.632081
9.998E-005 9.998E-005 9.998E-005 0.9997
9.998E-005 9.998E-005 9.998E-005 0.9997
9.998E-005 9.998E-005 9.998E-005 0.9997
9.998E-005 9.998E-005 9.998E-005 0.9997
0.00927418 9.9982E-005 9.9982E-005 0.990526
0.411084 0.05768 0.501821 0.0294143
0.0902713 9.9982E-005 0.909529 9.9982E-005
0.102725 9.9982E-005 0.897075 9.9982E-005
9.9982E-005 0.974199 9.9982E-005 0.0256013
9.9982E-005 0.956441 9.9982E-005 0.0433589
9.9982E-005 0.978362 9.9982E-005 0.0214384
9.9982E-005 0.992154 0.00764578 9.9982E-005
9.99821E-005 0.973899 9.99821E-005 0.0259006
0.0345153 0.962125 9.9991E-005 0.00325998
0.0424286 0.957371 9.99821E-005 9.99821E-005
9.9991E-005 0.96205 0.0100325 0.0278177
0.0397864 0.960014 9.9982E-005 9.9982E-005
9.9982E-005 0.962738 0.0370615 9.9982E-005
9.998E-005 0.9997 9.998E-005 9.998E-005
0.0115673 0.944948 9.9991E-005 0.0433849
9.998E-005 0.9997 9.998E-005 9.998E-005
9.9982E-005 0.974029 9.9982E-005 0.0257708
9.9982E-005 0.991061 9.9982E-005 0.008739
0.0334859 0.9438 0.0226141 9.9991E-005
9.9982E-005 0.91772 9.9982E-005 0.0820805
9.9991E-005 0.977729 0.0202618 0.0019094
9.9982E-005 0.998895 9.9982E-005 0.000905472
0.0460337 0.928965 9.9991E-005 0.0249018
9.9982E-005 0.985941 9.9982E-005 0.013859
0.0100693 0.928068 0.0173086 0.044554
9.9982E-005 0.977624 9.9982E-005 0.0221758
0.0436708 0.945087 9.9991E-005 0.0111423
9.9982E-005 0.978501 9.9982E-005 0.0212989
0.0478558 0.951944 9.9982E-005 9.9982E-005
0.0734049 0.27984 0.0117875 0.634967
0.209052 0.241992 0.131755 0.417201
0.0840072 0.400138 0.0500346 0.46582
0.135854 9.9991E-005 0.770508 0.0935374
0.0568814 0.0286103 0.905809 0.00869963
0.104276 9.9991E-005 0.855843 0.0397811
0.132553 9.9991E-005 0.819201 0.0481463
0.0666558 9.9991E-005 0.902403 0.0308411
0.093903 9.99882E-005 0.905897 9.99882E-005
0.208944 9.9991E-005 0.725962 0.0649945
0.0569314 9.9982E-005 0.942869 9.9982E-005
0.0335725 9.9982E-005 0.966228 9.9982E-005
0.151619 0.00141333 0.825114 0.0218535
0.193411 0.51283 0.293658 9.9991E-005
0.261212 0.136062 0.54414 0.0585852
0.197382 0.417161 0.303155 0.0823025
0.107775 0.336102 0.197882 0.358241
0.101892 0.18423 0.255393 0.458485
9.99822E-005 0.959624 9.99822E-005 0.0401762
9.99821E-005 0.972931 9.99821E-005 0.026869
9.99821E-005 0.99289 0.00690958 9.99821E-005
0.0183578 0.944301 0.035609 0.00173172
9.998E-005 0.9997 9.998E-005 9.998E-005
0.0175623 0.982238 9.9982E-005 9.9982E-005
9.9982E-005 0.965078 9.9982E-005 0.0347218
9.9991E-005 0.955059 0.0044286 0.0404129
0.00052968 0.99927 9.9982E-005 9.9982E-005
9.9991E-005 0.955126 0.025003 0.0197711
9.9982E-005 0.962556 9.9982E-005 0.0372437
9.998E-005 0.9997 9.998E-005 9.998E-005
9.9982E-005 0.9663 9.9982E-005 0.0335003
0.0350324 0.941751 0.0208117 0.00240454
0.0460328 0.953767 9.9982E-005 9.9982E-005
0.0135119 0.986288 9.99821E-005 9.99821E-005
0.418812 0.042393 0.454717 0.0840783
0.45255 0.0518335 0.471507 0.0241097
0.446127 0.011957 0.456964 0.084952
9.9982E-005 0.00837533 0.991425 9.9982E-005
0.0428761 9.9982E-005 0.956924 9.9982E-005
0.039794 0.00843146 0.951675 9.9991E-005
0.102273 9.9982E-005 0.897527 9.9982E-005
0.124776 0.216404 0.241781 0.417038
0.138887 0.212398 0.241948 0.406766
0.0850198 0.206211 0.317279 0.39149
0.445851 0.0479023 0.44222 0.0640267
0.447418 0.0694849 0.446872 0.036225
0.369124 0.120624 0.445543 0.0647093
0.448821 0.113508 0.382326 0.055345
