0.885915 0.0380781 9.99551E-005 9.99551E-005 9.99551E-005 9.99551E-005 0.0169403 9.99551E-005 0.0040777 0.0354472 0.0190417
0.987674 9.99192E-005 9.99192E-005 9.99192E-005 9.99192E-005 9.99192E-005 0.011427 9.99192E-005 9.99192E-005 9.99192E-005 9.99192E-005
0.877115 9.99281E-005 9.99281E-005 9.99281E-005 9.99281E-005 9.99281E-005 0.0390057 9.99281E-005 9.99281E-005 9.99281E-005 0.08308
0.690006 0.0565096 9.99462E-005 0.0680481 9.99462E-005 9.99462E-005 9.99462E-005 0.108742 9.99462E-005 0.0760943 9.99462E-005
0.856917 9.99372E-005 9.99372E-005 9.99372E-005 9.99372E-005 9.99372E-005 0.0191256 9.99372E-005 9.99372E-005 0.116764 0.00649418
0.999001 9.99101E-005 9.99101E-005 9.99101E-005 9.99101E-005 9.99101E-005 9.99101E-005 9.99101E-005 9.99101E-005 9.99101E-005 9.99101E-005
0.993813 9.99191E-005 9.99191E-005 9.99191E-005 9.99191E-005 9.99191E-005 0.00528787 9.99191E-005 9.99191E-005 9.99191E-005 9.99191E-005
0.725602 9.99551E-005 9.99551E-005 0.0708636 9.99551E-005 0.132738 9.99551E-005 0.017123 0.00864253 0.0445312 9.99551E-005
0.82247 9.99461E-005 9.99461E-005 0.0440284 0.085896 9.99461E-005 9.99461E-005 0.0372937 0.00971233 9.99461E-005 9.99461E-005
0.844128 9.99281E-005 9.99281E-005 0.057706 0.0973661 9.99281E-005 9.99281E-005 9.99281E-005 9.99281E-005 9.99281E-005 9.99281E-005
0.873372 9.99281E-005 9.99281E-005 9.99281E-005 0.0648858 9.99281E-005 9.99281E-005 9.99281E-005 0.0609427 9.99281E-005 9.99281E-005
0.557629 9.99641E-005 0.00304184 0.177998 9.99641E-005 9.99641E-005 0.0479354 0.0389157 9.99641E-005 0.158636 0.0154445
0.621477 0.0192274 9.99731E-005 0.0242095 9.99731E-005 0.1182 0.00885296 9.99731E-005 0.0102876 0.0718052 0.125641
0.656843 9.99462E-005 9.99462E-005 9.99462E-005 0.0335986 9.99462E-005 9.99462E-005 0.0927631 9.99462E-005 0.139018 0.0771768
0.391279 9.99731E-005 0.0100117 0.0610561 9.99731E-005 0.199183 9.99731E-005 0.09207 0.0988541 0.0936227 0.0536235
0.484386 9.99731E-005 0.0135459 0.148564 9.99731E-005 0.0504931 9.99731E-005 0.044875 0.00881663 0.0605225 0.188496
0.552674 9.99551E-005 9.99551E-005 0.126843 9.99551E-005 9.99551E-005 0.00680592 0.0886864 9.99551E-005 0.130179 0.0943127
0.486213 9.9964E-005 0.00458791 0.0958932 9.9964E-005 0.0276427 9.9964E-005 9.9964E-005 0.0591286 0.0647108 0.261424
0.0716296 9.99641E-005 0.00233582 0.270173 9.99641E-005 9.99641E-005 0.556852 0.00216981 9.99641E-005 0.0315563 0.0648833
0.0556188 9.99372E-005 9.99372E-005 0.901836 9.99372E-005 9.99372E-005 0.0300593 9.99372E-005 9.99372E-005 0.0117863 9.99372E-005
9.99192E-005 9.99192E-005 9.99192E-005 0.901566 9.99192E-005 9.99192E-005 0.0975346 9.99192E-005 9.99192E-005 9.99192E-005 9.99192E-005
0.0486887 0.0416677 9.995E-005 0.632592 0.00634817 9.995E-005 0.238504 9.995E-005 9.995E-005 0.0316992 9.995E-005
9.99371E-005 9.99371E-005 9.99371E-005 0.879951 0.0375803 9.99371E-005 0.0432779 9.99371E-005 0.038491 9.99371E-005 9.99371E-005
9.99101E-005 9.99101E-005 9.99101E-005 9.99101E-005 9.99101E-005 9.99101E-005 0.999001 9.99101E-005 9.99101E-005 9.99101E-005 9.99101E-005
9.99101E-005 9.99101E-005 9.99101E-005 9.99101E-005 9.99101E-005 9.99101E-005 0.999001 9.99101E-005 9.99101E-005 9.99101E-005 9.99101E-005
9.99101E-005 9.99101E-005 9.99101E-005 9.99101E-005 9.99101E-005 9.99101E-005 0.999001 9.99101E-005 9.99101E-005 9.99101E-005 9.99101E-005
9.99551E-005 9.99551E-005 0.029073 0.71827 0.0107053 9.99551E-005 0.07657 0.0862923 9.99551E-005 0.0785895 9.99551E-005
9.99281E-005 0.043327 9.99281E-005 0.194669 9.99281E-005 9.99281E-005 0.761204 9.99281E-005 9.99281E-005 9.99281E-005 9.99281E-005
9.99372E-005 9.99372E-005 9.99372E-005 0.903277 9.99372E-005 9.99372E-005 0.0440303 0.0295298 9.99372E-005 9.99372E-005 0.0224631
9.99101E-005 9.99101E-005 9.99101E-005 9.99101E-005 9.99101E-005 9.99101E-005 0.999001 9.99101E-005 9.99101E-005 9.99101E-005 9.99101E-005
0.0653531 9.99371E-005 9.99371E-005 0.686279 9.99371E-005 0.0848139 0.162855 9.99371E-005 9.99371E-005 9.99371E-005 9.99371E-005
9.99102E-005 9.99102E-005 9.99102E-005 9.99102E-005 9.99102E-005 9.99102E-005 0.999001 9.99102E-005 9.99102E-005 9.99102E-005 9.99102E-005
9.99372E-005 9.99372E-005 9.99372E-005 0.785841 9.99372E-005 9.99372E-005 0.121935 9.99372E-005 9.99372E-005 0.00329254 0.088232
9.99372E-005 9.99372E-005 0.0118726 0.715563 0.0063529 9.99372E-005 0.265512 9.99372E-005 9.99372E-005 9.99372E-005 9.99372E-005
9.99461E-005 9.99461E-005 9.99461E-005 0.721688 0.021981 0.0669775 0.154949 9.99461E-005 9.99461E-005 0.0338052 9.99461E-005
0.0171368 9.99282E-005 9.99282E-005 0.853568 9.99282E-005 9.99282E-005 0.128496 9.99282E-005 9.99282E-005 9.99282E-005 9.99282E-005
0.000591338 9.99551E-005 0.0195259 0.794705 9.99551E-005 9.99551E-005 0.0942591 0.0707035 0.0197152 9.99551E-005 9.99551E-005
0.0910782 9.99641E-005 0.0374064 0.0117621 0.0434458 0.0246514 9.99641E-005 9.99641E-005 9.99641E-005 0.723528 0.0677285
9.99102E-005 9.99102E-005 9.99102E-005 9.99102E-005 9.99102E-005 9.99102E-005 9.99102E-005 9.99102E-005 9.99102E-005 0.999001 9.99102E-005
0.0124125 0.0222673 0.0118838 9.99641E-005 0.0301845 9.99641E-005 0.0225802 9.99641E-005 9.99641E-005 0.805113 0.0951587
9.99282E-005 9.99282E-005 9.99282E-005 9.99282E-005 9.99282E-005 9.99282E-005 9.99282E-005 9.99282E-005 0.0151002 0.840691 0.14341
9.99372E-005 9.99372E-005 0.0300132 9.99372E-005 9.99372E-005 9.99372E-005 0.0298776 9.99372E-005 9.99372E-005 0.737725 0.201685
9.99282E-005 9.99282E-005 9.99282E-005 9.99282E-005 9.99282E-005 9.99282E-005 9.99282E-005 0.0182396 9.99282E-005 0.943841 0.03712
9.99282E-005 9.99282E-005 0.00127105 9.99282E-005 9.99282E-005 9.99282E-005 9.99282E-005 9.99282E-005 9.99282E-005 0.768759 0.229171
0.0272805 9.99551E-005 9.99551E-005 9.99551E-005 9.99551E-005 0.0121359 0.0254156 0.0470897 9.99551E-005 0.810186 0.0773926
9.99282E-005 9.99282E-005 9.99282E-005 9.99282E-005 9.99282E-005 9.99282E-005 0.0207659 9.99282E-005 9.99282E-005 0.915901 0.0625336
0.133949 9.99641E-005 9.99641E-005 9.99641E-005 0.083508 0.205527 0.0394077 0.456513 9.99641E-005 0.0688643 0.0118314
9.99108E-005 9.99108E-005 9.99108E-005 9.99108E-005 9.99108E-005 9.99108E-005 9.99108E-005 9.99108E-005 0.999001 9.99108E-005 9.99108E-005
9.99278E-005 9.99278E-005 9.99278E-005 9.99278E-005 0.0334826 9.99278E-005 9.99278E-005 9.99278E-005 0.915872 0.049846 9.99278E-005
9.99193E-005 9.99193E-005 9.99193E-005 9.99193E-005 9.99193E-005 9.99193E-005 9.99193E-005 0.915102 9.99193E-005 9.99193E-005 0.083999
9.99278E-005 9.99278E-005 9.99278E-005 9.99278E-005 0.131489 9.99278E-005 9.99278E-005 0.334881 0.532831 9.99278E-005 9.99278E-005
9.99192E-005 9.99192E-005 9.99192E-005 9.99192E-005 9.99192E-005 9.99192E-005 0.0302698 0.968831 9.99192E-005 9.99192E-005 9.99192E-005
9.99551E-005 9.99551E-005 0.0149824 0.0855572 0.00142574 0.0771178 9.99551E-005 0.795499 9.99551E-005 0.0249181 9.99551E-005
0.0536787 0.0510118 9.99641E-005 9.99641E-005 9.99641E-005 0.0135646 0.0203021 0.748005 0.0133402 0.0996974 9.99641E-005
0.0264731 0.026464 9.99372E-005 9.99372E-005 0.000225089 9.99372E-005 9.99372E-005 0.946138 9.99372E-005 9.99372E-005 9.99372E-005
0.0110869 9.99193E-005 9.99193E-005 9.99193E-005 9.99193E-005 9.99193E-005 9.99193E-005 0.988014 9.99193E-005 9.99193E-005 9.99193E-005
9.9955E-005 0.00475259 0.0465046 9.9955E-005 0.0126011 9.9955E-005 0.0404214 0.809668 9.9955E-005 9.9955E-005 0.0855526
0.0776565 9.99192E-005 9.99192E-005 9.99192E-005 9.99192E-005 9.99192E-005 9.99192E-005 0.921444 9.99192E-005 9.99192E-005 9.99192E-005
9.99192E-005 9.99192E-005 9.99192E-005 9.99192E-005 0.0123261 9.99192E-005 9.99192E-005 0.986775 9.99192E-005 9.99192E-005 9.99192E-005
9.99372E-005 9.99372E-005 9.99372E-005 0.0645569 0.000662595 0.00308586 9.99372E-005 0.930995 9.99372E-005 9.99372E-005 9.99372E-005
9.99103E-005 9.99103E-005 9.99103E-005 9.99103E-005 9.99103E-005 0.999001 9.99103E-005 9.99103E-005 9.99103E-005 9.99103E-005 9.99103E-005
9.99282E-005 9.99282E-005 0.0206196 0.0776227 9.99282E-005 0.900958 9.99282E-005 9.99282E-005 9.99282E-005 9.99282E-005 9.99282E-005
9.99462E-005 0.115585 9.99462E-005 9.99462E-005 9.99462E-005 0.777623 0.0151157 0.0393244 9.99462E-005 0.0517519 9.99462E-005
9.99102E-005 0.999001 9.99102E-005 9.99102E-005 9.99102E-005 9.99102E-005 9.99102E-005 9.99102E-005 9.99102E-005 9.99102E-005 9.99102E-005
9.99371E-005 0.840541 0.0273818 9.99371E-005 0.114449 9.99371E-005 0.016929 9.99371E-005 9.99371E-005 9.99371E-005 9.99371E-005
9.99283E-005 9.99283E-005 0.982512 9.99283E-005 9.99283E-005 0.00436538 0.0123237 9.99283E-005 9.99283E-005 9.99283E-005 9.99283E-005
9.99101E-005 9.99101E-005 0.999001 9.99101E-005 9.99101E-005 9.99101E-005 9.99101E-005 9.99101E-005 9.99101E-005 9.99101E-005 9.99101E-005
9.99372E-005 0.827645 0.103547 9.99372E-005 9.99372E-005 0.0418255 9.99372E-005 9.99372E-005 9.99372E-005 0.0262829 9.99372E-005
9.99371E-005 0.961788 0.0168971 9.99371E-005 0.0167513 9.99371E-005 9.99371E-005 0.00386429 9.99371E-005 9.99371E-005 9.99371E-005
9.99371E-005 9.99371E-005 0.939835 9.99371E-005 9.99371E-005 0.0180378 9.99371E-005 9.99371E-005 9.99371E-005 0.00469525 0.0367325
9.99102E-005 9.99102E-005 0.999001 9.99102E-005 9.99102E-005 9.99102E-005 9.99102E-005 9.99102E-005 9.99102E-005 9.99102E-005 9.99102E-005
9.99102E-005 0.999001 9.99102E-005 9.99102E-005 9.99102E-005 9.99102E-005 9.99102E-005 9.99102E-005 9.99102E-005 9.99102E-005 9.99102E-005
9.99372E-005 9.99372E-005 0.959243 9.99372E-005 9.99372E-005 9.99372E-005 0.00118505 0.0292805 9.99372E-005 0.00959148 9.99372E-005
9.99281E-005 0.0415208 0.953305 9.99281E-005 9.99281E-005 9.99281E-005 9.99281E-005 9.99281E-005 0.00437516 9.99281E-005 9.99281E-005
9.99103E-005 9.99103E-005 0.999001 9.99103E-005 9.99103E-005 9.99103E-005 9.99103E-005 9.99103E-005 9.99103E-005 9.99103E-005 9.99103E-005
9.99192E-005 0.157626 0.841475 9.99192E-005 9.99192E-005 9.99192E-005 9.99192E-005 9.99192E-005 9.99192E-005 9.99192E-005 9.99192E-005
9.99281E-005 9.99281E-005 0.951836 9.99281E-005 0.0181297 9.99281E-005 0.0292352 9.99281E-005 9.99281E-005 9.99281E-005 9.99281E-005
9.99283E-005 9.99283E-005 9.99283E-005 0.930521 9.99283E-005 9.99283E-005 9.99283E-005 9.99283E-005 0.00252216 9.99283E-005 0.0661571
9.99461E-005 0.0311101 9.99461E-005 9.99461E-005 9.99461E-005 9.99461E-005 0.0153723 9.99461E-005 0.00318806 0.82607 0.12366
0.00461713 9.99371E-005 9.99371E-005 9.99371E-005 9.99371E-005 9.99371E-005 0.0379122 9.99371E-005 9.99371E-005 0.928124 0.0286468
9.99282E-005 9.99282E-005 0.0597265 9.99282E-005 0.932232 0.00724194 9.99282E-005 9.99282E-005 9.99282E-005 9.99282E-005 9.99282E-005
9.99372E-005 0.0293366 0.0603964 9.99372E-005 0.901614 9.99372E-005 9.99372E-005 9.99372E-005 0.00795372 9.99372E-005 9.99372E-005
9.99282E-005 0.0656336 0.0129861 9.99282E-005 0.920581 9.99282E-005 9.99282E-005 9.99282E-005 9.99282E-005 9.99282E-005 9.99282E-005
9.99282E-005 9.99282E-005 9.99282E-005 9.99282E-005 0.945982 9.99282E-005 9.99282E-005 0.00720321 9.99282E-005 9.99282E-005 0.0460157
9.99282E-005 9.99282E-005 0.0084784 9.99282E-005 0.890064 0.100659 9.99282E-005 9.99282E-005 9.99282E-005 9.99282E-005 9.99282E-005
9.99282E-005 0.113218 9.99282E-005 9.99282E-005 0.876945 9.99282E-005 0.00903754 9.99282E-005 9.99282E-005 9.99282E-005 9.99282E-005
9.99462E-005 0.0275521 0.00830688 0.00857923 0.907977 9.99462E-005 0.0469851 9.99462E-005 9.99462E-005 9.99462E-005 9.99462E-005
0.0105987 9.99551E-005 0.00503726 9.99551E-005 0.895207 0.0184882 9.99551E-005 0.0510753 9.99551E-005 0.0190937 9.99551E-005
9.99282E-005 9.99282E-005 9.99282E-005 0.0782007 0.911719 9.99282E-005 9.99282E-005 0.00928068 9.99282E-005 9.99282E-005 9.99282E-005
0.0346458 9.99371E-005 9.99371E-005 9.99371E-005 0.929196 9.99371E-005 9.99371E-005 0.0235082 9.99371E-005 9.99371E-005 0.0119509
9.99283E-005 9.99283E-005 9.99283E-005 9.99283E-005 0.957071 9.99283E-005 0.0042346 9.99283E-005 9.99283E-005 9.99283E-005 0.0378946
9.99462E-005 0.0291673 0.0144032 9.99462E-005 0.846288 9.99462E-005 9.99462E-005 0.06958 0.0399618 9.99462E-005 9.99462E-005
9.99282E-005 0.079488 9.99282E-005 9.99282E-005 0.88191 9.99282E-005 9.99282E-005 0.0378022 9.99282E-005 9.99282E-005 9.99282E-005
9.99192E-005 9.99192E-005 0.060617 9.99192E-005 0.938484 9.99192E-005 9.99192E-005 9.99192E-005 9.99192E-005 9.99192E-005 9.99192E-005
9.99192E-005 9.99192E-005 9.99192E-005 9.99192E-005 0.893167 0.105933 9.99192E-005 9.99192E-005 9.99192E-005 9.99192E-005 9.99192E-005
9.99461E-005 9.99461E-005 9.99461E-005 9.99461E-005 0.880051 0.0214889 0.0172269 9.99461E-005 0.0297943 9.99461E-005 0.0508393
9.99282E-005 0.00421495 0.0806874 9.99282E-005 0.914298 9.99282E-005 9.99282E-005 9.99282E-005 9.99282E-005 9.99282E-005 9.99282E-005
9.99551E-005 0.00037387 0.000742576 9.99551E-005 0.929273 0.0373448 9.99551E-005 9.99551E-005 9.99551E-005 0.0144777 0.0172883
9.99462E-005 0.0114963 0.000402287 9.99462E-005 0.924039 0.0605442 9.99462E-005 0.00291881 9.99462E-005 9.99462E-005 9.99462E-005
9.99372E-005 0.0469842 9.99372E-005 0.0756173 0.860375 9.99372E-005 9.99372E-005 9.99372E-005 0.0163235 9.99372E-005 9.99372E-005
9.99282E-005 0.0495982 9.99282E-005 0.0299553 0.919647 9.99282E-005 9.99282E-005 9.99282E-005 9.99282E-005 9.99282E-005 9.99282E-005
9.99462E-005 0.0337803 0.0334045 9.99462E-005 0.865632 0.0160699 9.99462E-005 9.99462E-005 9.99462E-005 9.99462E-005 0.0505137
0.0334352 0.0216765 9.99282E-005 9.99282E-005 0.944089 9.99282E-005 9.99282E-005 9.99282E-005 9.99282E-005 9.99282E-005 9.99282E-005
9.99461E-005 9.99461E-005 9.99461E-005 9.99461E-005 0.841652 0.0273447 0.026025 0.087654 0.0167243 9.99461E-005 9.99461E-005
9.99192E-005 9.99192E-005 9.99192E-005 9.99192E-005 0.9128 0.0863006 9.99192E-005 9.99192E-005 9.99192E-005 9.99192E-005 9.99192E-005
0.023892 9.99461E-005 9.99461E-005 9.99461E-005 0.887414 9.99461E-005 0.0156224 0.0456938 0.0267777 9.99461E-005 9.99461E-005
9.99192E-005 0.974248 9.99192E-005 9.99192E-005 9.99192E-005 0.0248527 9.99192E-005 9.99192E-005 9.99192E-005 9.99192E-005 9.99192E-005
9.9946E-005 0.633822 9.9946E-005 0.226552 9.9946E-005 0.0760548 0.0110056 9.9946E-005 0.051966 9.9946E-005 9.9946E-005
9.99372E-005 0.854655 9.99372E-005 9.99372E-005 0.0966408 9.99372E-005 9.99372E-005 0.0363119 9.99372E-005 0.0116931 9.99372E-005
0.0254896 9.99551E-005 0.052591 0.116417 9.99551E-005 9.99551E-005 9.99551E-005 9.99551E-005 0.0102932 0.0365161 0.758193
9.99101E-005 9.99101E-005 9.99101E-005 9.99101E-005 9.99101E-005 9.99101E-005 9.99101E-005 9.99101E-005 9.99101E-005 9.99101E-005 0.999001
9.99282E-005 9.99282E-005 9.99282E-005 9.99282E-005 9.99282E-005 9.99282E-005 9.99282E-005 0.0259152 9.99282E-005 0.00709165 0.966194
9.99191E-005 9.99191E-005 9.99191E-005 9.99191E-005 9.99191E-005 9.99191E-005 0.00900552 9.99191E-005 9.99191E-005 9.99191E-005 0.990095
9.99193E-005 9.99193E-005 9.99193E-005 9.99193E-005 9.99193E-005 9.99193E-005 9.99193E-005 9.99193E-005 9.99193E-005 0.0717984 0.927302
9.99102E-005 9.99102E-005 9.99102E-005 9.99102E-005 9.99102E-005 9.99102E-005 9.99102E-005 9.99102E-005 9.99102E-005 9.99102E-005 0.999001
0.077653 0.0302153 0.00643185 0.117158 9.9982E-005 9.9982E-005 0.0274516 0.0074861 0.0281265 0.17708 0.528197
9.99282E-005 9.99282E-005 9.99282E-005 9.99282E-005 9.99282E-005 9.99282E-005 0.00133078 9.99282E-005 0.0161024 0.981767 9.99282E-005
9.99102E-005 9.99102E-005 9.99102E-005 9.99102E-005 9.99102E-005 9.99102E-005 9.99102E-005 9.99102E-005 9.99102E-005 0.999001 9.99102E-005
9.99372E-005 0.00724634 0.0283586 9.99372E-005 9.99372E-005 9.99372E-005 0.0729751 9.99372E-005 9.99372E-005 0.89072 9.99372E-005
9.99462E-005 9.99462E-005 9.99462E-005 0.354583 0.461838 9.99462E-005 0.00918091 9.99462E-005 9.99462E-005 0.0016213 0.172177
0.404394 0.0291783 9.9982E-005 0.15811 0.048833 9.9982E-005 0.0491813 0.134916 0.0622282 0.0331276 0.0798307
0.0960578 0.0271174 0.0357816 9.99639E-005 0.0624509 9.99639E-005 0.0347952 9.99639E-005 0.725006 9.99639E-005 0.0183909
9.99192E-005 9.99192E-005 9.99192E-005 9.99192E-005 0.0562153 0.942885 9.99192E-005 9.99192E-005 9.99192E-005 9.99192E-005 9.99192E-005
0.0328061 9.99371E-005 0.0377102 9.99371E-005 9.99371E-005 0.918297 9.99371E-005 0.0104869 9.99371E-005 9.99371E-005 9.99371E-005
9.99186E-005 9.99186E-005 9.99186E-005 9.99186E-005 0.350914 9.99186E-005 9.99186E-005 9.99186E-005 0.648186 9.99186E-005 9.99186E-005
9.99462E-005 0.0845462 9.99462E-005 9.99462E-005 0.882462 9.99462E-005 0.000148447 0.0320081 9.99462E-005 9.99462E-005 0.000235971
0.00483794 9.99372E-005 9.99372E-005 9.99372E-005 0.96499 9.99372E-005 9.99372E-005 9.99372E-005 9.99372E-005 0.0266857 0.00278641
0.0130536 0.0814303 9.99551E-005 0.028617 0.823163 9.99551E-005 9.99551E-005 0.00233865 0.0508974 9.99551E-005 9.99551E-005
9.99193E-005 9.99193E-005 9.99193E-005 9.99193E-005 0.983556 9.99193E-005 9.99193E-005 9.99193E-005 9.99193E-005 0.0155446 9.99193E-005
9.99371E-005 9.99371E-005 9.99371E-005 9.99371E-005 0.91857 9.99371E-005 9.99371E-005 0.0314949 0.0120141 9.99371E-005 0.0372211
9.99462E-005 0.0288185 0.0198328 9.99462E-005 0.912889 0.0112355 9.99462E-005 0.0266242 9.99462E-005 9.99462E-005 9.99462E-005
9.99372E-005 9.99372E-005 0.0380717 9.99372E-005 0.924719 9.99372E-005 0.00357254 9.99372E-005 9.99372E-005 9.99372E-005 0.032937
9.99104E-005 9.99104E-005 9.99104E-005 9.99104E-005 0.999001 9.99104E-005 9.99104E-005 9.99104E-005 9.99104E-005 9.99104E-005 9.99104E-005
9.99282E-005 0.0670934 9.99282E-005 9.99282E-005 0.893737 9.99282E-005 9.99282E-005 9.99282E-005 9.99282E-005 0.03837 9.99282E-005
9.99462E-005 0.0961737 0.00265901 9.99462E-005 0.881831 9.99462E-005 0.0017019 0.0170343 9.99462E-005 9.99462E-005 9.99462E-005
9.99283E-005 9.99283E-005 9.99283E-005 9.99283E-005 0.93726 0.0540192 9.99283E-005 9.99283E-005 9.99283E-005 9.99283E-005 0.00792137
9.99462E-005 0.00504769 0.0346547 0.0387107 0.916024 9.99462E-005 9.99462E-005 9.99462E-005 9.99462E-005 0.0049629 9.99462E-005
9.99282E-005 0.0458252 9.99282E-005 0.0991635 0.854212 9.99282E-005 9.99282E-005 9.99282E-005 9.99282E-005 9.99282E-005 9.99282E-005
9.99462E-005 9.99462E-005 0.0144554 0.0412622 0.922019 9.99462E-005 0.019949 0.00171436 9.99462E-005 9.99462E-005 9.99462E-005
9.99283E-005 9.99283E-005 9.99283E-005 9.99283E-005 0.907446 9.99283E-005 9.99283E-005 0.0796816 0.0120726 9.99283E-005 9.99283E-005
0.0362781 9.99641E-005 0.0674158 0.665908 0.00353468 9.99641E-005 0.0661953 9.99641E-005 9.99641E-005 0.0152178 0.14505
0.122176 0.00287109 0.00440043 0.816616 9.99641E-005 9.99641E-005 0.0196628 9.99641E-005 9.99641E-005 0.0178058 0.0160679
0.149839 0.0631736 9.99461E-005 0.633781 9.99461E-005 9.99461E-005 0.0722833 9.99461E-005 9.99461E-005 0.0803235 9.99461E-005
9.99193E-005 9.99193E-005 9.99193E-005 9.99193E-005 0.00513264 9.99193E-005 9.99193E-005 9.99193E-005 9.99193E-005 0.993968 9.99193E-005
9.99192E-005 9.99192E-005 9.99192E-005 9.99192E-005 9.99192E-005 9.99192E-005 0.0218746 9.99192E-005 9.99192E-005 0.977226 9.99192E-005
9.99373E-005 9.99373E-005 9.99373E-005 0.0310052 9.99373E-005 9.99373E-005 9.99373E-005 0.0354266 9.99373E-005 0.92064 0.0122282
9.99371E-005 9.99371E-005 9.99371E-005 9.99371E-005 9.99371E-005 0.0407789 0.0354914 9.99371E-005 9.99371E-005 0.866489 0.0565411
9.99103E-005 9.99103E-005 9.99103E-005 9.99103E-005 9.99103E-005 0.999001 9.99103E-005 9.99103E-005 9.99103E-005 9.99103E-005 9.99103E-005
9.99102E-005 9.99102E-005 9.99102E-005 9.99102E-005 9.99102E-005 0.999001 9.99102E-005 9.99102E-005 9.99102E-005 9.99102E-005 9.99102E-005
9.99462E-005 0.00717406 9.99462E-005 0.00366185 9.99462E-005 0.955182 9.99462E-005 9.99462E-005 9.99462E-005 0.0014054 0.0319772
0.022502 0.031857 9.99641E-005 0.836029 9.99641E-005 9.99641E-005 0.0284793 0.0100076 9.99641E-005 0.023086 0.047639
0.0129693 0.023441 9.99462E-005 0.947712 9.99462E-005 9.99462E-005 9.99462E-005 9.99462E-005 0.0114199 0.00385809 9.99462E-005
0.0874862 9.99731E-005 0.0162955 0.743315 0.0488854 0.0481719 0.0187874 0.00930658 9.99731E-005 9.99731E-005 0.027452
9.99372E-005 9.99372E-005 9.99372E-005 0.881823 0.0282921 0.0834077 9.99372E-005 9.99372E-005 0.00577757 9.99372E-005 9.99372E-005
