9.99282E-005 9.99282E-005 0.0193485 9.99282E-005 9.99282E-005 9.99282E-005 0.0418029 0.938049 9.99282E-005 9.99282E-005 9.99282E-005
9.99191E-005 9.99191E-005 0.0102915 9.99191E-005 9.99191E-005 9.99191E-005 9.99191E-005 0.988809 9.99191E-005 9.99191E-005 9.99191E-005
9.99281E-005 9.99281E-005 0.0261249 9.99281E-005 9.99281E-005 9.99281E-005 0.087055 0.886021 9.99281E-005 9.99281E-005 9.99281E-005
9.99551E-005 9.99551E-005 0.00490566 0.0802909 0.0471055 0.0673471 9.99551E-005 0.732091 9.99551E-005 9.99551E-005 0.0677599
9.99371E-005 9.99371E-005 0.00993148 9.99371E-005 9.99371E-005 0.0766878 0.0409794 0.871702 9.99371E-005 9.99371E-005 9.99371E-005
9.99101E-005 9.99101E-005 9.99101E-005 9.99101E-005 9.99101E-005 9.99101E-005 9.99101E-005 0.999001 9.99101E-005 9.99101E-005 9.99101E-005
9.99191E-005 9.99191E-005 0.00138467 9.99191E-005 9.99191E-005 9.99191E-005 9.99191E-005 0.997716 9.99191E-005 9.99191E-005 9.99191E-005
9.99551E-005 0.0114575 9.99551E-005 0.076697 9.99551E-005 0.0514402 9.99551E-005 0.727092 9.99551E-005 0.0239 0.108913
0.00613039 9.99461E-005 9.99461E-005 0.0434623 0.0674195 9.99461E-005 9.99461E-005 0.828534 9.99461E-005 9.99461E-005 0.053854
9.99371E-005 9.99371E-005 9.99371E-005 9.99371E-005 0.0752139 9.99371E-005 9.99371E-005 0.811296 0.0127201 9.99371E-005 0.100071
0.0632866 0.0562635 9.99282E-005 9.99282E-005 9.99282E-005 9.99282E-005 9.99282E-005 0.879651 9.99282E-005 9.99282E-005 9.99282E-005
9.99552E-005 9.99552E-005 0.0649129 0.00390111 9.99552E-005 0.157797 0.0260119 0.584527 9.99552E-005 9.99552E-005 0.16235
9.99731E-005 0.00145795 9.99731E-005 0.0717765 9.99731E-005 0.0368789 0.120005 0.691795 0.031447 0.00209248 0.0442478
0.0753658 9.99462E-005 9.99462E-005 9.99462E-005 9.99462E-005 0.14933 0.0918155 0.65802 9.99462E-005 0.0248687 9.99462E-005
9.99731E-005 0.0598403 9.99731E-005 0.179293 0.0858182 0.0840292 0.0434648 0.407616 9.99731E-005 0.000550801 0.139088
9.99551E-005 0.00637341 9.99551E-005 0.145706 9.99551E-005 0.0436646 0.219484 0.466116 9.99551E-005 9.99551E-005 0.118158
9.99551E-005 9.99551E-005 0.00946041 0.0689905 9.99551E-005 0.142853 0.085214 0.567642 9.99551E-005 9.99551E-005 0.12534
9.99551E-005 0.0707327 9.99551E-005 0.00703881 9.99551E-005 0.133753 0.231791 0.46886 9.99551E-005 9.99551E-005 0.0873247
0.0374376 9.99551E-005 0.548165 9.99551E-005 9.99551E-005 0.0253297 0.0757116 0.0739277 9.99551E-005 9.99551E-005 0.238929
9.99372E-005 9.99372E-005 0.0551077 9.99372E-005 9.99372E-005 0.0116878 9.99372E-005 0.0410169 9.99372E-005 9.99372E-005 0.891488
9.99282E-005 9.99282E-005 0.112658 9.99282E-005 9.99282E-005 9.99282E-005 0.00445313 9.99282E-005 9.99282E-005 9.99282E-005 0.88209
0.0335527 9.99461E-005 0.257383 9.99461E-005 0.00475773 9.99461E-005 9.99461E-005 0.0649218 9.99461E-005 9.99461E-005 0.638785
0.0519316 0.0279649 0.051108 9.99371E-005 9.99371E-005 9.99371E-005 9.99371E-005 9.99371E-005 9.99371E-005 9.99371E-005 0.868296
9.99101E-005 9.99101E-005 0.999001 9.99101E-005 9.99101E-005 9.99101E-005 9.99101E-005 9.99101E-005 9.99101E-005 9.99101E-005 9.99101E-005
9.99191E-005 9.99191E-005 0.994038 9.99191E-005 9.99191E-005 9.99191E-005 9.99191E-005 9.99191E-005 9.99191E-005 9.99191E-005 0.00506248
9.99101E-005 9.99101E-005 0.999001 9.99101E-005 9.99101E-005 9.99101E-005 9.99101E-005 9.99101E-005 9.99101E-005 9.99101E-005 9.99101E-005
9.99551E-005 9.99551E-005 0.0744863 0.0111657 9.99551E-005 0.0819011 0.0132904 9.99551E-005 0.0700395 9.99551E-005 0.748617
9.99191E-005 9.99191E-005 0.781294 9.99191E-005 9.99191E-005 9.99191E-005 9.99191E-005 9.99191E-005 9.99191E-005 9.99191E-005 0.217807
9.99372E-005 9.99372E-005 0.0419349 0.0425829 9.99372E-005 9.99372E-005 0.0459112 9.99372E-005 9.99372E-005 9.99372E-005 0.868871
9.99101E-005 9.99101E-005 0.999001 9.99101E-005 9.99101E-005 9.99101E-005 9.99101E-005 9.99101E-005 9.99101E-005 9.99101E-005 9.99101E-005
9.99461E-005 9.99461E-005 0.178813 0.0379632 0.00805592 9.99461E-005 9.99461E-005 0.0741731 9.99461E-005 9.99461E-005 0.700395
9.99102E-005 9.99102E-005 0.999001 9.99102E-005 9.99102E-005 9.99102E-005 9.99102E-005 9.99102E-005 9.99102E-005 9.99102E-005 9.99102E-005
9.99282E-005 9.99282E-005 0.10934 9.99282E-005 9.99282E-005 9.99282E-005 0.146819 9.99282E-005 9.99282E-005 9.99282E-005 0.743042
0.0284589 9.99372E-005 0.291473 9.99372E-005 0.0136101 9.99372E-005 9.99372E-005 9.99372E-005 9.99372E-005 9.99372E-005 0.665759
9.994E-005 9.994E-005 0.187767 9.994E-005 0.0782961 0.019864 0.0619929 9.994E-005 9.994E-005 9.994E-005 0.65148
9.99282E-005 9.99282E-005 0.138572 9.99282E-005 9.99282E-005 9.99282E-005 9.99282E-005 0.0409015 9.99282E-005 9.99282E-005 0.819727
9.99551E-005 0.0240959 0.118959 0.0558893 9.99551E-005 9.99551E-005 9.99551E-005 0.0487056 0.0158072 9.99551E-005 0.736044
9.99551E-005 9.99551E-005 9.99551E-005 9.99551E-005 0.0648191 0.710547 0.10658 0.0602717 9.99551E-005 0.00812554 0.0491569
9.99192E-005 0.00744089 9.99192E-005 9.99192E-005 9.99192E-005 0.99166 9.99192E-005 9.99192E-005 9.99192E-005 9.99192E-005 9.99192E-005
9.99552E-005 9.99552E-005 0.0143015 9.99552E-005 0.0334807 0.801403 0.11612 9.99552E-005 9.99552E-005 0.0331028 0.00109213
9.99282E-005 0.0343661 9.99282E-005 9.99282E-005 9.99282E-005 0.834298 0.130536 9.99282E-005 9.99282E-005 9.99282E-005 9.99282E-005
9.99461E-005 0.01656 0.0181687 9.99461E-005 9.99461E-005 0.742522 0.206599 9.99461E-005 9.99461E-005 0.015551 9.99461E-005
9.99282E-005 9.99282E-005 9.99282E-005 0.0122868 9.99282E-005 0.960826 0.0260876 9.99282E-005 9.99282E-005 9.99282E-005 9.99282E-005
9.99192E-005 9.99192E-005 9.99192E-005 9.99192E-005 9.99192E-005 0.779778 0.219322 9.99192E-005 9.99192E-005 9.99192E-005 9.99192E-005
9.99462E-005 9.99462E-005 0.0153146 0.0684837 9.99462E-005 0.822515 0.0517503 9.99462E-005 9.99462E-005 9.99462E-005 0.0413365
9.99282E-005 9.99282E-005 0.000974606 9.99282E-005 9.99282E-005 0.950787 0.0474388 9.99282E-005 9.99282E-005 9.99282E-005 9.99282E-005
9.99641E-005 9.99641E-005 0.0520499 0.669055 0.0180677 0.087879 0.00984088 0.0874708 0.0752367 9.99641E-005 9.99641E-005
9.99108E-005 0.999001 9.99108E-005 9.99108E-005 9.99108E-005 9.99108E-005 9.99108E-005 9.99108E-005 9.99108E-005 9.99108E-005 9.99108E-005
0.0359695 0.915251 9.99368E-005 9.99368E-005 0.00145269 0.0466272 9.99368E-005 9.99368E-005 9.99368E-005 9.99368E-005 9.99368E-005
9.99283E-005 9.99283E-005 9.99283E-005 0.875195 9.99283E-005 9.99283E-005 0.11179 9.99283E-005 9.99283E-005 0.0122161 9.99283E-005
9.99278E-005 0.526987 9.99278E-005 0.332329 9.99278E-005 9.99278E-005 9.99278E-005 9.99278E-005 0.139884 9.99278E-005 9.99278E-005
9.99282E-005 9.99282E-005 0.0193343 0.968226 9.99282E-005 0.0116407 9.99282E-005 9.99282E-005 9.99282E-005 9.99282E-005 9.99282E-005
9.99461E-005 9.99461E-005 9.99461E-005 0.786361 0.0499802 0.0171104 9.99461E-005 9.99461E-005 9.99461E-005 0.0321788 0.113769
0.0436709 9.99461E-005 0.0225944 0.760537 9.99461E-005 0.119903 9.99461E-005 0.052695 9.99461E-005 9.99461E-005 9.99461E-005
9.99283E-005 9.99283E-005 9.99283E-005 0.912893 9.99283E-005 9.99283E-005 9.99283E-005 0.0385211 0.0477868 9.99283E-005 9.99283E-005
0.0247096 9.99282E-005 9.99282E-005 0.906601 9.99282E-005 9.99282E-005 9.99282E-005 0.06789 9.99282E-005 9.99282E-005 9.99282E-005
0.0132831 9.9955E-005 0.0410593 0.763007 9.9955E-005 9.9955E-005 0.0949451 9.9955E-005 0.0382016 0.0490039 9.9955E-005
9.99192E-005 9.99192E-005 9.99192E-005 0.929495 9.99192E-005 9.99192E-005 9.99192E-005 0.0696054 9.99192E-005 9.99192E-005 9.99192E-005
0.0568153 9.99192E-005 9.99192E-005 0.942285 9.99192E-005 9.99192E-005 9.99192E-005 9.99192E-005 9.99192E-005 9.99192E-005 9.99192E-005
9.99282E-005 9.99282E-005 9.99282E-005 0.905197 0.0558914 9.99282E-005 9.99282E-005 9.99282E-005 9.99282E-005 9.99282E-005 0.0381125
9.99462E-005 9.99462E-005 0.00538688 0.508716 0.104867 9.99462E-005 9.99462E-005 9.99462E-005 9.99462E-005 0.229687 0.150743
9.99372E-005 9.99372E-005 9.99372E-005 0.506905 0.0310768 9.99372E-005 9.99372E-005 9.99372E-005 9.99372E-005 0.246071 0.215248
9.99731E-005 9.99731E-005 0.00649954 0.535211 0.0547905 0.0452314 0.00234547 0.0281137 9.99731E-005 0.23643 0.0910786
0.0556748 0.031592 0.0185573 0.159499 0.159853 9.99641E-005 9.99641E-005 0.0092218 9.99641E-005 0.565201 9.99641E-005
0.00169539 9.99641E-005 0.0532439 0.109083 0.0574682 9.99641E-005 0.0111946 9.99641E-005 0.305439 0.461476 9.99641E-005
9.99103E-005 9.99103E-005 9.99103E-005 9.99103E-005 9.99103E-005 9.99103E-005 9.99103E-005 9.99103E-005 9.99103E-005 0.999001 9.99103E-005
9.99101E-005 9.99101E-005 9.99101E-005 9.99101E-005 9.99101E-005 9.99101E-005 9.99101E-005 9.99101E-005 9.99101E-005 0.999001 9.99101E-005
0.054729 9.99641E-005 9.99641E-005 0.120696 0.0884852 0.0302289 9.99641E-005 9.99641E-005 0.0634163 0.563889 0.0781554
0.0584743 9.99461E-005 9.99461E-005 0.199784 0.191416 9.99461E-005 9.99461E-005 9.99461E-005 0.0107631 0.538963 9.99461E-005
9.99191E-005 9.99191E-005 9.99191E-005 9.99191E-005 9.99191E-005 9.99191E-005 0.0374701 9.99191E-005 9.99191E-005 0.961631 9.99191E-005
9.99101E-005 9.99101E-005 9.99101E-005 9.99101E-005 9.99101E-005 9.99101E-005 9.99101E-005 9.99101E-005 9.99101E-005 0.999001 9.99101E-005
0.0220394 9.99551E-005 9.99551E-005 0.131661 0.115419 9.99551E-005 9.99551E-005 9.99551E-005 0.0484893 0.533281 0.148611
9.99102E-005 9.99102E-005 9.99102E-005 9.99102E-005 9.99102E-005 9.99102E-005 9.99102E-005 9.99102E-005 9.99102E-005 0.999001 9.99102E-005
9.99101E-005 9.99101E-005 9.99101E-005 9.99101E-005 9.99101E-005 9.99101E-005 9.99101E-005 9.99101E-005 9.99101E-005 0.999001 9.99101E-005
9.99102E-005 9.99102E-005 9.99102E-005 9.99102E-005 9.99102E-005 9.99102E-005 9.99102E-005 9.99102E-005 9.99102E-005 0.999001 9.99102E-005
9.99192E-005 9.99192E-005 9.99192E-005 9.99192E-005 9.99192E-005 9.99192E-005 9.99192E-005 9.99192E-005 0.00879196 0.990309 9.99192E-005
9.99191E-005 9.99191E-005 0.0219799 9.99191E-005 9.99191E-005 9.99191E-005 9.99191E-005 9.99191E-005 9.99191E-005 0.977121 9.99191E-005
0.00686465 9.99372E-005 9.99372E-005 9.99372E-005 9.99372E-005 0.00899178 0.0646964 9.99372E-005 9.99372E-005 9.99372E-005 0.918748
0.00436032 0.0160338 0.0233496 9.99551E-005 9.99551E-005 0.815408 0.0992478 0.0411009 9.99551E-005 9.99551E-005 9.99551E-005
0.00493995 9.99371E-005 0.0437105 9.99371E-005 9.99371E-005 0.936148 9.99371E-005 0.0145023 9.99371E-005 9.99371E-005 9.99371E-005
9.99282E-005 9.99282E-005 9.99282E-005 9.99282E-005 0.0147858 9.99282E-005 9.99282E-005 9.99282E-005 0.978146 0.00626839 9.99282E-005
9.99282E-005 9.99282E-005 9.99282E-005 9.99282E-005 0.078928 9.99282E-005 9.99282E-005 9.99282E-005 0.902909 0.0173633 9.99282E-005
9.99193E-005 9.99193E-005 9.99193E-005 9.99193E-005 9.99193E-005 9.99193E-005 9.99193E-005 9.99193E-005 0.998098 0.00100312 9.99193E-005
0.0317813 9.99191E-005 9.99191E-005 9.99191E-005 0.967319 9.99191E-005 9.99191E-005 9.99191E-005 9.99191E-005 9.99191E-005 9.99191E-005
0.080455 9.99283E-005 9.99283E-005 0.0463793 9.99283E-005 9.99283E-005 9.99283E-005 9.99283E-005 0.872366 9.99283E-005 9.99283E-005
0.023717 9.99371E-005 0.0144918 9.99371E-005 0.237851 9.99371E-005 9.99371E-005 9.99371E-005 0.723241 9.99371E-005 9.99371E-005
0.113241 9.99373E-005 0.0436229 9.99373E-005 0.140249 9.99373E-005 9.99373E-005 9.99373E-005 0.702188 9.99373E-005 9.99373E-005
0.125175 9.99551E-005 9.99551E-005 0.0397098 0.354409 9.99551E-005 9.99551E-005 0.00638909 0.471768 0.0020492 9.99551E-005
0.0312342 9.99372E-005 9.99372E-005 9.99372E-005 0.0707253 9.99372E-005 9.99372E-005 9.99372E-005 0.823578 9.99372E-005 0.0737634
9.99101E-005 9.99101E-005 9.99101E-005 9.99101E-005 0.999001 9.99101E-005 9.99101E-005 9.99101E-005 9.99101E-005 9.99101E-005 9.99101E-005
9.99101E-005 9.99101E-005 9.99101E-005 9.99101E-005 0.999001 9.99101E-005 9.99101E-005 9.99101E-005 9.99101E-005 9.99101E-005 9.99101E-005
0.0794281 0.0376737 0.00210888 0.0370247 9.99551E-005 9.99551E-005 9.99551E-005 9.99551E-005 0.840825 0.00243988 9.99551E-005
9.99282E-005 9.99282E-005 9.99282E-005 9.99282E-005 0.10615 9.99282E-005 9.99282E-005 0.0128273 0.880224 9.99282E-005 9.99282E-005
0.0743129 9.99281E-005 9.99281E-005 9.99281E-005 0.166124 9.99281E-005 9.99281E-005 9.99281E-005 0.758764 9.99281E-005 9.99281E-005
0.0804222 9.99282E-005 9.99282E-005 9.99282E-005 0.40717 9.99282E-005 9.99282E-005 9.99282E-005 0.511609 9.99282E-005 9.99282E-005
0.080753 0.0152819 0.0158695 9.99551E-005 0.501169 9.99551E-005 0.0393875 9.99551E-005 0.34704 9.99551E-005 9.99551E-005
9.99192E-005 9.99192E-005 9.99192E-005 9.99192E-005 9.99192E-005 9.99192E-005 9.99192E-005 9.99192E-005 0.960276 0.0388244 9.99192E-005
0.0503805 9.99462E-005 9.99462E-005 9.99462E-005 0.0117646 0.00110127 0.031043 9.99462E-005 0.905111 9.99462E-005 9.99462E-005
0.0185361 9.99372E-005 9.99372E-005 0.0121935 0.0793917 9.99372E-005 9.99372E-005 9.99372E-005 0.889179 9.99372E-005 9.99372E-005
0.136949 9.99461E-005 9.99461E-005 9.99461E-005 0.238184 9.99461E-005 9.99461E-005 9.99461E-005 0.54791 0.00564131 0.0707169
0.0728945 9.99282E-005 9.99282E-005 9.99282E-005 9.99282E-005 9.99282E-005 9.99282E-005 9.99282E-005 0.902919 9.99282E-005 0.0233868
9.99372E-005 9.99372E-005 9.99372E-005 9.99372E-005 0.828991 9.99372E-005 0.0137095 9.99372E-005 0.124402 0.0321989 9.99372E-005
0.103163 9.99282E-005 9.99282E-005 9.99282E-005 9.99282E-005 9.99282E-005 9.99282E-005 0.0238735 0.872164 9.99282E-005 9.99282E-005
9.99282E-005 9.99282E-005 0.0039851 0.0922963 9.99282E-005 9.99282E-005 9.99282E-005 9.99282E-005 0.902919 9.99282E-005 9.99282E-005
0.0653186 9.99372E-005 9.99372E-005 9.99372E-005 0.0634974 9.99372E-005 9.99372E-005 9.99372E-005 0.865118 0.00536673 9.99372E-005
0.0330671 0.0359246 0.0213931 9.99551E-005 0.282045 9.99551E-005 9.99551E-005 0.00821974 0.618851 9.99551E-005 9.99551E-005
9.99551E-005 9.99551E-005 9.99551E-005 0.141172 0.169246 9.99551E-005 0.00976152 9.99551E-005 0.0778254 0.552822 0.0486739
9.9973E-005 0.00727197 0.00288258 0.132082 0.128269 9.9973E-005 0.00600592 9.9973E-005 0.0757181 0.309419 0.338051
9.99462E-005 9.99462E-005 0.0229555 0.15239 0.386363 9.99462E-005 9.99462E-005 9.99462E-005 9.99462E-005 0.38404 0.0536527
9.99551E-005 0.00483554 9.99551E-005 9.99551E-005 9.99551E-005 0.0217515 0.777042 0.0233133 9.99551E-005 0.0472498 0.125308
9.99101E-005 9.99101E-005 9.99101E-005 9.99101E-005 9.99101E-005 9.99101E-005 0.999001 9.99101E-005 9.99101E-005 9.99101E-005 9.99101E-005
9.99193E-005 9.99193E-005 9.99193E-005 0.0295008 9.99193E-005 9.99193E-005 0.9696 9.99193E-005 9.99193E-005 9.99193E-005 9.99193E-005
9.99191E-005 9.99191E-005 0.000960628 9.99191E-005 9.99191E-005 9.99191E-005 0.99814 9.99191E-005 9.99191E-005 9.99191E-005 9.99191E-005
9.99193E-005 9.99193E-005 9.99193E-005 9.99193E-005 9.99193E-005 0.0324089 0.966692 9.99193E-005 9.99193E-005 9.99193E-005 9.99193E-005
9.99102E-005 9.99102E-005 9.99102E-005 9.99102E-005 9.99102E-005 9.99102E-005 0.999001 9.99102E-005 9.99102E-005 9.99102E-005 9.99102E-005
9.99731E-005 0.0105368 0.0535103 0.022449 9.99731E-005 0.167642 0.538263 0.0773309 9.99731E-005 0.0126409 0.117327
9.99192E-005 0.0045376 9.99192E-005 9.99192E-005 9.99192E-005 0.994563 9.99192E-005 9.99192E-005 9.99192E-005 9.99192E-005 9.99192E-005
9.99102E-005 9.99102E-005 9.99102E-005 9.99102E-005 9.99102E-005 0.999001 9.99102E-005 9.99102E-005 9.99102E-005 9.99102E-005 9.99102E-005
9.99551E-005 9.99551E-005 0.0718525 9.99551E-005 9.99551E-005 0.851014 0.0184129 0.0226249 0.0146432 0.0209522 9.99551E-005
0.0614032 9.99551E-005 9.99551E-005 9.99551E-005 0.0937888 0.00124648 0.172218 9.99551E-005 0.303471 9.99551E-005 0.367373
9.9973E-005 0.0894864 0.0399988 0.103119 0.0852204 0.00894165 0.0788002 0.40597 9.9973E-005 9.9973E-005 0.188164
9.99638E-005 0.695819 0.0270419 9.99638E-005 9.99638E-005 0.0128148 0.0201373 0.105271 0.084992 0.0535247 9.99638E-005
9.99372E-005 9.99372E-005 0.0305103 0.636344 0.183755 9.99372E-005 9.99372E-005 9.99372E-005 9.99372E-005 0.148692 9.99372E-005
9.99462E-005 9.99462E-005 9.99462E-005 0.604247 0.0207887 9.99462E-005 9.99462E-005 0.0649164 9.99462E-005 0.256848 0.0526001
0.0543486 0.655495 9.99276E-005 9.99276E-005 9.99276E-005 9.99276E-005 9.99276E-005 9.99276E-005 0.289357 9.99276E-005 9.99276E-005
0.108076 9.99462E-005 9.99462E-005 0.00898892 0.0682968 9.99462E-005 0.0234627 9.99462E-005 0.790575 9.99462E-005 9.99462E-005
0.887452 9.99282E-005 9.99282E-005 9.99282E-005 0.0131358 9.99282E-005 9.99282E-005 9.99282E-005 0.0986129 9.99282E-005 9.99282E-005
0.182931 0.0442567 9.99551E-005 9.99551E-005 0.284837 9.99551E-005 9.99551E-005 0.0112954 0.452523 9.99551E-005 0.0236576
0.999001 9.99101E-005 9.99101E-005 9.99101E-005 9.99101E-005 9.99101E-005 9.99101E-005 9.99101E-005 9.99101E-005 9.99101E-005 9.99101E-005
9.99281E-005 0.0255534 9.99281E-005 9.99281E-005 0.690456 9.99281E-005 9.99281E-005 9.99281E-005 0.283191 9.99281E-005 9.99281E-005
0.0430416 0.00672671 9.99551E-005 0.0124723 0.180231 9.99551E-005 9.99551E-005 9.99551E-005 0.752749 0.00427969 9.99551E-005
9.99192E-005 9.99192E-005 9.99192E-005 9.99192E-005 9.99192E-005 9.99192E-005 0.0355592 9.99192E-005 0.963542 9.99192E-005 9.99192E-005
0.999001 9.99101E-005 9.99101E-005 9.99101E-005 9.99101E-005 9.99101E-005 9.99101E-005 9.99101E-005 9.99101E-005 9.99101E-005 9.99101E-005
0.0230415 9.99372E-005 9.99372E-005 9.99372E-005 0.00101119 0.0540171 9.99372E-005 9.99372E-005 0.921231 9.99372E-005 9.99372E-005
0.0741288 9.99372E-005 9.99372E-005 9.99372E-005 9.99372E-005 0.00774845 9.99372E-005 9.99372E-005 0.906186 0.0112367 9.99372E-005
0.030988 9.99193E-005 9.99193E-005 9.99193E-005 0.968113 9.99193E-005 9.99193E-005 9.99193E-005 9.99193E-005 9.99193E-005 9.99193E-005
0.0300746 9.99371E-005 9.99371E-005 9.99371E-005 0.9132 9.99371E-005 9.99371E-005 9.99371E-005 0.0344226 0.0216031 9.99371E-005
0.0536977 9.99282E-005 9.99282E-005 9.99282E-005 0.922394 9.99282E-005 9.99282E-005 9.99282E-005 9.99282E-005 9.99282E-005 0.0231092
0.0309881 9.99372E-005 0.0376373 9.99372E-005 9.99372E-005 9.99372E-005 0.000283513 9.99372E-005 0.930392 9.99372E-005 9.99372E-005
0.191011 0.0278734 9.99461E-005 0.0409448 0.390901 9.99461E-005 9.99461E-005 9.99461E-005 0.34867 9.99461E-005 9.99461E-005
0.0222842 9.99551E-005 0.0593246 9.99551E-005 9.99551E-005 9.99551E-005 0.164117 0.0446474 9.99551E-005 0.0388278 0.6703
9.99461E-005 9.99461E-005 0.0442547 9.99461E-005 9.99461E-005 0.0147179 0.0291609 0.0859938 9.99461E-005 9.99461E-005 0.825273
9.99551E-005 9.99551E-005 0.0834393 9.99551E-005 9.99551E-005 0.0916694 9.99551E-005 0.144753 0.0180742 0.00459562 0.656969
9.99193E-005 9.99193E-005 9.99193E-005 9.99193E-005 9.99193E-005 0.992143 9.99193E-005 9.99193E-005 0.00695754 9.99193E-005 9.99193E-005
0.00704154 9.99282E-005 0.015472 9.99282E-005 9.99282E-005 0.976687 9.99282E-005 9.99282E-005 9.99282E-005 9.99282E-005 9.99282E-005
9.99283E-005 9.99283E-005 9.99283E-005 0.0328887 9.99283E-005 0.917641 9.99283E-005 9.99283E-005 9.99283E-005 9.99283E-005 0.048671
9.99371E-005 9.99371E-005 0.0412883 0.0366971 9.99371E-005 0.851529 0.0697863 9.99371E-005 9.99371E-005 9.99371E-005 9.99371E-005
9.99462E-005 9.99462E-005 9.99462E-005 0.668141 0.0590521 9.99462E-005 9.99462E-005 0.00542778 9.99462E-005 0.202913 0.0638661
0.023558 9.99551E-005 0.0302809 0.701656 9.99551E-005 9.99551E-005 0.0143956 9.99551E-005 9.99551E-005 0.204026 0.0255839
9.99552E-005 9.99552E-005 9.99552E-005 0.509416 9.99552E-005 0.031387 0.0322814 9.99552E-005 0.0303664 0.239703 0.156346
0.0254556 9.99641E-005 0.0610885 9.99641E-005 0.0004645 0.0271892 0.0436968 0.0372725 9.99641E-005 9.99641E-005 0.804433
9.99372E-005 0.0163504 9.99372E-005 0.00467725 9.99372E-005 9.99372E-005 0.00345193 9.99372E-005 9.99372E-005 9.99372E-005 0.974821
9.99551E-005 9.99551E-005 0.0262402 0.034241 0.0823777 9.99551E-005 0.0698533 0.109041 9.99551E-005 9.99551E-005 0.677747
9.99372E-005 0.0104723 9.99372E-005 9.99372E-005 0.0645718 9.99372E-005 9.99372E-005 9.99372E-005 9.99372E-005 0.00506204 0.919194
