0.72509 0.1632 0.11161 9.9991E-005
0.737553 0.187426 0.0749203 9.9991E-005
0.740859 0.182081 0.0769599 9.9991E-005
0.701252 0.16432 0.134328 9.9991E-005
0.789915 0.159517 0.0504674 9.9991E-005
0.757923 0.1798 0.0621771 9.9991E-005
0.717524 0.225224 0.0571516 9.9991E-005
0.705663 0.130748 0.163489 9.9991E-005
0.646888 0.161327 0.1004 0.0913854
0.687364 0.146678 0.0466489 0.119309
0.729834 0.0958425 0.0519604 0.122363
0.708752 0.229259 0.0618897 9.9991E-005
0.701777 0.172814 0.0949557 0.0304533
0.749225 0.0884184 0.125424 0.0369319
0.583129 0.155773 0.162824 0.0982746
0.692507 0.174995 0.132398 9.9991E-005
0.754 0.179343 0.0665567 9.9991E-005
0.766056 0.169273 0.0645712 9.9991E-005
0.22881 0.746894 0.00248549 0.021811
0.468364 0.463667 0.0314891 0.0364797
0.393406 0.568369 9.9991E-005 0.0381254
0.307738 0.608577 0.00262213 0.0810629
0.333532 0.516166 9.9991E-005 0.150203
9.998E-005 0.9997 9.998E-005 9.998E-005
9.998E-005 0.9997 9.998E-005 9.998E-005
9.998E-005 0.9997 9.998E-005 9.998E-005
0.43118 0.42362 0.0491651 0.0960354
0.0301346 0.957228 0.0125374 9.9991E-005
0.410613 0.507094 0.0739733 0.0083205
9.998E-005 0.9997 9.998E-005 9.998E-005
0.329551 0.570564 0.0608538 0.0390312
9.998E-005 0.9997 9.998E-005 9.998E-005
0.438521 0.503942 0.0232492 0.0342876
0.267602 0.63201 0.0641027 0.0362855
0.33794 0.538092 0.0521416 0.0718267
0.359992 0.568411 0.0714971 9.9991E-005
0.345031 0.5064 0.0496333 0.098935
0.871811 0.0589051 0.000312311 0.0689716
0.970053 0.0297469 9.9982E-005 9.9982E-005
0.868397 0.0772986 0.037556 0.0167485
0.972731 0.0167631 9.9991E-005 0.010406
0.894396 0.0732282 0.0322762 9.9991E-005
0.942179 0.0576214 9.9982E-005 9.9982E-005
0.970009 0.0297912 9.9982E-005 9.9982E-005
0.906345 0.0736576 9.9991E-005 0.0198977
0.940359 0.0594409 9.9982E-005 9.9982E-005
0.437394 0.110447 0.144779 0.30738
0.439347 0.39993 9.99914E-005 0.160624
0.332344 0.137604 9.99911E-005 0.529952
0.42294 0.0485277 0.235337 0.293195
0.257491 0.080815 0.0922748 0.569419
0.370931 0.115053 0.240786 0.27323
0.357599 0.107086 0.233786 0.301529
0.442457 0.108226 0.181809 0.267508
0.37177 0.0813153 0.202456 0.344459
0.457663 0.042321 0.184977 0.315039
0.32871 0.141185 0.247673 0.282432
0.411416 0.0631434 0.269918 0.255522
0.283422 0.100403 0.238045 0.378131
0.336063 0.105406 0.22041 0.33812
0.221501 0.137389 0.400574 0.240536
0.26392 0.125374 0.425242 0.185464
0.297673 0.102711 0.390831 0.208786
9.9991E-005 0.0670172 0.6706 0.262282
9.9991E-005 0.0742164 0.527137 0.398546
9.998E-005 9.998E-005 0.9997 9.998E-005
9.998E-005 9.998E-005 0.9997 9.998E-005
0.0642054 0.0455784 0.656179 0.234037
9.9991E-005 0.0314914 0.628887 0.339521
9.998E-005 9.998E-005 0.9997 9.998E-005
9.998E-005 9.998E-005 0.9997 9.998E-005
0.0511124 0.0890553 0.634318 0.225514
9.998E-005 9.998E-005 0.9997 9.998E-005
9.998E-005 9.998E-005 0.9997 9.998E-005
9.998E-005 9.998E-005 0.9997 9.998E-005
9.998E-005 9.998E-005 0.9997 9.998E-005
9.9982E-005 0.0239871 0.975813 9.9982E-005
0.503597 0.408465 0.0213516 0.0665869
0.91115 0.0886495 9.9982E-005 9.9982E-005
0.907433 0.0923674 9.9982E-005 9.9982E-005
9.9982E-005 9.9982E-005 0.0317825 0.968018
9.9982E-005 9.9982E-005 0.0447037 0.955096
9.9982E-005 9.9982E-005 0.0106189 0.989181
9.998E-005 9.998E-005 9.998E-005 0.9997
9.99821E-005 9.99821E-005 0.0431837 0.956616
9.9991E-005 0.0145588 0.00406145 0.98128
9.99821E-005 0.0506993 9.99821E-005 0.949101
0.0200756 9.9991E-005 0.0155207 0.964304
9.9982E-005 0.0310078 9.9982E-005 0.968792
0.0271175 9.9982E-005 9.9982E-005 0.972683
9.998E-005 9.998E-005 9.998E-005 0.9997
9.9991E-005 0.0112045 0.0172099 0.971486
9.998E-005 9.998E-005 9.998E-005 0.9997
9.9982E-005 9.9982E-005 0.032189 0.967611
9.998E-005 9.998E-005 9.998E-005 0.9997
0.0291936 0.0298193 9.9991E-005 0.940887
9.9982E-005 9.9982E-005 0.0594393 0.940361
0.0228759 9.9982E-005 9.9982E-005 0.976924
9.9982E-005 9.9982E-005 0.0109737 0.988826
9.9991E-005 0.0375223 0.0235144 0.938863
9.9982E-005 9.9982E-005 0.0210222 0.978778
0.0366899 0.00992313 0.0142622 0.939125
9.998E-005 9.998E-005 9.998E-005 0.9997
9.9991E-005 0.0442386 0.0178249 0.937837
9.9982E-005 9.9982E-005 0.0139638 0.985836
9.9982E-005 0.0329733 9.9982E-005 0.966827
9.9991E-005 0.0680557 0.650617 0.281227
0.114884 0.20823 0.414221 0.262666
0.0445905 0.0886449 0.466909 0.399855
0.791605 0.116354 0.0919413 9.9991E-005
0.899911 0.0723593 9.9991E-005 0.0276298
0.860507 0.092953 0.0457428 0.000797376
0.828223 0.131089 0.0405877 9.9991E-005
0.906304 0.0441674 0.0494288 9.9991E-005
0.894757 0.0942283 9.9991E-005 0.0109152
0.755017 0.176927 0.067956 9.9991E-005
0.937827 0.0619728 9.9982E-005 9.9982E-005
0.969258 0.030542 9.9982E-005 9.9982E-005
0.850532 0.131562 9.9991E-005 0.0178066
0.278255 0.209257 9.9991E-005 0.512389
0.571143 0.229951 0.0653917 0.133514
0.310403 0.186505 0.0905714 0.41252
0.199725 0.101656 0.355043 0.343575
0.230395 0.11011 0.471202 0.188293
9.998E-005 9.998E-005 9.998E-005 0.9997
9.9991E-005 0.00223206 0.0189613 0.978707
0.0105573 9.99821E-005 9.99821E-005 0.989243
0.0121477 0.0183662 0.0177749 0.951711
9.998E-005 9.998E-005 9.998E-005 0.9997
9.9982E-005 0.0122989 9.9982E-005 0.987501
9.9982E-005 9.9982E-005 0.0307897 0.96901
9.9982E-005 9.9982E-005 0.0303857 0.969414
9.998E-005 9.998E-005 9.998E-005 0.9997
0.0222873 0.0146174 0.00233046 0.960765
9.9982E-005 9.9982E-005 0.0361965 0.963604
0.00170362 0.00394057 9.9991E-005 0.994256
9.9982E-005 9.9982E-005 0.00854035 0.99126
0.0211616 0.0317139 9.9991E-005 0.947025
9.9982E-005 0.0468276 9.9982E-005 0.952972
9.99821E-005 0.0109234 9.99821E-005 0.988877
0.458636 0.388712 0.109768 0.0428842
0.476561 0.419539 0.0510582 0.0528419
0.486445 0.407755 0.0709514 0.0348484
0.981488 9.9982E-005 9.9982E-005 0.0183121
0.933314 0.0664864 9.9982E-005 9.9982E-005
0.947448 0.039318 9.9991E-005 0.0131336
0.907336 0.0924643 9.9982E-005 9.9982E-005
0.256424 0.0991319 0.405296 0.239148
0.262851 0.0996935 0.41653 0.220926
0.309333 0.0886516 0.40631 0.195705
0.470703 0.417081 0.0681499 0.0440661
0.470663 0.425949 0.0510406 0.0523474
0.449148 0.335907 0.0964651 0.11848
0.40406 0.417062 0.0570156 0.121863
