0.730225 0.172322 9.9991E-005 0.0973534
0.720507 0.21432 9.9991E-005 0.0650735
0.723704 0.222589 9.9991E-005 0.0536065
0.695016 0.177712 0.0154005 0.111871
0.780078 0.187474 9.9991E-005 0.0323477
0.767418 0.187271 9.9991E-005 0.0452107
0.712857 0.241828 9.9991E-005 0.0452151
0.704814 0.142756 0.00217198 0.150259
0.63735 0.172263 0.0996366 0.0907501
0.690407 0.155566 0.130233 0.0237944
0.716059 0.116977 0.141827 0.0251377
0.701941 0.247239 9.9991E-005 0.0507203
0.69346 0.17717 0.0174034 0.111966
0.747834 0.0968939 0.0553268 0.0999452
0.565415 0.178949 0.103385 0.152252
0.70632 0.171916 9.9991E-005 0.121664
0.738283 0.212458 9.9991E-005 0.0491586
0.781408 0.15334 9.9991E-005 0.0651514
0.216225 0.763558 0.00732989 0.0128874
0.463661 0.486311 0.0366266 0.0134022
0.405439 0.57125 0.0232106 9.9991E-005
0.302824 0.620396 0.0727129 0.00406673
0.33567 0.513297 0.142627 0.0084055
9.998E-005 0.9997 9.998E-005 9.998E-005
9.998E-005 0.9997 9.998E-005 9.998E-005
9.998E-005 0.9997 9.998E-005 9.998E-005
0.410517 0.432962 0.0824846 0.0740365
0.0235668 0.96853 9.9991E-005 0.00780327
0.405675 0.493152 0.0111817 0.0899921
9.998E-005 0.9997 9.998E-005 9.998E-005
0.321619 0.579658 0.0306251 0.0680985
9.998E-005 0.9997 9.998E-005 9.998E-005
0.430187 0.523709 0.022177 0.023927
0.272127 0.644643 0.0500782 0.0331513
0.330629 0.545117 0.0801119 0.0441422
0.344178 0.585879 9.9991E-005 0.0698428
0.344343 0.518521 0.0803646 0.0567714
0.867336 0.0698563 0.0538647 0.00894279
0.97774 0.02206 9.9982E-005 9.9982E-005
0.867649 0.0803457 0.0474995 0.00450534
0.981441 0.017013 0.00144627 9.9991E-005
0.89722 0.0763636 9.9991E-005 0.0263164
0.950114 0.0496859 9.9982E-005 9.9982E-005
0.976228 0.0235719 9.9982E-005 9.9982E-005
0.893016 0.0787284 0.0281555 9.9991E-005
0.944507 0.0552932 9.9982E-005 9.9982E-005
0.427021 0.126351 0.327387 0.119241
0.415622 0.412714 0.171563 9.99914E-005
0.326118 0.156483 0.517298 9.99911E-005
0.417413 0.0445063 0.304951 0.23313
0.266828 0.0695868 0.594875 0.0687102
0.37415 0.117682 0.26765 0.240517
0.345739 0.134668 0.31329 0.206303
0.420297 0.131691 0.272436 0.175575
0.375629 0.0881156 0.36753 0.168725
0.463594 0.0447092 0.320701 0.170996
0.336489 0.145235 0.296481 0.221796
0.398881 0.0799181 0.262534 0.258666
0.294657 0.1101 0.375903 0.21934
0.320415 0.138134 0.330308 0.211143
0.217149 0.156019 0.254433 0.372399
0.259268 0.128925 0.187966 0.423841
0.300483 0.10634 0.219203 0.373974
0.0194577 0.0572124 0.284379 0.638951
0.0058892 0.0796573 0.388459 0.525995
9.998E-005 9.998E-005 9.998E-005 0.9997
9.998E-005 9.998E-005 9.998E-005 0.9997
0.0738255 0.0506469 0.230355 0.645172
9.9991E-005 0.0355965 0.3301 0.634204
9.9982E-005 0.00136011 9.9982E-005 0.99844
9.998E-005 9.998E-005 9.998E-005 0.9997
0.0535796 0.0852289 0.233144 0.628048
9.998E-005 9.998E-005 9.998E-005 0.9997
9.998E-005 9.998E-005 9.998E-005 0.9997
9.998E-005 9.998E-005 9.998E-005 0.9997
9.998E-005 9.998E-005 9.998E-005 0.9997
9.9982E-005 0.0162882 9.9982E-005 0.983512
0.478937 0.423731 0.06319 0.0341425
0.919357 0.0804431 9.9982E-005 9.9982E-005
0.88931 0.11049 9.9982E-005 9.9982E-005
9.9982E-005 9.9982E-005 0.969396 0.030404
9.9982E-005 9.9982E-005 0.948334 0.0514661
9.9982E-005 9.9982E-005 0.975616 0.0241837
0.00339956 9.9982E-005 0.9964 9.9982E-005
9.99821E-005 9.99821E-005 0.979754 0.0200457
9.9982E-005 0.0194033 0.980397 9.9982E-005
9.9991E-005 0.0500719 0.949342 0.000485783
0.00908985 9.9991E-005 0.951479 0.039331
9.9982E-005 0.0417964 0.958004 9.9982E-005
0.0145621 0.00331475 0.982023 9.9991E-005
9.9991E-005 0.00707346 0.991391 0.0014352
9.9991E-005 0.0182453 0.941605 0.0400493
9.9982E-005 9.9982E-005 0.993099 0.00670128
9.9982E-005 9.9982E-005 0.970881 0.0289195
9.998E-005 9.998E-005 0.9997 9.998E-005
0.015387 0.0369694 0.947544 9.9991E-005
9.9982E-005 9.9982E-005 0.941338 0.0584624
0.00416624 9.9991E-005 0.983591 0.0121432
9.99821E-005 9.99821E-005 0.988597 0.0112028
9.9991E-005 0.0428337 0.911361 0.0457053
9.9991E-005 0.00843887 0.975026 0.0164352
0.0395822 0.00252759 0.930247 0.0276434
9.998E-005 9.998E-005 0.9997 9.998E-005
9.9991E-005 0.048157 0.929558 0.0221852
9.998E-005 9.998E-005 0.9997 9.998E-005
9.9982E-005 0.046528 0.953272 9.9982E-005
0.00264696 0.0642429 0.284507 0.648603
0.127159 0.214013 0.251006 0.407822
0.0597837 0.07494 0.392598 0.472679
0.802308 0.100118 9.9991E-005 0.0974747
0.918683 0.0465906 0.0323613 0.00236481
0.848235 0.0817046 0.014486 0.0555748
0.819238 0.144886 9.9991E-005 0.0357764
0.911505 0.0366994 9.9991E-005 0.0516957
0.91662 0.0831805 9.99821E-005 9.99821E-005
0.737561 0.19246 9.9991E-005 0.069879
0.928707 0.0710926 9.9982E-005 9.9982E-005
0.966366 0.0334343 9.9982E-005 9.9982E-005
0.848165 0.132723 9.9991E-005 0.0190121
0.281058 0.19219 0.526653 9.9991E-005
0.550199 0.251126 0.151727 0.0469484
0.32797 0.168305 0.440931 0.0627942
0.198231 0.103021 0.362239 0.33651
0.251298 0.116028 0.200316 0.432358
9.99822E-005 9.99822E-005 0.992372 0.00742815
9.9991E-005 0.00822606 0.972785 0.0188885
0.00780994 9.99821E-005 0.99199 9.99821E-005
0.0193533 0.0229497 0.943273 0.0144236
9.998E-005 9.998E-005 0.9997 9.998E-005
9.9982E-005 0.00890597 0.990894 9.9982E-005
9.9982E-005 9.9982E-005 0.974005 0.0257955
0.000594487 9.9991E-005 0.973392 0.0259133
9.998E-005 9.998E-005 0.9997 9.998E-005
0.0254926 9.9991E-005 0.957205 0.0172024
9.9982E-005 9.9982E-005 0.965698 0.0341023
9.998E-005 9.998E-005 0.9997 9.998E-005
9.9982E-005 9.9982E-005 0.976505 0.0232949
0.0388811 0.010788 0.950231 9.9991E-005
9.9982E-005 0.0371394 0.962661 9.9982E-005
9.99821E-005 0.0210325 0.978768 9.99821E-005
0.469457 0.390206 0.0363206 0.104016
0.478247 0.423005 0.0512759 0.047472
0.46522 0.436309 0.0275075 0.0709633
0.985087 9.9982E-005 0.0147132 9.9982E-005
0.947275 0.0525251 9.9982E-005 9.9982E-005
0.940032 0.0597685 9.99821E-005 9.99821E-005
0.910764 0.0890365 9.9982E-005 9.9982E-005
0.254766 0.114067 0.230718 0.400449
0.260432 0.119834 0.24659 0.373143
0.304937 0.101763 0.196883 0.396416
0.438914 0.451171 0.0652677 0.0446466
0.450652 0.453287 0.0461698 0.0498906
0.446012 0.35522 0.108262 0.0905065
0.385492 0.436994 0.112516 0.0649975
