9.99551E-005 9.99551E-005 9.99551E-005 9.99551E-005 0.00114086 9.99551E-005 0.932033 0.02678 0.0068128 0.0296045 0.00312916
9.99192E-005 9.99192E-005 9.99192E-005 9.99192E-005 0.00589904 9.99192E-005 0.993202 9.99192E-005 9.99192E-005 9.99192E-005 9.99192E-005
9.99372E-005 0.000576374 9.99372E-005 0.042573 0.035375 9.99372E-005 0.920776 9.99372E-005 9.99372E-005 9.99372E-005 9.99372E-005
9.99461E-005 9.99461E-005 9.99461E-005 9.99461E-005 0.0194449 0.288004 0.611336 0.0134352 9.99461E-005 0.0671805 9.99461E-005
9.99282E-005 9.99282E-005 9.99282E-005 9.99282E-005 0.0128996 9.99282E-005 0.904842 9.99282E-005 9.99282E-005 0.0814591 9.99282E-005
9.99101E-005 9.99101E-005 9.99101E-005 9.99101E-005 9.99101E-005 9.99101E-005 0.999001 9.99101E-005 9.99101E-005 9.99101E-005 9.99101E-005
9.99102E-005 9.99102E-005 9.99102E-005 9.99102E-005 9.99102E-005 9.99102E-005 0.999001 9.99102E-005 9.99102E-005 9.99102E-005 9.99102E-005
0.0249604 9.99641E-005 9.99641E-005 0.0545061 9.99641E-005 0.0627674 0.739109 0.0779184 9.99641E-005 0.0238859 0.0164528
9.99371E-005 9.99371E-005 0.0397688 9.99371E-005 9.99371E-005 0.16998 0.75432 9.99371E-005 0.0352313 9.99371E-005 9.99371E-005
9.994E-005 9.994E-005 0.0793719 0.0326817 9.994E-005 0.0743706 0.787074 9.994E-005 0.025902 9.994E-005 9.994E-005
9.99282E-005 9.99282E-005 0.0190327 9.99282E-005 9.99282E-005 9.99282E-005 0.872934 9.99282E-005 0.107234 9.99282E-005 9.99282E-005
0.034486 9.99552E-005 9.99552E-005 0.108604 0.0881336 0.0676319 0.539149 9.99552E-005 9.99552E-005 0.161496 9.99552E-005
9.99371E-005 9.99371E-005 9.99371E-005 0.0128442 9.99371E-005 0.465284 0.467768 9.99371E-005 9.99371E-005 0.0534043 9.99371E-005
9.99283E-005 9.99283E-005 9.99283E-005 9.99283E-005 9.99283E-005 0.352692 0.507956 9.99283E-005 9.99283E-005 0.138552 9.99283E-005
9.99101E-005 9.99101E-005 9.99101E-005 9.99101E-005 9.99101E-005 0.999001 9.99101E-005 9.99101E-005 9.99101E-005 9.99101E-005 9.99101E-005
0.022281 0.00343203 9.99641E-005 0.293699 0.00245505 0.279632 0.395516 9.99641E-005 9.99641E-005 0.00258467 9.99641E-005
9.99551E-005 9.99551E-005 9.99551E-005 0.106531 0.00682893 0.334788 0.457816 9.99551E-005 9.99551E-005 0.0890754 0.00446137
9.99461E-005 9.99461E-005 9.99461E-005 0.294656 9.99461E-005 0.193642 0.397645 9.99461E-005 9.99461E-005 0.0953184 0.0181397
9.99551E-005 0.0162589 9.99551E-005 0.215335 0.612315 0.0528979 0.0687809 9.99551E-005 9.99551E-005 0.0339122 9.99551E-005
0.0669167 9.99551E-005 9.99551E-005 0.57072 0.265541 9.99551E-005 0.0877411 0.000362398 0.00821913 9.99551E-005 9.99551E-005
0.0169613 9.99372E-005 9.99372E-005 0.614875 0.339051 9.99372E-005 9.99372E-005 9.99372E-005 0.0284132 9.99372E-005 9.99372E-005
9.996E-005 9.996E-005 0.0308606 0.342997 0.43501 9.996E-005 0.116623 0.0593906 0.0119725 9.996E-005 0.00274626
9.99461E-005 9.99461E-005 0.0407903 0.529577 0.284962 9.99461E-005 9.99461E-005 0.0394474 0.104624 9.99461E-005 9.99461E-005
9.99101E-005 9.99101E-005 9.99101E-005 9.99101E-005 0.999001 9.99101E-005 9.99101E-005 9.99101E-005 9.99101E-005 9.99101E-005 9.99101E-005
9.99101E-005 9.99101E-005 9.99101E-005 9.99101E-005 0.999001 9.99101E-005 9.99101E-005 9.99101E-005 9.99101E-005 9.99101E-005 9.99101E-005
9.99101E-005 9.99101E-005 9.99101E-005 9.99101E-005 0.999001 9.99101E-005 9.99101E-005 9.99101E-005 9.99101E-005 9.99101E-005 9.99101E-005
0.0393623 0.0299089 0.0412045 0.502253 0.249844 0.136927 9.99551E-005 9.99551E-005 9.99551E-005 9.99551E-005 9.99551E-005
9.99371E-005 9.99371E-005 9.99371E-005 0.0779743 0.848082 9.99371E-005 0.0444604 0.028784 9.99371E-005 9.99371E-005 9.99371E-005
0.11195 0.00565266 9.99461E-005 0.61776 0.229467 9.99461E-005 9.99461E-005 9.99461E-005 0.0345701 9.99461E-005 9.99461E-005
9.99101E-005 9.99101E-005 9.99101E-005 9.99101E-005 0.999001 9.99101E-005 9.99101E-005 9.99101E-005 9.99101E-005 9.99101E-005 9.99101E-005
9.99372E-005 9.99372E-005 9.99372E-005 0.373916 0.35369 9.99372E-005 0.136742 0.134953 9.99372E-005 9.99372E-005 9.99372E-005
9.99191E-005 9.99191E-005 9.99191E-005 9.99191E-005 0.998927 0.000174038 9.99191E-005 9.99191E-005 9.99191E-005 9.99191E-005 9.99191E-005
0.0065969 9.99461E-005 9.99461E-005 0.661876 0.29603 9.99461E-005 9.99461E-005 0.0340044 9.99461E-005 9.99461E-005 0.000892589
0.0388593 0.00232902 0.0398046 0.40665 0.458802 9.99641E-005 0.0462823 0.00687344 9.99641E-005 9.99641E-005 9.99641E-005
9.99551E-005 0.0129331 0.0448599 0.530138 0.3537 9.99551E-005 9.99551E-005 0.0552639 0.00260613 9.99551E-005 9.99551E-005
0.0173438 9.99461E-005 9.99461E-005 0.475924 0.369277 9.99461E-005 0.0637 0.0731554 9.99461E-005 9.99461E-005 9.99461E-005
0.129484 0.01946 0.0246353 0.483943 0.288957 9.99641E-005 0.0307083 9.99641E-005 9.99641E-005 9.99641E-005 0.0224126
9.995E-005 0.0150345 0.0266283 0.10611 9.995E-005 0.0923798 0.0647795 9.995E-005 9.995E-005 0.694568 9.995E-005
9.99102E-005 9.99102E-005 9.99102E-005 9.99102E-005 9.99102E-005 9.99102E-005 9.99102E-005 9.99102E-005 9.99102E-005 0.999001 9.99102E-005
9.996E-005 0.0181112 0.0333363 0.035136 0.00332423 9.996E-005 0.0521722 0.0385339 9.996E-005 0.818986 9.996E-005
9.99372E-005 9.99372E-005 0.00921139 0.130891 9.99372E-005 9.99372E-005 9.99372E-005 9.99372E-005 9.99372E-005 0.851603 0.00759541
9.99551E-005 0.03168 9.99551E-005 0.138993 0.00721375 0.0437514 9.99551E-005 9.99551E-005 9.99551E-005 0.773457 0.00440475
0.0483385 0.00247936 9.99282E-005 9.99282E-005 9.99282E-005 9.99282E-005 9.99282E-005 9.99282E-005 9.99282E-005 0.948383 9.99282E-005
9.99282E-005 0.0107382 9.99282E-005 0.165795 9.99282E-005 9.99282E-005 9.99282E-005 9.99282E-005 9.99282E-005 0.822668 9.99282E-005
0.037261 9.99461E-005 9.99461E-005 0.0171445 9.99461E-005 0.11664 9.99461E-005 9.99461E-005 9.99461E-005 0.827525 0.000829602
9.99282E-005 0.0114454 9.99282E-005 9.99282E-005 0.0110284 9.99282E-005 9.99282E-005 9.99282E-005 9.99282E-005 0.976727 9.99282E-005
0.736365 9.99551E-005 0.0842703 0.00526009 0.0204617 9.99551E-005 0.0309189 9.99551E-005 9.99551E-005 0.122225 9.99551E-005
9.99101E-005 9.99101E-005 9.99101E-005 9.99101E-005 9.99101E-005 9.99101E-005 9.99101E-005 9.99101E-005 9.99101E-005 9.99101E-005 0.999001
9.99281E-005 9.99281E-005 9.99281E-005 9.99281E-005 9.99281E-005 9.99281E-005 9.99281E-005 9.99281E-005 0.947943 0.029076 0.0221812
0.0749401 9.9919E-005 9.9919E-005 9.9919E-005 9.9919E-005 0.924161 9.9919E-005 9.9919E-005 9.9919E-005 9.9919E-005 9.9919E-005
0.140224 9.99279E-005 9.99279E-005 9.99279E-005 9.99279E-005 0.111329 9.99279E-005 9.99279E-005 0.747648 9.99279E-005 9.99279E-005
0.999001 9.99102E-005 9.99102E-005 9.99102E-005 9.99102E-005 9.99102E-005 9.99102E-005 9.99102E-005 9.99102E-005 9.99102E-005 9.99102E-005
0.852298 0.0201505 0.0376468 0.0653194 0.00996775 0.0141182 9.99551E-005 9.99551E-005 9.99551E-005 9.99551E-005 9.99551E-005
0.396991 9.996E-005 0.0143314 9.996E-005 0.0223962 0.478201 9.996E-005 0.0338259 9.996E-005 0.0531621 0.000692646
0.979025 9.99372E-005 0.00637796 9.99372E-005 9.99372E-005 9.99372E-005 0.00852232 9.99372E-005 0.00537491 9.99372E-005 9.99372E-005
0.996197 9.99192E-005 9.99192E-005 9.99192E-005 9.99192E-005 9.99192E-005 0.0029037 9.99192E-005 9.99192E-005 9.99192E-005 9.99192E-005
0.403525 0.040193 0.0427651 9.9946E-005 0.0178541 0.495063 9.9946E-005 9.9946E-005 9.9946E-005 9.9946E-005 9.9946E-005
0.754362 0.0186358 9.99461E-005 9.99461E-005 9.99461E-005 0.192829 0.00812504 9.99461E-005 0.0254478 9.99461E-005 9.99461E-005
0.617778 9.9928E-005 0.0277889 9.9928E-005 9.9928E-005 0.353634 9.9928E-005 9.9928E-005 9.9928E-005 9.9928E-005 9.9928E-005
0.591012 9.99281E-005 0.0156483 9.99281E-005 9.99281E-005 0.39254 9.99281E-005 9.99281E-005 9.99281E-005 9.99281E-005 9.99281E-005
0.347498 9.99461E-005 9.99461E-005 0.0466626 0.0307469 9.99461E-005 0.036938 0.537555 9.99461E-005 9.99461E-005 9.99461E-005
0.402816 0.022597 9.99461E-005 0.117422 9.99461E-005 9.99461E-005 0.000224651 0.45634 9.99461E-005 9.99461E-005 9.99461E-005
0.397787 9.99551E-005 9.99551E-005 0.0092408 9.99551E-005 9.99551E-005 0.0196352 0.489907 9.99551E-005 0.0675363 0.0153939
9.99192E-005 0.012943 9.99192E-005 9.99192E-005 9.99192E-005 9.99192E-005 9.99192E-005 0.986158 9.99192E-005 9.99192E-005 9.99192E-005
9.99371E-005 0.110145 0.175057 9.99371E-005 0.00544861 9.99371E-005 9.99371E-005 0.70865 9.99371E-005 9.99371E-005 9.99371E-005
0.0245303 0.97457 9.99193E-005 9.99193E-005 9.99193E-005 9.99193E-005 9.99193E-005 9.99193E-005 9.99193E-005 9.99193E-005 9.99193E-005
9.99101E-005 0.999001 9.99101E-005 9.99101E-005 9.99101E-005 9.99101E-005 9.99101E-005 9.99101E-005 9.99101E-005 9.99101E-005 9.99101E-005
9.99372E-005 0.188823 0.0250469 9.99372E-005 9.99372E-005 9.99372E-005 9.99372E-005 0.757073 9.99372E-005 0.0283575 9.99372E-005
9.99281E-005 0.133996 0.0958807 9.99281E-005 9.99281E-005 9.99281E-005 9.99281E-005 0.769324 9.99281E-005 9.99281E-005 9.99281E-005
9.99461E-005 0.928522 9.99461E-005 0.0151947 0.00444323 0.0486628 9.99461E-005 0.00257792 9.99461E-005 9.99461E-005 9.99461E-005
9.99102E-005 0.999001 9.99102E-005 9.99102E-005 9.99102E-005 9.99102E-005 9.99102E-005 9.99102E-005 9.99102E-005 9.99102E-005 9.99102E-005
9.99102E-005 9.99102E-005 9.99102E-005 9.99102E-005 9.99102E-005 9.99102E-005 9.99102E-005 0.999001 9.99102E-005 9.99102E-005 9.99102E-005
0.0160455 0.97565 9.99282E-005 9.99282E-005 0.00750532 9.99282E-005 9.99282E-005 9.99282E-005 9.99282E-005 9.99282E-005 9.99282E-005
9.99371E-005 0.937328 9.99371E-005 9.99371E-005 9.99371E-005 0.0137743 9.99371E-005 0.0343897 9.99371E-005 9.99371E-005 0.013808
9.99192E-005 0.981861 9.99192E-005 9.99192E-005 9.99192E-005 9.99192E-005 9.99192E-005 9.99192E-005 0.0172395 9.99192E-005 9.99192E-005
9.99192E-005 0.871141 9.99192E-005 9.99192E-005 9.99192E-005 9.99192E-005 9.99192E-005 0.12796 9.99192E-005 9.99192E-005 9.99192E-005
9.99281E-005 0.947291 0.0116678 9.99281E-005 0.0402416 9.99281E-005 9.99281E-005 9.99281E-005 9.99281E-005 9.99281E-005 9.99281E-005
9.995E-005 9.995E-005 0.0055144 0.69569 0.192333 0.0646686 9.995E-005 0.0212972 0.0199974 9.995E-005 9.995E-005
9.99551E-005 9.99551E-005 9.99551E-005 9.99551E-005 0.0119086 0.0051563 0.0271507 0.0431775 9.99551E-005 0.909161 0.00294645
9.99282E-005 9.99282E-005 0.0012219 9.99282E-005 0.05772 9.99282E-005 9.99282E-005 9.99282E-005 9.99282E-005 0.940259 9.99282E-005
9.99282E-005 0.0461334 0.925536 9.99282E-005 9.99282E-005 9.99282E-005 9.99282E-005 9.99282E-005 0.0275311 9.99282E-005 9.99282E-005
9.99282E-005 0.055144 0.881597 9.99282E-005 9.99282E-005 9.99282E-005 9.99282E-005 9.99282E-005 0.0624599 9.99282E-005 9.99282E-005
9.99372E-005 0.0411997 0.913374 9.99372E-005 9.99372E-005 9.99372E-005 9.99372E-005 0.00716356 0.037563 9.99372E-005 9.99372E-005
9.99192E-005 9.99192E-005 0.918634 9.99192E-005 9.99192E-005 0.0804663 9.99192E-005 9.99192E-005 9.99192E-005 9.99192E-005 9.99192E-005
0.0779974 0.0147192 0.884018 9.99372E-005 9.99372E-005 9.99372E-005 9.99372E-005 9.99372E-005 0.0225658 9.99372E-005 9.99372E-005
0.0255647 9.99461E-005 0.874882 9.99461E-005 0.00641311 9.99461E-005 9.99461E-005 0.0553114 0.0372292 9.99461E-005 9.99461E-005
9.99462E-005 9.99462E-005 0.8766 0.0132494 0.0363285 9.99462E-005 9.99462E-005 0.020652 0.0525708 9.99462E-005 9.99462E-005
0.0457675 0.00713115 0.876572 9.99552E-005 9.99552E-005 9.99552E-005 0.0264319 0.0258495 0.0177484 9.99552E-005 9.99552E-005
9.99372E-005 9.99372E-005 0.887956 9.99372E-005 0.00666192 0.0861266 9.99372E-005 9.99372E-005 9.99372E-005 9.99372E-005 0.0185561
0.0446627 9.99461E-005 0.911239 9.99461E-005 9.99461E-005 0.00705441 0.0231055 9.99461E-005 9.99461E-005 9.99461E-005 0.0133385
9.99283E-005 9.99283E-005 0.952313 9.99283E-005 9.99283E-005 0.0364173 9.99283E-005 0.0104702 9.99283E-005 9.99283E-005 9.99283E-005
9.99462E-005 0.0537456 0.832368 9.99462E-005 0.00720404 9.99462E-005 9.99462E-005 9.99462E-005 0.0962231 9.99462E-005 0.00985917
9.99282E-005 9.99282E-005 0.885004 9.99282E-005 9.99282E-005 0.10412 9.99282E-005 9.99282E-005 0.0100769 9.99282E-005 9.99282E-005
0.0152058 0.0411404 0.942854 9.99282E-005 9.99282E-005 9.99282E-005 9.99282E-005 9.99282E-005 9.99282E-005 9.99282E-005 9.99282E-005
9.99461E-005 9.99461E-005 0.922484 0.00157664 9.99461E-005 9.99461E-005 0.0149578 0.0246197 0.0357618 9.99461E-005 9.99461E-005
0.00464302 9.99461E-005 0.850542 0.0638722 0.00317888 9.99461E-005 9.99461E-005 9.99461E-005 0.0771638 9.99461E-005 9.99461E-005
9.99282E-005 0.071725 0.875573 9.99282E-005 9.99282E-005 9.99282E-005 9.99282E-005 9.99282E-005 0.0519029 9.99282E-005 9.99282E-005
9.995E-005 0.0235528 0.915156 0.00149961 9.995E-005 9.995E-005 0.00865505 9.995E-005 0.0224499 0.0281866 9.995E-005
0.0403278 9.99462E-005 0.900579 9.99462E-005 9.99462E-005 9.99462E-005 9.99462E-005 0.0227995 0.0319583 9.99462E-005 0.00373518
9.99641E-005 0.0243325 0.864036 0.0540471 0.00589618 9.99641E-005 9.99641E-005 0.00012089 0.039573 9.99641E-005 0.011594
9.99462E-005 0.0248928 0.918086 0.00989302 0.00532881 9.99462E-005 9.99462E-005 9.99462E-005 0.0412001 9.99462E-005 9.99462E-005
9.99461E-005 0.00171944 0.816425 9.99461E-005 9.99461E-005 0.135452 9.99461E-005 0.0307728 0.0150311 9.99461E-005 9.99461E-005
9.99282E-005 9.99282E-005 0.898891 9.99282E-005 9.99282E-005 9.99282E-005 0.0265548 9.99282E-005 0.073755 9.99282E-005 9.99282E-005
0.1401 9.99461E-005 0.819788 9.99461E-005 0.00312164 9.99461E-005 9.99461E-005 9.99461E-005 0.0325199 9.99461E-005 0.00387066
0.0245397 0.0164732 0.946128 0.00988493 9.99461E-005 9.99461E-005 0.00237408 9.99461E-005 9.99461E-005 9.99461E-005 9.99461E-005
0.0426066 9.99461E-005 0.844364 9.99461E-005 9.99461E-005 9.99461E-005 0.0439534 9.99461E-005 0.0626592 9.99461E-005 0.00581737
9.99191E-005 0.013174 9.99191E-005 9.99191E-005 9.99191E-005 9.99191E-005 9.99191E-005 0.985927 9.99191E-005 9.99191E-005 9.99191E-005
9.99371E-005 9.99371E-005 9.99371E-005 0.147646 0.0464295 9.99371E-005 9.99371E-005 0.760795 0.0444299 9.99371E-005 9.99371E-005
9.99282E-005 9.99282E-005 0.136846 9.99282E-005 9.99282E-005 0.079888 9.99282E-005 0.782466 9.99282E-005 9.99282E-005 9.99282E-005
9.993E-005 0.0240602 9.993E-005 0.639916 9.993E-005 0.187693 9.993E-005 9.993E-005 9.993E-005 0.147631 9.993E-005
9.99101E-005 9.99101E-005 9.99101E-005 0.999001 9.99101E-005 9.99101E-005 9.99101E-005 9.99101E-005 9.99101E-005 9.99101E-005 9.99101E-005
0.081717 9.99282E-005 9.99282E-005 0.847918 9.99282E-005 9.99282E-005 9.99282E-005 9.99282E-005 9.99282E-005 0.0695653 9.99282E-005
9.9937E-005 9.9937E-005 9.9937E-005 0.914527 0.00392145 0.0715392 9.9937E-005 9.9937E-005 9.9937E-005 0.00931241 9.9937E-005
9.99281E-005 9.99281E-005 9.99281E-005 0.630246 9.99281E-005 0.133203 9.99281E-005 9.99281E-005 9.99281E-005 0.235751 9.99281E-005
9.99281E-005 9.99281E-005 9.99281E-005 0.702281 9.99281E-005 0.160139 9.99281E-005 9.99281E-005 9.99281E-005 0.13678 9.99281E-005
0.0482414 0.0191963 9.99731E-005 0.475807 0.0602071 0.00572992 0.0903977 9.99731E-005 9.99731E-005 0.278096 0.0220251
9.99372E-005 9.99372E-005 9.99372E-005 9.99372E-005 9.99372E-005 0.0266779 9.99372E-005 9.99372E-005 0.0172886 0.953297 0.00203709
9.99102E-005 9.99102E-005 9.99102E-005 9.99102E-005 9.99102E-005 9.99102E-005 9.99102E-005 9.99102E-005 9.99102E-005 0.999001 9.99102E-005
9.99461E-005 9.99461E-005 9.99461E-005 9.99461E-005 0.054559 9.99461E-005 0.0438101 0.0622799 9.99461E-005 0.828518 0.0102329
9.99282E-005 9.99282E-005 0.46952 0.458422 0.0712587 9.99282E-005 9.99282E-005 9.99282E-005 9.99282E-005 9.99282E-005 9.99282E-005
9.9946E-005 9.9946E-005 9.9946E-005 0.0825308 0.0665326 0.617335 0.217908 9.9946E-005 0.0150938 9.9946E-005 9.9946E-005
9.9928E-005 9.9928E-005 9.9928E-005 9.9928E-005 0.00107776 9.9928E-005 0.117373 9.9928E-005 0.880749 9.9928E-005 9.9928E-005
0.510484 9.99371E-005 0.0410015 9.99371E-005 9.99371E-005 9.99371E-005 9.99371E-005 0.43928 9.99371E-005 9.99371E-005 0.00853511
0.409535 0.00687685 9.99371E-005 9.99371E-005 9.99371E-005 9.99371E-005 0.0990254 0.483863 9.99371E-005 9.99371E-005 9.99371E-005
9.99189E-005 9.99189E-005 0.0670622 9.99189E-005 9.99189E-005 9.99189E-005 9.99189E-005 9.99189E-005 0.932039 9.99189E-005 9.99189E-005
9.99192E-005 9.99192E-005 0.855883 9.99192E-005 9.99192E-005 0.143218 9.99192E-005 9.99192E-005 9.99192E-005 9.99192E-005 9.99192E-005
0.0323991 9.99552E-005 0.926897 0.00931432 9.99552E-005 9.99552E-005 0.00405858 9.99552E-005 0.00652606 0.0203055 9.99552E-005
9.99461E-005 9.99461E-005 0.835151 9.99461E-005 9.99461E-005 0.103656 9.99461E-005 0.00400257 0.044764 9.99461E-005 0.0118272
9.99372E-005 9.99372E-005 0.970405 9.99372E-005 9.99372E-005 9.99372E-005 9.99372E-005 9.99372E-005 0.00826678 0.014054 0.00657426
9.99281E-005 9.99281E-005 0.877234 9.99281E-005 9.99281E-005 0.115476 9.99281E-005 9.99281E-005 9.99281E-005 9.99281E-005 0.00649021
0.0447066 0.00874436 0.874368 9.99462E-005 9.99462E-005 9.99462E-005 9.99462E-005 0.0368123 0.0347691 9.99462E-005 9.99462E-005
9.99372E-005 0.0123532 0.915208 9.99372E-005 9.99372E-005 0.0678057 9.99372E-005 9.99372E-005 9.99372E-005 9.99372E-005 0.00393336
9.99283E-005 9.99283E-005 0.982391 9.99283E-005 0.0103541 9.99283E-005 9.99283E-005 9.99283E-005 9.99283E-005 0.00645596 9.99283E-005
9.99372E-005 9.99372E-005 0.85652 9.99372E-005 9.99372E-005 9.99372E-005 9.99372E-005 0.0660927 0.0412991 0.035389 9.99372E-005
9.99372E-005 0.0154266 0.872853 9.99372E-005 9.99372E-005 9.99372E-005 9.99372E-005 0.0775151 0.0335055 9.99372E-005 9.99372E-005
9.99372E-005 9.99372E-005 0.94885 0.0238085 9.99372E-005 9.99372E-005 9.99372E-005 9.99372E-005 0.0128741 9.99372E-005 0.0137676
9.99282E-005 0.0320412 0.91877 0.0483889 9.99282E-005 9.99282E-005 9.99282E-005 9.99282E-005 9.99282E-005 9.99282E-005 9.99282E-005
9.99461E-005 9.99461E-005 0.878681 0.0743789 9.99461E-005 0.00581861 9.99461E-005 0.0382601 9.99461E-005 9.99461E-005 0.00226193
9.99372E-005 9.99372E-005 0.89329 9.99372E-005 0.0183082 0.0456317 9.99372E-005 9.99372E-005 0.0420703 9.99372E-005 9.99372E-005
0.0167019 9.99372E-005 0.839699 9.99372E-005 9.99372E-005 0.0617597 9.99372E-005 9.99372E-005 0.0811395 9.99372E-005 9.99372E-005
9.995E-005 0.0755628 0.0317762 0.609696 0.207764 9.995E-005 0.0717674 9.995E-005 0.00293319 9.995E-005 9.995E-005
9.99461E-005 9.99461E-005 0.0343843 0.567552 0.211625 9.99461E-005 0.134733 0.0511061 9.99461E-005 9.99461E-005 9.99461E-005
9.99641E-005 9.99641E-005 9.99641E-005 0.286934 0.237238 0.0684694 0.196554 0.102001 0.00868348 0.0997199 9.99641E-005
0.0225077 9.99282E-005 0.00145573 9.99282E-005 9.99282E-005 9.99282E-005 9.99282E-005 9.99282E-005 9.99282E-005 0.975237 9.99282E-005
0.0548946 9.99282E-005 9.99282E-005 9.99282E-005 0.0156827 9.99282E-005 9.99282E-005 9.99282E-005 9.99282E-005 0.928623 9.99282E-005
0.0714635 9.99201E-005 9.99201E-005 0.0532035 9.99201E-005 9.99201E-005 9.99201E-005 9.99201E-005 9.99201E-005 0.874534 9.99201E-005
0.0799675 9.99371E-005 9.99371E-005 0.0140976 0.0294716 9.99371E-005 9.99371E-005 9.99371E-005 9.99371E-005 0.875764 9.99371E-005
0.333466 9.99282E-005 9.99282E-005 9.99282E-005 9.99282E-005 0.105276 9.99282E-005 0.560459 9.99282E-005 9.99282E-005 9.99282E-005
0.450492 9.99461E-005 9.99461E-005 9.99461E-005 0.0168061 9.99461E-005 0.0351672 0.47826 9.99461E-005 0.018675 9.99461E-005
0.300631 9.99551E-005 9.99551E-005 0.12588 9.99551E-005 9.99551E-005 0.00303471 0.544018 0.00494363 0.0209928 9.99551E-005
9.99641E-005 9.99641E-005 0.00124594 0.586981 0.222197 0.0945239 0.0224553 0.068368 9.99641E-005 9.99641E-005 0.00382898
9.99461E-005 9.99461E-005 9.99461E-005 0.650871 0.200333 9.99461E-005 9.99461E-005 0.116057 0.0244651 9.99461E-005 0.00767432
0.0746669 9.996E-005 0.0684285 0.49916 0.166954 9.996E-005 0.116658 0.0733325 9.996E-005 9.996E-005 0.000400629
0.00234149 9.9973E-005 0.0439662 0.588624 0.209217 9.9973E-005 0.0117484 0.0789645 0.0563364 9.9973E-005 0.00850222
