9.99551E-005 0.00482528 0.0724566 9.99551E-005 0.0187874 0.00748117 9.99551E-005 9.99551E-005 9.99551E-005 0.0268827 0.869067
9.99281E-005 9.99281E-005 9.99281E-005 9.99281E-005 0.00101366 9.99281E-005 0.173771 9.99281E-005 9.99281E-005 9.99281E-005 0.824416
9.99371E-005 9.99371E-005 9.99371E-005 9.99371E-005 0.0208983 9.99371E-005 0.282612 9.99371E-005 9.99371E-005 0.0630748 0.632715
0.0639655 9.99372E-005 9.99372E-005 9.99372E-005 9.99372E-005 9.99372E-005 0.585543 0.00606222 9.99372E-005 9.99372E-005 0.34373
9.99371E-005 9.99371E-005 0.0465594 9.99371E-005 9.99371E-005 9.99371E-005 0.258359 9.99371E-005 9.99371E-005 0.0131835 0.681198
9.99101E-005 9.99101E-005 9.99101E-005 9.99101E-005 9.99101E-005 9.99101E-005 9.99101E-005 9.99101E-005 9.99101E-005 9.99101E-005 0.999001
9.99191E-005 9.99191E-005 9.99191E-005 9.99191E-005 0.0119189 9.99191E-005 9.99191E-005 9.99191E-005 9.99191E-005 9.99191E-005 0.987182
0.0740742 0.0233294 0.04851 9.99551E-005 9.99551E-005 0.0359486 9.99551E-005 0.0613179 9.99551E-005 9.99551E-005 0.75632
0.0099754 9.99371E-005 9.99371E-005 0.066986 9.99371E-005 9.99371E-005 9.99371E-005 0.0109904 9.99371E-005 9.99371E-005 0.911349
9.99281E-005 9.99281E-005 9.99281E-005 0.0806364 9.99281E-005 9.99281E-005 9.99281E-005 0.0536784 9.99281E-005 9.99281E-005 0.864886
9.99282E-005 9.99282E-005 9.99282E-005 9.99282E-005 9.99282E-005 0.0520265 9.99282E-005 9.99282E-005 0.0447075 9.99282E-005 0.902467
9.99192E-005 9.99192E-005 9.99192E-005 9.99192E-005 0.0344036 9.99192E-005 0.964697 9.99192E-005 9.99192E-005 9.99192E-005 9.99192E-005
9.99282E-005 9.99282E-005 9.99282E-005 9.99282E-005 9.99282E-005 9.99282E-005 0.904292 9.99282E-005 0.00450822 9.99282E-005 0.0904005
9.99283E-005 9.99283E-005 9.99283E-005 9.99283E-005 9.99283E-005 9.99283E-005 0.926225 9.99283E-005 0.0500256 9.99283E-005 0.0229503
9.99372E-005 0.00569982 9.99372E-005 0.0860494 9.99372E-005 0.0590683 0.848483 9.99372E-005 9.99372E-005 9.99372E-005 9.99372E-005
0.00374878 9.99372E-005 9.99372E-005 9.99372E-005 9.99372E-005 9.99372E-005 0.91138 0.00841587 9.99372E-005 0.0757562 9.99372E-005
9.99102E-005 9.99102E-005 9.99102E-005 9.99102E-005 9.99102E-005 9.99102E-005 0.999001 9.99102E-005 9.99102E-005 9.99102E-005 9.99102E-005
9.99281E-005 9.99281E-005 9.99281E-005 9.99281E-005 9.99281E-005 0.0163829 0.897338 9.99281E-005 9.99281E-005 0.0854796 9.99281E-005
9.996E-005 9.996E-005 0.0305765 9.996E-005 0.546251 9.996E-005 0.0125728 0.268647 0.016245 0.0843683 0.040939
9.99282E-005 9.99282E-005 9.99282E-005 9.99282E-005 0.0208539 9.99282E-005 0.134903 0.843443 9.99282E-005 9.99282E-005 9.99282E-005
9.99192E-005 9.99192E-005 9.99192E-005 9.99192E-005 0.0942707 9.99192E-005 9.99192E-005 0.90483 9.99192E-005 9.99192E-005 9.99192E-005
9.99551E-005 9.99551E-005 0.000545832 9.99551E-005 0.253215 9.99551E-005 9.99551E-005 0.643772 0.026432 0.000532213 0.0750033
9.99371E-005 9.99371E-005 9.99371E-005 9.99371E-005 0.0536826 0.0283503 9.99371E-005 0.871501 0.0457669 9.99371E-005 9.99371E-005
9.99101E-005 9.99101E-005 9.99101E-005 9.99101E-005 0.999001 9.99101E-005 9.99101E-005 9.99101E-005 9.99101E-005 9.99101E-005 9.99101E-005
9.99191E-005 9.99191E-005 9.99191E-005 9.99191E-005 0.988537 9.99191E-005 9.99191E-005 0.0105637 9.99191E-005 9.99191E-005 9.99191E-005
9.99101E-005 9.99101E-005 9.99101E-005 9.99101E-005 0.999001 9.99101E-005 9.99101E-005 9.99101E-005 9.99101E-005 9.99101E-005 9.99101E-005
0.0460065 9.99641E-005 0.0775447 0.0360093 0.0931756 9.99641E-005 9.99641E-005 0.708525 9.99641E-005 0.0217544 0.0165844
9.99281E-005 0.00197622 9.99281E-005 9.99281E-005 0.759894 9.99281E-005 9.99281E-005 0.23733 9.99281E-005 9.99281E-005 9.99281E-005
9.99372E-005 9.99372E-005 9.99372E-005 9.99372E-005 0.0327576 0.018678 9.99372E-005 0.913373 9.99372E-005 0.0344923 9.99372E-005
9.99101E-005 9.99101E-005 9.99101E-005 9.99101E-005 0.999001 9.99101E-005 9.99101E-005 9.99101E-005 9.99101E-005 9.99101E-005 9.99101E-005
0.0165887 9.99372E-005 9.99372E-005 9.99372E-005 0.176674 9.99372E-005 9.99372E-005 0.757704 9.99372E-005 9.99372E-005 0.0483336
9.99101E-005 9.99101E-005 9.99101E-005 9.99101E-005 0.999001 9.99101E-005 9.99101E-005 9.99101E-005 9.99101E-005 9.99101E-005 9.99101E-005
9.99372E-005 9.99372E-005 9.99372E-005 9.99372E-005 0.116051 9.99372E-005 0.0070208 0.767431 9.99372E-005 0.108797 9.99372E-005
9.99462E-005 0.00687639 9.99462E-005 9.99462E-005 0.284214 9.99462E-005 9.99462E-005 0.618864 0.0278134 9.99462E-005 0.0616326
9.995E-005 0.0162209 0.0280024 0.0332053 0.170885 9.995E-005 9.995E-005 0.726429 9.995E-005 0.0247578 9.995E-005
9.99282E-005 9.99282E-005 9.99282E-005 9.99282E-005 0.142094 9.99282E-005 9.99282E-005 0.808938 9.99282E-005 9.99282E-005 0.0481683
0.0801354 9.99551E-005 9.99551E-005 9.99551E-005 0.113056 0.0178101 9.99551E-005 0.742097 0.00592952 9.99551E-005 0.0404726
9.99551E-005 9.99551E-005 0.702045 0.0168499 9.99551E-005 9.99551E-005 0.129411 0.0391197 0.036998 0.0750767 9.99551E-005
9.99281E-005 9.99281E-005 0.987072 9.99281E-005 9.99281E-005 0.00666763 9.99281E-005 9.99281E-005 0.00546065 9.99281E-005 9.99281E-005
9.99552E-005 0.0498618 0.800183 0.0133189 0.0272273 9.99552E-005 9.99552E-005 9.99552E-005 9.99552E-005 0.0836415 0.025268
9.99282E-005 9.99282E-005 0.844346 9.99282E-005 9.99282E-005 0.0219038 9.99282E-005 9.99282E-005 9.99282E-005 0.13295 9.99282E-005
9.99462E-005 0.032091 0.770779 9.99462E-005 0.0202425 9.99462E-005 0.000487347 9.99462E-005 9.99462E-005 0.175801 9.99462E-005
0.0229608 9.99281E-005 0.950753 9.99281E-005 9.99281E-005 9.99281E-005 9.99281E-005 9.99281E-005 9.99281E-005 0.025487 9.99281E-005
9.99282E-005 0.00240613 0.792895 9.99282E-005 9.99282E-005 9.99282E-005 9.99282E-005 9.99282E-005 9.99282E-005 0.203899 9.99282E-005
0.0479458 9.99461E-005 0.786981 9.99461E-005 0.00634074 9.99461E-005 0.142034 9.99461E-005 9.99461E-005 0.0160993 9.99461E-005
9.99282E-005 9.99282E-005 0.969715 9.99282E-005 0.00661026 9.99282E-005 9.99282E-005 9.99282E-005 9.99282E-005 0.022875 9.99282E-005
0.603639 9.99551E-005 0.0270413 0.0729618 0.0272247 9.99551E-005 0.254178 9.99551E-005 0.0144553 9.99551E-005 9.99551E-005
9.99108E-005 9.99108E-005 9.99108E-005 9.99108E-005 9.99108E-005 0.999001 9.99108E-005 9.99108E-005 9.99108E-005 9.99108E-005 9.99108E-005
9.99368E-005 9.99368E-005 0.0532977 0.0298488 9.99368E-005 0.913678 9.99368E-005 9.99368E-005 0.00247567 9.99368E-005 9.99368E-005
0.883117 0.00127629 9.99283E-005 9.99283E-005 9.99283E-005 9.99283E-005 9.99283E-005 9.99283E-005 9.99283E-005 0.114807 9.99283E-005
0.344645 9.99278E-005 9.99278E-005 0.1203 9.99278E-005 0.534255 9.99278E-005 9.99278E-005 9.99278E-005 9.99278E-005 9.99278E-005
0.941182 9.99372E-005 0.0119764 9.99372E-005 0.0400077 9.99372E-005 0.00613454 9.99372E-005 9.99372E-005 9.99372E-005 9.99372E-005
0.80149 0.0262357 0.0268385 0.0107927 9.99461E-005 9.99461E-005 9.99461E-005 0.134043 9.99461E-005 9.99461E-005 9.99461E-005
0.731393 0.00404159 0.103508 9.9973E-005 0.0168397 0.00225281 0.0911488 9.9973E-005 0.0296319 9.9973E-005 0.0208847
0.857321 9.99372E-005 9.99372E-005 0.0477034 9.99372E-005 9.99372E-005 0.0652342 9.99372E-005 9.99372E-005 9.99372E-005 0.0290423
0.93463 9.99282E-005 0.00844603 9.99282E-005 9.99282E-005 9.99282E-005 9.99282E-005 9.99282E-005 9.99282E-005 9.99282E-005 0.0561245
0.747097 0.0642005 9.99461E-005 9.99461E-005 0.0580236 9.99461E-005 9.99461E-005 9.99461E-005 0.0269223 0.103157 9.99461E-005
0.881478 0.00704447 0.00144083 9.99461E-005 9.99461E-005 0.0116352 9.99461E-005 9.99461E-005 9.99461E-005 9.99461E-005 0.0978021
0.9615 9.99192E-005 9.99192E-005 9.99192E-005 9.99192E-005 9.99192E-005 9.99192E-005 9.99192E-005 0.0376004 9.99192E-005 9.99192E-005
0.943148 9.99192E-005 9.99192E-005 9.99192E-005 9.99192E-005 9.99192E-005 9.99192E-005 0.055953 9.99192E-005 9.99192E-005 9.99192E-005
0.485153 0.222454 9.995E-005 0.0762452 9.995E-005 9.995E-005 0.0499989 0.164476 0.00117341 9.995E-005 9.995E-005
0.52083 0.232003 9.99551E-005 0.0185538 9.99551E-005 9.99551E-005 9.99551E-005 0.217677 9.99551E-005 0.00995742 0.000479655
0.592354 0.211074 0.0280861 0.0144329 9.99552E-005 9.99552E-005 9.99552E-005 0.0971527 9.99552E-005 9.99552E-005 0.0563999
0.19928 0.566553 9.99641E-005 0.126906 0.00529627 0.000697693 9.99641E-005 0.0234688 0.0773981 9.99641E-005 9.99641E-005
0.0856194 0.472358 9.99551E-005 0.317832 0.0522805 9.99551E-005 9.99551E-005 9.99551E-005 0.0402202 0.0311894 9.99551E-005
9.99103E-005 0.999001 9.99103E-005 9.99103E-005 9.99103E-005 9.99103E-005 9.99103E-005 9.99103E-005 9.99103E-005 9.99103E-005 9.99103E-005
9.99101E-005 0.999001 9.99101E-005 9.99101E-005 9.99101E-005 9.99101E-005 9.99101E-005 9.99101E-005 9.99101E-005 9.99101E-005 9.99101E-005
0.125546 0.576602 9.99461E-005 0.0929044 9.99461E-005 9.99461E-005 9.99461E-005 0.117577 0.0867714 9.99461E-005 9.99461E-005
0.211845 0.527001 9.99372E-005 0.207482 9.99372E-005 9.99372E-005 9.99372E-005 9.99372E-005 0.0529713 9.99372E-005 9.99372E-005
9.99191E-005 0.951122 9.99191E-005 9.99191E-005 9.99191E-005 9.99191E-005 0.0479792 9.99191E-005 9.99191E-005 9.99191E-005 9.99191E-005
9.99101E-005 0.999001 9.99101E-005 9.99101E-005 9.99101E-005 9.99101E-005 9.99101E-005 9.99101E-005 9.99101E-005 9.99101E-005 9.99101E-005
0.167263 0.536889 9.99461E-005 0.103617 9.99461E-005 9.99461E-005 9.99461E-005 0.13254 0.0590915 9.99461E-005 9.99461E-005
9.99192E-005 0.989269 0.00983157 9.99192E-005 9.99192E-005 9.99192E-005 9.99192E-005 9.99192E-005 9.99192E-005 9.99192E-005 9.99192E-005
9.99191E-005 0.99468 9.99191E-005 9.99191E-005 9.99191E-005 0.0044206 9.99191E-005 9.99191E-005 9.99191E-005 9.99191E-005 9.99191E-005
9.99102E-005 0.999001 9.99102E-005 9.99102E-005 9.99102E-005 9.99102E-005 9.99102E-005 9.99102E-005 9.99102E-005 9.99102E-005 9.99102E-005
9.99192E-005 0.994398 9.99192E-005 9.99192E-005 9.99192E-005 9.99192E-005 9.99192E-005 9.99192E-005 0.00470284 9.99192E-005 9.99192E-005
9.99191E-005 0.970954 9.99191E-005 9.99191E-005 0.0281464 9.99191E-005 9.99191E-005 9.99191E-005 9.99191E-005 9.99191E-005 9.99191E-005
9.994E-005 9.994E-005 0.0100514 9.994E-005 9.994E-005 9.994E-005 0.00433128 0.914695 0.012009 0.0583137 9.994E-005
9.99461E-005 9.99461E-005 0.848053 9.99461E-005 0.00696646 9.99461E-005 9.99461E-005 9.99461E-005 0.00326932 0.100665 0.0404464
9.99371E-005 9.99371E-005 0.930523 9.99371E-005 0.0457479 9.99371E-005 9.99371E-005 9.99371E-005 0.0113953 0.0116342 9.99371E-005
9.99282E-005 0.0220052 9.99282E-005 0.974121 0.00307443 9.99282E-005 9.99282E-005 9.99282E-005 9.99282E-005 9.99282E-005 9.99282E-005
9.99282E-005 0.0509567 9.99282E-005 0.934113 9.99282E-005 9.99282E-005 9.99282E-005 9.99282E-005 0.0141313 9.99282E-005 9.99282E-005
9.99282E-005 0.0147656 9.99282E-005 0.903571 9.99282E-005 9.99282E-005 9.99282E-005 9.99282E-005 0.0808642 9.99282E-005 9.99282E-005
9.99282E-005 9.99282E-005 9.99282E-005 0.874103 9.99282E-005 9.99282E-005 9.99282E-005 9.99282E-005 0.0984594 0.0266383 9.99282E-005
0.0754075 9.99282E-005 9.99282E-005 0.785321 9.99282E-005 9.99282E-005 9.99282E-005 9.99282E-005 0.138472 9.99282E-005 9.99282E-005
9.99371E-005 9.99371E-005 9.99371E-005 0.886241 0.0186734 9.99371E-005 0.0165056 9.99371E-005 0.0778799 9.99371E-005 9.99371E-005
9.99462E-005 0.00632486 9.99462E-005 0.79632 0.0440323 9.99462E-005 9.99462E-005 0.00650877 0.146214 9.99462E-005 9.99462E-005
0.0467497 9.99372E-005 0.0248809 0.751907 9.99372E-005 9.99372E-005 9.99372E-005 9.99372E-005 0.175762 9.99372E-005 9.99372E-005
9.99201E-005 9.99201E-005 9.99201E-005 0.867274 9.99201E-005 9.99201E-005 9.99201E-005 0.0617942 0.0701326 9.99201E-005 9.99201E-005
0.0231463 9.99371E-005 9.99371E-005 0.870585 9.99371E-005 9.99371E-005 0.0363619 9.99371E-005 0.0692069 9.99371E-005 9.99371E-005
9.99283E-005 9.99283E-005 9.99283E-005 0.950402 9.99283E-005 9.99283E-005 9.99283E-005 9.99283E-005 0.037738 0.0110608 9.99283E-005
0.0275581 9.99372E-005 9.99372E-005 0.856217 9.99372E-005 0.0413176 9.99372E-005 9.99372E-005 0.0742076 9.99372E-005 9.99372E-005
0.0250987 9.99282E-005 9.99282E-005 0.951629 9.99282E-005 9.99282E-005 9.99282E-005 9.99282E-005 0.0224725 9.99282E-005 9.99282E-005
9.99281E-005 0.0264077 9.99281E-005 0.871323 9.99281E-005 9.99281E-005 9.99281E-005 9.99281E-005 0.10147 9.99281E-005 9.99281E-005
9.99372E-005 9.99372E-005 9.99372E-005 0.870948 9.99372E-005 0.000974868 9.99372E-005 9.99372E-005 0.08687 9.99372E-005 0.0405074
9.99551E-005 9.99551E-005 9.99551E-005 0.809826 0.00196782 0.0106736 9.99551E-005 0.00390945 0.106368 0.0667547 9.99551E-005
9.99282E-005 0.0482432 9.99282E-005 0.918954 9.99282E-005 9.99282E-005 9.99282E-005 9.99282E-005 0.0320031 9.99282E-005 9.99282E-005
9.99372E-005 9.99372E-005 0.0351594 0.877103 9.99372E-005 9.99372E-005 9.99372E-005 9.99372E-005 0.0691707 9.99372E-005 0.0178674
0.0224574 9.99283E-005 9.99283E-005 0.892937 9.99283E-005 9.99283E-005 9.99283E-005 9.99283E-005 0.0838058 9.99283E-005 9.99283E-005
9.99461E-005 0.0110416 9.99461E-005 0.739133 9.99461E-005 0.00706779 9.99461E-005 0.0775427 0.164616 9.99461E-005 9.99461E-005
9.99372E-005 0.0270235 9.99372E-005 0.831012 9.99372E-005 9.99372E-005 0.0091738 9.99372E-005 0.132091 9.99372E-005 9.99372E-005
9.99201E-005 9.99201E-005 9.99201E-005 0.920693 9.99201E-005 9.99201E-005 0.0499644 9.99201E-005 9.99201E-005 0.0285429 9.99201E-005
9.99282E-005 9.99282E-005 9.99282E-005 0.805826 9.99282E-005 9.99282E-005 9.99282E-005 9.99282E-005 0.164973 9.99282E-005 0.0284015
0.117465 9.99372E-005 9.99372E-005 0.794445 0.014775 9.99372E-005 9.99372E-005 9.99372E-005 0.0726157 9.99372E-005 9.99372E-005
9.99282E-005 0.00236154 9.99282E-005 0.883353 9.99282E-005 9.99282E-005 9.99282E-005 9.99282E-005 0.113486 9.99282E-005 9.99282E-005
9.99371E-005 9.99371E-005 9.99371E-005 0.851181 9.99371E-005 0.0331255 9.99371E-005 9.99371E-005 0.068783 9.99371E-005 0.0462105
0.133641 0.555806 9.99641E-005 0.218954 0.00902906 9.99641E-005 9.99641E-005 0.00698558 0.0350296 0.0401559 9.99641E-005
0.144563 0.306393 9.9964E-005 0.171319 0.000126157 0.023534 9.9964E-005 0.331571 9.9964E-005 0.022095 9.9964E-005
0.189281 0.367715 9.99552E-005 0.34318 0.0198886 9.99552E-005 9.99552E-005 0.0683706 0.0110656 9.99552E-005 9.99552E-005
9.99461E-005 0.0371831 0.0140486 9.99461E-005 9.99461E-005 9.99461E-005 0.230571 0.0541096 9.99461E-005 0.663488 9.99461E-005
9.99101E-005 9.99101E-005 9.99101E-005 9.99101E-005 9.99101E-005 9.99101E-005 9.99101E-005 9.99101E-005 9.99101E-005 0.999001 9.99101E-005
0.0278355 9.99282E-005 9.99282E-005 9.99282E-005 9.99282E-005 9.99282E-005 9.99282E-005 9.99282E-005 9.99282E-005 0.966791 0.00457371
9.99191E-005 9.99191E-005 9.99191E-005 9.99191E-005 0.00285886 9.99191E-005 9.99191E-005 9.99191E-005 9.99191E-005 0.996242 9.99191E-005
9.99192E-005 9.99192E-005 0.101357 9.99192E-005 9.99192E-005 9.99192E-005 9.99192E-005 9.99192E-005 9.99192E-005 0.897743 9.99192E-005
9.99102E-005 9.99102E-005 9.99102E-005 9.99102E-005 9.99102E-005 9.99102E-005 9.99102E-005 9.99102E-005 9.99102E-005 0.999001 9.99102E-005
0.00330846 0.013175 0.163716 9.99731E-005 0.0225056 0.00936231 0.260325 0.0942083 9.99731E-005 0.4331 9.99731E-005
9.99282E-005 9.99282E-005 0.970049 9.99282E-005 0.00650083 0.0226505 9.99282E-005 9.99282E-005 9.99282E-005 9.99282E-005 9.99282E-005
9.99102E-005 9.99102E-005 0.999001 9.99102E-005 9.99102E-005 9.99102E-005 9.99102E-005 9.99102E-005 9.99102E-005 9.99102E-005 9.99102E-005
9.99372E-005 0.0142211 0.823862 9.99372E-005 0.0501539 9.99372E-005 0.111064 9.99372E-005 9.99372E-005 9.99372E-005 9.99372E-005
9.995E-005 9.995E-005 0.00738635 0.349247 0.00995228 9.995E-005 9.995E-005 0.367104 0.0997221 0.166089 9.995E-005
0.00472626 9.9964E-005 9.9964E-005 0.0576228 0.0552635 0.0641656 0.757901 0.0340807 0.0258406 9.9964E-005 9.9964E-005
9.997E-005 0.0711578 9.997E-005 0.0360385 0.0273263 0.706115 0.11121 0.020043 0.0104559 9.997E-005 0.017354
0.724998 0.142549 9.99462E-005 0.11348 0.00336785 9.99462E-005 9.99462E-005 0.015006 9.99462E-005 9.99462E-005 9.99462E-005
0.62548 0.259928 9.99461E-005 9.99461E-005 0.0156338 9.99461E-005 9.99461E-005 0.000844024 9.99461E-005 9.99461E-005 0.0975147
9.99276E-005 9.99276E-005 9.99276E-005 0.290303 9.99276E-005 0.655076 9.99276E-005 9.99276E-005 0.0538211 9.99276E-005 9.99276E-005
9.99641E-005 0.0246537 0.000517038 0.785995 0.00164381 9.99641E-005 0.00841964 9.99641E-005 0.177181 0.00119077 9.99641E-005
9.99192E-005 9.99192E-005 9.99192E-005 0.0923743 9.99192E-005 9.99192E-005 9.99192E-005 9.99192E-005 0.906726 9.99192E-005 9.99192E-005
9.99551E-005 0.0155705 9.99551E-005 0.696971 9.99551E-005 0.0296076 0.0327155 0.0250596 0.199576 9.99551E-005 9.99551E-005
9.99101E-005 9.99101E-005 9.99101E-005 9.99101E-005 9.99101E-005 9.99101E-005 9.99101E-005 9.99101E-005 0.999001 9.99101E-005 9.99101E-005
0.0179947 9.99461E-005 9.99461E-005 0.923088 9.99461E-005 9.99461E-005 0.0339693 9.99461E-005 0.0225435 0.00180521 9.99461E-005
0.0214605 0.00901096 9.99462E-005 0.884902 9.99462E-005 9.99462E-005 9.99462E-005 9.99462E-005 0.077819 9.99462E-005 0.00620752
9.99462E-005 0.0160345 9.99462E-005 0.914039 0.00279743 9.99462E-005 9.99462E-005 9.99462E-005 0.0318207 0.0347091 9.99462E-005
9.99101E-005 9.99101E-005 9.99101E-005 9.99101E-005 9.99101E-005 9.99101E-005 9.99101E-005 9.99101E-005 0.999001 9.99101E-005 9.99101E-005
9.99641E-005 0.00387495 0.0282846 0.83494 9.99641E-005 0.0026732 9.99641E-005 0.0177586 0.10501 0.00705884 9.99641E-005
9.99282E-005 0.0464167 9.99282E-005 0.846233 9.99282E-005 9.99282E-005 9.99282E-005 9.99282E-005 0.10655 9.99282E-005 9.99282E-005
9.99283E-005 9.99283E-005 9.99283E-005 0.876 9.99283E-005 9.99283E-005 0.0292534 9.99283E-005 0.0939472 9.99283E-005 9.99283E-005
9.99461E-005 0.00152194 0.00605789 0.869789 9.99461E-005 9.99461E-005 9.99461E-005 0.0346599 0.0873719 9.99461E-005 9.99461E-005
9.99372E-005 9.99372E-005 9.99372E-005 0.779958 9.99372E-005 9.99372E-005 0.0116266 0.090704 0.117012 9.99372E-005 9.99372E-005
0.0109806 9.99462E-005 9.99462E-005 0.909064 0.0336813 9.99462E-005 9.99462E-005 0.00513545 0.0405387 9.99462E-005 9.99462E-005
0.0267381 9.99462E-005 9.99462E-005 0.711342 9.99462E-005 0.00537448 0.0204804 9.99462E-005 0.235465 9.99462E-005 9.99462E-005
9.99552E-005 0.046964 9.99552E-005 9.99552E-005 0.072339 9.99552E-005 9.99552E-005 0.676986 0.00885858 0.111015 0.0833379
9.99461E-005 9.99461E-005 9.99461E-005 0.00787645 0.0299519 9.99461E-005 9.99461E-005 0.791719 9.99461E-005 0.0490503 0.120802
9.99461E-005 0.0240649 0.110218 9.99461E-005 0.078543 9.99461E-005 9.99461E-005 0.630105 9.99461E-005 9.99461E-005 0.156469
9.99193E-005 9.99193E-005 0.987237 9.99193E-005 9.99193E-005 9.99193E-005 9.99193E-005 0.0118642 9.99193E-005 9.99193E-005 9.99193E-005
9.99282E-005 9.99282E-005 0.97769 9.99282E-005 0.020747 9.99282E-005 9.99282E-005 9.99282E-005 0.000763174 9.99282E-005 9.99282E-005
9.99283E-005 9.99283E-005 0.919081 0.00657592 9.99283E-005 9.99283E-005 9.99283E-005 0.073544 9.99283E-005 9.99283E-005 9.99283E-005
0.0116445 9.99461E-005 0.85482 9.99461E-005 0.0232712 9.99461E-005 0.0932996 9.99461E-005 9.99461E-005 0.0163649 9.99461E-005
0.680674 0.173737 9.995E-005 0.0280218 0.00894197 9.995E-005 0.0808989 0.0272266 9.995E-005 9.995E-005 9.995E-005
0.747634 0.182321 9.99551E-005 9.99551E-005 0.0338439 9.99551E-005 9.99551E-005 0.00721969 0.0012819 0.0271988 9.99551E-005
0.50016 0.243078 0.0190651 0.0144101 9.99552E-005 9.99552E-005 9.99552E-005 0.192754 9.99552E-005 0.0300331 9.99552E-005
9.99731E-005 0.0107983 0.040393 9.99731E-005 0.0575083 9.99731E-005 0.0209335 0.780479 0.00931604 0.0564513 0.0238201
9.99551E-005 9.99551E-005 0.00618578 9.99551E-005 0.00318882 0.0110537 0.032457 0.942534 9.99551E-005 0.00408083 9.99551E-005
0.00310748 0.0162829 9.997E-005 0.0718814 0.0115926 9.997E-005 0.235415 0.642769 9.997E-005 0.00744759 0.0112038
9.99372E-005 0.00466205 9.99372E-005 0.0361885 9.99372E-005 0.0277046 9.99372E-005 0.930745 9.99372E-005 9.99372E-005 9.99372E-005
