0.0160093 9.99551E-005 0.000748875 0.0316104 9.99551E-005 0.944129 0.00700291 9.99551E-005 9.99551E-005 9.99551E-005
9.99281E-005 9.99281E-005 9.99281E-005 0.0159979 9.99281E-005 0.983203 9.99281E-005 9.99281E-005 9.99281E-005 9.99281E-005
9.99282E-005 9.99282E-005 9.99282E-005 0.0308209 9.99282E-005 0.96838 9.99282E-005 9.99282E-005 9.99282E-005 9.99282E-005
0.0642527 9.99552E-005 9.99552E-005 0.00760914 0.0904021 0.681734 9.99552E-005 9.99552E-005 9.99552E-005 0.155502
0.087518 9.99371E-005 9.99371E-005 0.0220825 9.99371E-005 0.8897 9.99371E-005 9.99371E-005 9.99371E-005 9.99371E-005
9.99201E-005 9.99201E-005 9.99201E-005 9.99201E-005 9.99201E-005 0.999101 9.99201E-005 9.99201E-005 9.99201E-005 9.99201E-005
9.99281E-005 9.99281E-005 9.99281E-005 0.0114642 9.99281E-005 0.987736 9.99281E-005 9.99281E-005 9.99281E-005 9.99281E-005
0.0490118 0.0230295 9.99641E-005 9.99641E-005 0.0726195 0.713975 0.0182869 9.99641E-005 9.99641E-005 0.122677
9.9964E-005 9.9964E-005 0.066487 9.9964E-005 0.0479004 0.815201 9.9964E-005 0.0363799 0.0263199 0.00731217
9.99461E-005 9.99461E-005 0.0374736 9.99461E-005 0.0740916 0.80014 9.99461E-005 0.087695 9.99461E-005 9.99461E-005
9.99371E-005 9.99371E-005 0.0861757 9.99371E-005 9.99371E-005 0.858878 9.99371E-005 9.99371E-005 0.0542471 9.99371E-005
0.174603 0.0144894 9.99641E-005 0.0663419 0.13822 0.577527 9.99641E-005 9.99641E-005 9.99641E-005 0.0284196
0.0859293 9.99731E-005 0.00077076 0.00578763 0.0578564 0.701606 9.99731E-005 9.99731E-005 0.048478 0.0992717
0.206603 0.0272485 0.00547912 9.99642E-005 9.99642E-005 0.676844 9.99642E-005 9.99642E-005 0.0533979 0.0300271
0.103568 0.029208 0.0614626 9.99731E-005 0.137144 0.389196 9.99731E-005 0.0411804 9.99731E-005 0.237941
0.146325 0.0195981 0.0232221 9.99641E-005 0.159108 0.565993 9.99641E-005 9.99641E-005 9.99641E-005 0.0853538
0.175611 9.99551E-005 9.99551E-005 9.99551E-005 0.133276 0.592091 0.00822426 9.99551E-005 9.99551E-005 0.0902973
0.212175 9.99641E-005 0.013811 9.99641E-005 0.148502 0.569372 0.0240874 9.99641E-005 9.99641E-005 0.0316524
0.0813712 0.00727039 9.99641E-005 0.536612 0.26979 0.0945463 9.99641E-005 9.99641E-005 0.0100104 9.99641E-005
0.00256938 9.99462E-005 9.99462E-005 0.0656504 0.874926 0.0562545 9.99462E-005 9.99462E-005 9.99462E-005 9.99462E-005
9.99282E-005 9.99282E-005 9.99282E-005 0.112612 0.886588 9.99282E-005 9.99282E-005 9.99282E-005 9.99282E-005 9.99282E-005
9.99551E-005 9.99551E-005 9.99551E-005 0.271727 0.615598 0.0448967 0.0142689 9.99551E-005 0.0530096 9.99551E-005
9.99461E-005 9.99461E-005 0.0448216 0.0533107 0.840513 9.99461E-005 9.99461E-005 9.99461E-005 0.0607547 9.99461E-005
9.99201E-005 9.99201E-005 9.99201E-005 0.999101 9.99201E-005 9.99201E-005 9.99201E-005 9.99201E-005 9.99201E-005 9.99201E-005
9.99201E-005 9.99201E-005 9.99201E-005 0.999101 9.99201E-005 9.99201E-005 9.99201E-005 9.99201E-005 9.99201E-005 9.99201E-005
9.99201E-005 9.99201E-005 9.99201E-005 0.999101 9.99201E-005 9.99201E-005 9.99201E-005 9.99201E-005 9.99201E-005 9.99201E-005
0.0622542 9.99641E-005 9.99641E-005 0.0927435 0.724581 0.0186283 9.99641E-005 0.0618892 9.99641E-005 0.0395035
9.99461E-005 0.00232049 9.99461E-005 0.765346 0.218537 0.0131964 9.99461E-005 9.99461E-005 9.99461E-005 9.99461E-005
9.99461E-005 9.99461E-005 0.000381725 0.0625725 0.895149 9.99461E-005 9.99461E-005 9.99461E-005 9.99461E-005 0.041297
9.99201E-005 9.99201E-005 9.99201E-005 0.999101 9.99201E-005 9.99201E-005 9.99201E-005 9.99201E-005 9.99201E-005 9.99201E-005
9.99461E-005 9.99461E-005 9.99461E-005 0.190842 0.670546 0.0886788 9.99461E-005 9.99461E-005 9.99461E-005 0.0493329
9.99281E-005 9.99281E-005 0.00206654 0.997134 9.99281E-005 9.99281E-005 9.99281E-005 9.99281E-005 9.99281E-005 9.99281E-005
0.0509826 9.99372E-005 9.99372E-005 0.100994 0.847324 9.99372E-005 9.99372E-005 9.99372E-005 9.99372E-005 9.99372E-005
9.99372E-005 9.99372E-005 9.99372E-005 0.275844 0.703088 9.99372E-005 9.99372E-005 9.99372E-005 0.0203683 9.99372E-005
0.0349307 9.99641E-005 0.00111421 0.154823 0.759381 9.99641E-005 9.99641E-005 0.0335451 0.0158061 9.99641E-005
9.99371E-005 9.99371E-005 9.99371E-005 0.14391 0.825007 0.0303831 9.99371E-005 9.99371E-005 9.99371E-005 9.99371E-005
9.99551E-005 9.99551E-005 9.99551E-005 0.117874 0.767861 9.99551E-005 0.0128984 9.99551E-005 0.00879648 0.0920696
0.764123 0.00394009 9.99641E-005 9.99641E-005 0.0708332 0.0965981 9.99641E-005 0.0170703 0.0470356 9.99641E-005
0.985711 9.99281E-005 0.0134892 9.99281E-005 9.99281E-005 9.99281E-005 9.99281E-005 9.99281E-005 9.99281E-005 9.99281E-005
0.834186 0.0273481 9.99551E-005 0.0323432 9.99551E-005 0.0519481 9.99551E-005 0.0536751 9.99551E-005 9.99551E-005
0.949873 9.99641E-005 0.000988736 9.99641E-005 0.00449606 0.00335059 0.0258123 0.0150796 9.99641E-005 9.99641E-005
0.898939 0.0258341 9.99641E-005 0.0407672 9.99641E-005 0.00338816 0.00997585 9.99641E-005 9.99641E-005 0.0206962
0.962903 9.99461E-005 9.99461E-005 0.0129755 9.99461E-005 9.99461E-005 0.00139509 9.99461E-005 9.99461E-005 0.0221269
0.958532 0.0098896 9.99461E-005 9.99461E-005 0.0113927 0.0195863 9.99461E-005 9.99461E-005 9.99461E-005 9.99461E-005
0.847745 9.99461E-005 9.99461E-005 0.0374954 9.99461E-005 0.0243769 9.99461E-005 9.99461E-005 9.99461E-005 0.0897833
0.971141 9.99282E-005 9.99282E-005 0.02806 9.99282E-005 9.99282E-005 9.99282E-005 9.99282E-005 9.99282E-005 9.99282E-005
0.0947117 9.99551E-005 9.99551E-005 0.03569 9.99551E-005 0.103074 9.99551E-005 0.102811 9.99551E-005 0.663214
9.99201E-005 9.99201E-005 9.99201E-005 9.99201E-005 9.99201E-005 9.99201E-005 0.999101 9.99201E-005 9.99201E-005 9.99201E-005
0.0217141 9.99371E-005 0.972111 9.99371E-005 9.99371E-005 9.99371E-005 0.00547539 9.99371E-005 9.99371E-005 9.99371E-005
0.0594238 0.00419254 9.99373E-005 9.99373E-005 9.99373E-005 9.99373E-005 9.99373E-005 9.99373E-005 9.99373E-005 0.935684
9.9928E-005 9.9928E-005 0.717912 9.9928E-005 9.9928E-005 9.9928E-005 9.9928E-005 9.9928E-005 9.9928E-005 0.281289
9.99282E-005 9.99282E-005 9.99282E-005 0.0362151 9.99282E-005 9.99282E-005 9.99282E-005 9.99282E-005 9.99282E-005 0.962986
9.99461E-005 0.0130767 9.99461E-005 9.99461E-005 0.0896276 9.99461E-005 9.99461E-005 9.99461E-005 0.0497824 0.846914
0.0982689 9.99641E-005 9.99641E-005 0.0456481 9.99641E-005 0.0423718 0.010272 9.99641E-005 0.0573482 0.745691
9.99372E-005 9.99372E-005 9.99372E-005 9.99372E-005 9.99372E-005 0.0442895 9.99372E-005 0.0596308 9.99372E-005 0.89538
9.99372E-005 9.99372E-005 9.99372E-005 9.99372E-005 9.99372E-005 0.0277138 0.00858312 9.99372E-005 9.99372E-005 0.963004
0.0422588 0.0653269 9.9955E-005 0.0621302 9.9955E-005 9.9955E-005 9.9955E-005 9.9955E-005 0.0415364 0.788248
9.99372E-005 9.99372E-005 0.00920323 9.99372E-005 9.99372E-005 0.056918 9.99372E-005 9.99372E-005 9.99372E-005 0.933179
9.99281E-005 9.99281E-005 9.99281E-005 9.99281E-005 9.99281E-005 9.99281E-005 9.99281E-005 9.99281E-005 0.0524221 0.946778
9.99371E-005 9.99371E-005 9.99371E-005 9.99371E-005 0.0237789 9.99371E-005 9.99371E-005 0.0034095 9.99371E-005 0.972112
9.99551E-005 0.216625 9.99551E-005 9.99551E-005 0.205204 9.99551E-005 9.99551E-005 0.00275142 0.0905784 0.484341
9.99551E-005 0.25307 0.0110765 9.99551E-005 0.206011 9.99551E-005 9.99551E-005 0.00265025 9.99551E-005 0.526693
0.0588171 0.229402 9.99641E-005 9.99641E-005 0.0916228 9.99641E-005 0.0153523 0.0410658 9.99641E-005 0.563341
9.99551E-005 0.586522 0.0569686 0.0223306 9.99551E-005 9.99551E-005 9.99551E-005 9.99551E-005 0.198854 0.134825
9.99551E-005 0.478173 9.99551E-005 0.0519628 9.99551E-005 9.99551E-005 9.99551E-005 0.190115 0.186259 0.0929905
9.99201E-005 0.999101 9.99201E-005 9.99201E-005 9.99201E-005 9.99201E-005 9.99201E-005 9.99201E-005 9.99201E-005 9.99201E-005
9.99201E-005 0.999101 9.99201E-005 9.99201E-005 9.99201E-005 9.99201E-005 9.99201E-005 9.99201E-005 9.99201E-005 9.99201E-005
9.99551E-005 0.565608 9.99551E-005 9.99551E-005 0.0864664 9.99551E-005 9.99551E-005 0.019761 0.169408 0.158256
9.99461E-005 0.534633 9.99461E-005 9.99461E-005 9.99461E-005 9.99461E-005 9.99461E-005 0.0536407 0.21827 0.192856
0.0155235 0.980898 9.99371E-005 9.99371E-005 9.99371E-005 0.00287877 9.99371E-005 9.99371E-005 9.99371E-005 9.99371E-005
9.99201E-005 0.999101 9.99201E-005 9.99201E-005 9.99201E-005 9.99201E-005 9.99201E-005 9.99201E-005 9.99201E-005 9.99201E-005
9.99641E-005 0.539776 9.99641E-005 9.99641E-005 0.113001 9.99641E-005 0.00166353 0.0179541 0.169897 0.157309
9.99201E-005 0.999101 9.99201E-005 9.99201E-005 9.99201E-005 9.99201E-005 9.99201E-005 9.99201E-005 9.99201E-005 9.99201E-005
9.9928E-005 0.987748 9.9928E-005 9.9928E-005 9.9928E-005 9.9928E-005 0.0114523 9.9928E-005 9.9928E-005 9.9928E-005
9.99201E-005 0.999101 9.99201E-005 9.99201E-005 9.99201E-005 9.99201E-005 9.99201E-005 9.99201E-005 9.99201E-005 9.99201E-005
9.99201E-005 0.999101 9.99201E-005 9.99201E-005 9.99201E-005 9.99201E-005 9.99201E-005 9.99201E-005 9.99201E-005 9.99201E-005
9.99281E-005 0.967139 9.99281E-005 0.0320617 9.99281E-005 9.99281E-005 9.99281E-005 9.99281E-005 9.99281E-005 9.99281E-005
0.0491587 9.99283E-005 9.99283E-005 9.99283E-005 0.950042 9.99283E-005 9.99283E-005 9.99283E-005 9.99283E-005 9.99283E-005
0.912617 0.00136711 0.00567823 0.0362527 9.9973E-005 0.028833 0.00705591 9.9973E-005 0.007896 9.9973E-005
0.944125 9.99282E-005 9.99282E-005 0.0550758 9.99282E-005 9.99282E-005 9.99282E-005 9.99282E-005 9.99282E-005 9.99282E-005
9.99371E-005 0.0263569 9.99371E-005 9.99371E-005 9.99371E-005 9.99371E-005 9.99371E-005 0.916764 0.0561792 9.99371E-005
9.99461E-005 0.0399825 0.0240942 9.99461E-005 9.99461E-005 9.99461E-005 9.99461E-005 0.772429 0.162895 9.99461E-005
9.99462E-005 0.020371 0.0137903 9.99462E-005 9.99462E-005 9.99462E-005 9.99462E-005 0.833144 0.132095 9.99462E-005
0.00927996 9.99372E-005 9.99372E-005 9.99372E-005 9.99372E-005 9.99372E-005 9.99372E-005 0.954497 0.0355231 9.99372E-005
9.99462E-005 0.00593957 9.99462E-005 9.99462E-005 9.99462E-005 9.99462E-005 9.99462E-005 0.488877 0.472596 0.0319886
9.99461E-005 9.99461E-005 0.000914337 0.0198056 9.99461E-005 9.99461E-005 9.99461E-005 0.736519 0.242161 9.99461E-005
9.99552E-005 0.019773 0.0243096 0.0304356 9.99552E-005 9.99552E-005 9.99552E-005 0.5099 0.415082 9.99552E-005
9.99462E-005 0.00152189 9.99462E-005 9.99462E-005 9.99462E-005 9.99462E-005 9.99462E-005 0.527929 0.426778 0.0431714
9.99473E-005 9.99473E-005 9.99473E-005 9.99473E-005 0.0527693 9.99473E-005 0.00776724 0.812055 0.126809 9.99473E-005
9.99371E-005 9.99371E-005 9.99371E-005 9.99371E-005 9.99371E-005 0.024142 9.99371E-005 0.946897 0.028261 9.99371E-005
9.99201E-005 9.99201E-005 9.99201E-005 9.99201E-005 9.99201E-005 9.99201E-005 9.99201E-005 0.999101 9.99201E-005 9.99201E-005
9.99641E-005 0.0043111 0.0292738 9.99641E-005 9.99641E-005 9.99641E-005 0.0143547 0.876412 0.0729106 0.00233793
9.99282E-005 9.99282E-005 9.99282E-005 9.99282E-005 9.99282E-005 9.99282E-005 9.99282E-005 0.943681 0.0555192 9.99282E-005
9.99371E-005 0.0114714 9.99371E-005 9.99371E-005 9.99371E-005 9.99371E-005 9.99371E-005 0.87641 0.111419 9.99371E-005
9.99462E-005 9.99462E-005 0.00672577 9.99462E-005 9.99462E-005 0.000602255 9.99462E-005 0.939407 0.0526655 9.99462E-005
9.99551E-005 9.99551E-005 0.0702416 0.0118027 9.99551E-005 0.0188513 9.99551E-005 0.553861 0.344743 9.99551E-005
9.99461E-005 0.0396504 0.0161637 9.99461E-005 9.99461E-005 9.99461E-005 9.99461E-005 0.874303 0.0692832 9.99461E-005
0.00890903 9.99372E-005 9.99372E-005 9.99372E-005 9.99372E-005 9.99372E-005 9.99372E-005 0.788196 0.202195 9.99372E-005
9.99201E-005 9.99201E-005 9.99201E-005 9.99201E-005 9.99201E-005 9.99201E-005 9.99201E-005 0.999101 9.99201E-005 9.99201E-005
9.99551E-005 0.0236786 0.0352947 9.99551E-005 0.0373616 9.99551E-005 9.99551E-005 0.33354 0.569625 9.99551E-005
9.99461E-005 0.00111733 0.00326194 9.99461E-005 9.99461E-005 9.99461E-005 9.99461E-005 0.462196 0.532825 9.99461E-005
0.00459701 0.0198479 0.00300081 9.99641E-005 0.00857382 0.0095451 9.99641E-005 0.954036 9.99641E-005 9.99641E-005
9.99371E-005 9.99371E-005 0.0275706 9.99371E-005 9.99371E-005 9.99371E-005 9.99371E-005 0.291228 0.680502 9.99371E-005
9.99641E-005 9.99641E-005 0.0124598 0.00526828 9.99641E-005 9.99641E-005 0.000973071 0.850481 0.0347903 0.0956274
9.99282E-005 9.99282E-005 9.99282E-005 9.99282E-005 9.99282E-005 9.99282E-005 9.99282E-005 0.764188 0.235012 9.99282E-005
9.99641E-005 9.99641E-005 0.0238432 0.0138795 9.99641E-005 0.019085 0.0123873 0.858468 0.0719375 9.99641E-005
9.99731E-005 0.576291 0.00398762 0.00176478 0.0554469 9.99731E-005 9.99731E-005 0.0992175 0.150178 0.112815
9.9973E-005 0.333745 0.0547527 0.000974143 0.335763 9.9973E-005 9.9973E-005 0.0587645 0.0727406 0.14296
9.99641E-005 0.392988 9.99641E-005 0.0124737 0.0759825 9.99641E-005 9.99641E-005 0.303432 0.0559377 0.158787
0.452626 0.0464103 0.00592349 9.99551E-005 0.263177 0.231364 9.99551E-005 9.99551E-005 9.99551E-005 9.99551E-005
0.613322 9.99461E-005 9.99461E-005 9.99461E-005 0.157645 0.207786 9.99461E-005 9.99461E-005 0.0206472 9.99461E-005
0.569809 0.0139302 9.99552E-005 9.99552E-005 0.159742 0.193689 9.99552E-005 9.99552E-005 9.99552E-005 0.0623303
0.47879 9.99371E-005 9.99371E-005 9.99371E-005 0.226599 0.293912 9.99371E-005 9.99371E-005 9.99371E-005 9.99371E-005
0.680177 0.0202609 9.99462E-005 9.99462E-005 0.0891626 0.2098 9.99462E-005 9.99462E-005 9.99462E-005 9.99462E-005
0.587234 9.99372E-005 9.99372E-005 9.99372E-005 0.0878341 0.324232 9.99372E-005 9.99372E-005 9.99372E-005 9.99372E-005
0.48963 0.0432378 9.99731E-005 0.0247967 0.156488 0.242997 0.0139038 9.99731E-005 9.99731E-005 0.0286473
0.953878 9.99461E-005 0.0211233 0.0238054 9.99461E-005 9.99461E-005 0.000593913 9.99461E-005 9.99461E-005 9.99461E-005
0.999101 9.99201E-005 9.99201E-005 9.99201E-005 9.99201E-005 9.99201E-005 9.99201E-005 9.99201E-005 9.99201E-005 9.99201E-005
0.867232 0.0365584 9.99641E-005 0.0840001 9.99641E-005 0.00196042 0.00466079 9.99641E-005 0.00518846 9.99641E-005
0.111833 9.99462E-005 9.99462E-005 9.99462E-005 0.430049 9.99462E-005 9.99462E-005 0.220197 0.237322 9.99462E-005
0.0831468 9.9982E-005 0.0479234 0.0453893 0.151363 0.4502 0.0122051 9.9982E-005 0.0761199 0.133453
9.9937E-005 9.9937E-005 0.86992 0.0166522 9.9937E-005 0.112729 9.9937E-005 9.9937E-005 9.9937E-005 9.9937E-005
9.99641E-005 0.159691 9.99641E-005 0.0163863 0.0208529 9.99641E-005 0.00625893 0.166726 9.99641E-005 0.629686
9.99551E-005 0.256771 9.99551E-005 9.99551E-005 0.0707304 0.0553989 9.99551E-005 9.99551E-005 0.00839272 0.608208
9.99369E-005 9.99369E-005 0.943336 9.99369E-005 9.99369E-005 9.99369E-005 9.99369E-005 0.00258366 0.0533811 9.99369E-005
0.00153661 0.0165981 9.99552E-005 9.99552E-005 9.99552E-005 0.00963762 9.99552E-005 0.683298 0.288429 9.99552E-005
9.99201E-005 9.99201E-005 9.99201E-005 9.99201E-005 9.99201E-005 9.99201E-005 9.99201E-005 9.99201E-005 0.999101 9.99201E-005
9.998E-005 0.014748 0.0385112 0.00531631 0.00404274 0.0196764 0.0112195 0.582347 0.323939 9.998E-005
9.99201E-005 9.99201E-005 9.99201E-005 9.99201E-005 9.99201E-005 9.99201E-005 9.99201E-005 9.99201E-005 0.999101 9.99201E-005
9.99461E-005 9.99461E-005 9.99461E-005 9.99461E-005 0.00294815 9.99461E-005 0.0188699 0.977372 9.99461E-005 0.000210455
9.99461E-005 0.013668 9.99461E-005 9.99461E-005 9.99461E-005 9.99461E-005 9.99461E-005 0.813966 0.14475 0.0270162
0.0070497 0.00850676 9.99551E-005 0.000908047 9.99551E-005 9.99551E-005 9.99551E-005 0.836551 0.146485 9.99551E-005
9.99201E-005 9.99201E-005 9.99201E-005 9.99201E-005 9.99201E-005 9.99201E-005 9.99201E-005 9.99201E-005 0.999101 9.99201E-005
0.0179533 0.0131853 0.0125694 9.99641E-005 0.0102042 9.99641E-005 9.99641E-005 0.755015 0.190673 9.99641E-005
9.99462E-005 0.0424501 0.00399231 9.99462E-005 9.99462E-005 9.99462E-005 9.99462E-005 0.847469 0.105489 9.99462E-005
9.99282E-005 9.99282E-005 9.99282E-005 9.99282E-005 9.99282E-005 9.99282E-005 9.99282E-005 0.231528 0.767672 9.99282E-005
9.99371E-005 0.0288393 9.99371E-005 9.99371E-005 9.99371E-005 9.99371E-005 9.99371E-005 0.0417353 0.928726 9.99371E-005
9.99371E-005 9.99371E-005 9.99371E-005 9.99371E-005 0.061437 9.99371E-005 9.99371E-005 0.0773283 0.860535 9.99371E-005
9.99462E-005 9.99462E-005 0.00366437 0.0248866 9.99462E-005 9.99462E-005 9.99462E-005 0.827993 0.142857 9.99462E-005
9.99461E-005 9.99461E-005 0.0470416 9.99461E-005 9.99461E-005 9.99461E-005 9.99461E-005 0.414139 0.506712 0.0315071
0.119879 0.04819 9.99641E-005 0.0740034 0.644284 0.0891778 9.99641E-005 9.99641E-005 0.0240662 9.99641E-005
0.0262613 9.99551E-005 9.99551E-005 0.0323624 0.81961 0.115471 9.99551E-005 0.00579581 9.99551E-005 9.99551E-005
0.0558299 0.0239449 9.99551E-005 0.10378 0.620419 0.195526 9.99551E-005 9.99551E-005 9.99551E-005 9.99551E-005
0.991618 9.99282E-005 9.99282E-005 9.99282E-005 9.99282E-005 9.99282E-005 9.99282E-005 9.99282E-005 0.00758277 9.99282E-005
0.967137 9.99282E-005 9.99282E-005 0.0320634 9.99282E-005 9.99282E-005 9.99282E-005 9.99282E-005 9.99282E-005 9.99282E-005
0.956557 9.99373E-005 9.99373E-005 9.99373E-005 0.028348 9.99373E-005 9.99373E-005 9.99373E-005 9.99373E-005 0.0143958
0.886333 9.99551E-005 9.99551E-005 0.0385431 0.000233829 0.00168001 9.99551E-005 9.99551E-005 9.99551E-005 0.0727105
9.99641E-005 0.19692 0.0214058 9.99641E-005 0.0569743 0.0102924 9.99641E-005 0.0409563 9.99641E-005 0.673052
0.00890943 0.191788 0.000932451 0.0260897 0.041664 9.99731E-005 9.99731E-005 9.99731E-005 0.0640132 0.666303
0.0123666 0.218768 0.0309272 9.99731E-005 0.183846 0.00240979 9.99731E-005 9.99731E-005 0.0517821 0.499601
0.0419917 0.0011206 9.99821E-005 0.06108 0.797652 0.0616059 0.00751079 9.99821E-005 0.00480382 0.0240353
9.99462E-005 9.99462E-005 0.0097749 0.00217368 0.986363 9.99462E-005 0.00108913 9.99462E-005 9.99462E-005 9.99462E-005
0.0286012 0.0212933 9.99731E-005 0.0237049 0.710821 0.136694 9.99731E-005 0.071881 9.99731E-005 0.00670425
9.99641E-005 0.0131889 0.0233255 0.0110964 0.895063 9.99641E-005 0.00936864 0.0475573 9.99641E-005 9.99641E-005
