0.0286368 9.99641E-005 9.99641E-005 0.00285398 0.944366 0.0125637 9.99641E-005 9.99641E-005 0.00519393 0.00598589
0.0125879 9.99281E-005 9.99281E-005 9.99281E-005 0.986613 9.99281E-005 9.99281E-005 9.99281E-005 9.99281E-005 9.99281E-005
0.04822 9.99282E-005 9.99282E-005 9.99282E-005 0.950981 9.99282E-005 9.99282E-005 9.99282E-005 9.99282E-005 9.99282E-005
0.0157546 0.143583 9.99551E-005 0.0508479 0.718748 9.99551E-005 0.0705666 9.99551E-005 9.99551E-005 9.99551E-005
0.0173351 9.99461E-005 9.99461E-005 0.0934882 0.885826 0.0027514 9.99461E-005 9.99461E-005 9.99461E-005 9.99461E-005
9.99201E-005 9.99201E-005 9.99201E-005 9.99201E-005 0.999101 9.99201E-005 9.99201E-005 9.99201E-005 9.99201E-005 9.99201E-005
0.00931878 9.99281E-005 9.99281E-005 9.99281E-005 0.989882 9.99281E-005 9.99281E-005 9.99281E-005 9.99281E-005 9.99281E-005
9.99641E-005 0.0926399 9.99641E-005 0.056527 0.756507 0.0110351 0.0436749 9.99641E-005 9.99641E-005 0.0392162
9.9955E-005 0.0627053 9.9955E-005 9.9955E-005 0.827147 9.9955E-005 0.0276681 0.0643099 0.0176696 9.9955E-005
9.99461E-005 9.99461E-005 9.99461E-005 9.99461E-005 0.819953 9.99461E-005 0.0732352 0.0802093 0.0260031 9.99461E-005
9.99371E-005 9.99371E-005 0.0565207 9.99371E-005 0.869127 9.99371E-005 9.99371E-005 9.99371E-005 0.0736524 9.99371E-005
0.0730981 0.00649482 0.0142991 0.152135 0.601052 9.99731E-005 0.151548 9.99731E-005 9.99731E-005 0.00107273
0.0153615 0.10314 0.0125384 0.100669 0.730257 9.9982E-005 0.0100552 9.9982E-005 0.0190586 0.00872029
9.99462E-005 9.99462E-005 0.0955095 0.185895 0.705092 9.99462E-005 9.99462E-005 9.99462E-005 9.99462E-005 0.0129035
9.99821E-005 0.155472 9.99821E-005 0.123569 0.431731 0.014268 0.117583 0.0575542 0.0551819 0.0444407
9.99641E-005 0.0447434 9.99641E-005 0.141926 0.533546 9.99641E-005 0.234105 9.99641E-005 0.0304997 0.0147795
9.99551E-005 0.0710094 9.99551E-005 0.154818 0.579325 0.00845568 0.185892 9.99551E-005 9.99551E-005 9.99551E-005
9.99641E-005 0.00785621 9.99641E-005 0.250191 0.557064 0.0164318 0.128367 9.99641E-005 0.0396899 9.99641E-005
0.549975 0.0216025 9.99641E-005 0.0735737 0.0952007 9.99641E-005 0.251047 0.00820103 9.99641E-005 9.99641E-005
0.048854 9.99462E-005 9.99462E-005 0.0271992 0.00122694 9.99462E-005 0.92212 9.99462E-005 9.99462E-005 9.99462E-005
0.0943516 9.99282E-005 9.99282E-005 9.99282E-005 9.99282E-005 9.99282E-005 0.904849 9.99282E-005 9.99282E-005 9.99282E-005
0.2615 9.9959E-005 0.0645496 0.0200068 0.05024 9.9959E-005 0.603204 9.9959E-005 9.9959E-005 9.9959E-005
0.0595176 9.99551E-005 0.0615112 9.99551E-005 9.99551E-005 0.000115006 0.846089 9.99551E-005 0.0322679 9.99551E-005
0.999101 9.99201E-005 9.99201E-005 9.99201E-005 9.99201E-005 9.99201E-005 9.99201E-005 9.99201E-005 9.99201E-005 9.99201E-005
0.999101 9.99201E-005 9.99201E-005 9.99201E-005 9.99201E-005 9.99201E-005 9.99201E-005 9.99201E-005 9.99201E-005 9.99201E-005
0.999101 9.99201E-005 9.99201E-005 9.99201E-005 9.99201E-005 9.99201E-005 9.99201E-005 9.99201E-005 9.99201E-005 9.99201E-005
0.0914245 0.0692944 9.99551E-005 0.0882255 9.99551E-005 9.99551E-005 0.680298 0.0702575 9.99551E-005 9.99551E-005
0.777237 9.99461E-005 9.99461E-005 9.99461E-005 0.00339318 9.99461E-005 0.204181 9.99461E-005 9.99461E-005 0.0145897
0.0203905 0.0181082 9.99372E-005 9.99372E-005 9.99372E-005 9.99372E-005 0.960802 9.99372E-005 9.99372E-005 9.99372E-005
0.999101 9.99201E-005 9.99201E-005 9.99201E-005 9.99201E-005 9.99201E-005 9.99201E-005 9.99201E-005 9.99201E-005 9.99201E-005
0.176728 0.0282721 9.99551E-005 9.99551E-005 0.0906826 9.99551E-005 0.703381 0.000437328 9.99551E-005 9.99551E-005
0.992169 9.99281E-005 9.99281E-005 9.99281E-005 9.99281E-005 9.99281E-005 9.99281E-005 9.99281E-005 0.00703135 9.99281E-005
0.0944147 9.99372E-005 9.99372E-005 0.0657156 9.99372E-005 9.99372E-005 0.83917 9.99372E-005 9.99372E-005 9.99372E-005
0.274302 9.99462E-005 9.99462E-005 9.99462E-005 9.99462E-005 9.99462E-005 0.717678 0.00414481 9.99462E-005 0.00327494
0.151486 9.99551E-005 0.00600577 0.04611 9.99551E-005 9.99551E-005 0.753848 0.0420506 9.99551E-005 9.99551E-005
0.118099 9.99282E-005 9.99282E-005 9.99282E-005 9.99282E-005 9.99282E-005 0.881102 9.99282E-005 9.99282E-005 9.99282E-005
0.114691 0.017959 0.0414396 9.99731E-005 0.0523206 0.00771602 0.755644 9.99731E-005 9.99731E-005 0.00992963
9.99551E-005 9.99551E-005 9.99551E-005 0.793425 0.0733496 9.99551E-005 0.0635618 0.0597654 9.99551E-005 0.00939871
9.99281E-005 9.99281E-005 9.99281E-005 0.992675 9.99281E-005 9.99281E-005 9.99281E-005 9.99281E-005 0.00652535 9.99281E-005
0.0411917 9.99552E-005 9.99552E-005 0.874463 0.00775658 9.99552E-005 9.99552E-005 0.0323087 9.99552E-005 0.0437804
9.99551E-005 9.99551E-005 0.00137314 0.951902 0.0187989 0.0129886 9.99551E-005 9.99551E-005 0.0144377 9.99551E-005
0.0326417 0.0055185 9.99641E-005 0.919084 9.99641E-005 0.0168421 0.00628576 9.99641E-005 9.99641E-005 0.0192277
0.00499347 0.0145212 9.99371E-005 0.979786 9.99371E-005 9.99371E-005 9.99371E-005 9.99371E-005 9.99371E-005 9.99371E-005
9.99372E-005 9.99372E-005 9.99372E-005 0.959885 9.99372E-005 9.99372E-005 0.0368015 9.99372E-005 9.99372E-005 0.00261399
0.034787 0.0465291 0.00490011 0.856444 0.0179913 0.00872518 0.0303234 9.99731E-005 9.99731E-005 9.99731E-005
0.0192567 9.99282E-005 9.99282E-005 0.979944 9.99282E-005 9.99282E-005 9.99282E-005 9.99282E-005 9.99282E-005 9.99282E-005
0.0497004 0.649722 0.0280179 0.0810355 0.112817 9.99641E-005 9.99641E-005 0.0783073 9.99641E-005 9.99641E-005
9.99201E-005 9.99201E-005 9.99201E-005 9.99201E-005 9.99201E-005 0.999101 9.99201E-005 9.99201E-005 9.99201E-005 9.99201E-005
9.99371E-005 9.99371E-005 9.99371E-005 0.00615671 9.99371E-005 0.0180812 9.99371E-005 9.99371E-005 0.975063 9.99371E-005
9.99373E-005 0.947843 9.99373E-005 0.0401404 9.99373E-005 9.99373E-005 9.99373E-005 9.99373E-005 9.99373E-005 0.0113171
9.9928E-005 0.293852 9.9928E-005 9.9928E-005 9.9928E-005 9.9928E-005 9.9928E-005 9.9928E-005 0.705348 9.9928E-005
0.0257393 0.973461 9.99282E-005 9.99282E-005 9.99282E-005 9.99282E-005 9.99282E-005 9.99282E-005 9.99282E-005 9.99282E-005
9.99641E-005 0.751807 0.0575143 0.0195858 9.99641E-005 9.99641E-005 0.121968 0.00551767 9.99641E-005 0.0432069
0.0220478 0.755485 0.0627295 0.0990196 0.0561035 0.00421521 9.99641E-005 9.99641E-005 9.99641E-005 9.99641E-005
9.99372E-005 0.951054 9.99372E-005 9.99372E-005 0.0154558 9.99372E-005 9.99372E-005 0.0327908 9.99372E-005 9.99372E-005
9.99282E-005 0.95144 9.99282E-005 9.99282E-005 0.0477605 9.99282E-005 9.99282E-005 9.99282E-005 9.99282E-005 9.99282E-005
0.0485344 0.816144 0.0277701 0.0436109 9.9964E-005 9.9964E-005 9.9964E-005 0.00528409 9.9964E-005 0.0582566
9.99461E-005 0.927985 9.99461E-005 9.99461E-005 0.0454703 9.99461E-005 9.99461E-005 9.99461E-005 0.0246597 0.0012856
9.99281E-005 0.939484 0.0597166 9.99281E-005 9.99281E-005 9.99281E-005 9.99281E-005 9.99281E-005 9.99281E-005 9.99281E-005
9.99371E-005 0.957282 9.99371E-005 9.99371E-005 9.99371E-005 9.99371E-005 0.0317681 0.0102507 9.99371E-005 9.99371E-005
0.00683166 0.497661 9.99641E-005 9.99641E-005 9.99641E-005 9.99641E-005 0.160157 0.0919841 0.00418906 0.238777
9.99551E-005 0.476219 9.99551E-005 9.99551E-005 9.99551E-005 9.99551E-005 0.230965 0.0452869 0.00952459 0.237505
0.00481206 0.549947 9.99731E-005 0.0489885 9.99731E-005 0.018677 0.0970916 0.0524348 9.99731E-005 0.22775
0.0150094 0.175826 0.0992355 9.99641E-005 9.99641E-005 9.99641E-005 9.99641E-005 0.098244 0.0464264 0.564858
0.0650016 0.0852513 0.118143 9.99551E-005 9.99551E-005 9.99551E-005 9.99551E-005 0.248931 9.99551E-005 0.482173
9.99372E-005 0.00173656 9.99372E-005 0.00290391 9.99372E-005 9.99372E-005 9.99372E-005 9.99372E-005 9.99372E-005 0.99466
9.99201E-005 9.99201E-005 9.99201E-005 9.99201E-005 9.99201E-005 9.99201E-005 9.99201E-005 9.99201E-005 9.99201E-005 0.999101
9.99551E-005 0.126097 0.0963751 9.99551E-005 9.99551E-005 9.99551E-005 0.0966906 0.104705 9.99551E-005 0.575632
9.99461E-005 0.172699 0.11306 9.99461E-005 9.99461E-005 9.99461E-005 9.99461E-005 0.176282 9.99461E-005 0.537359
9.99371E-005 9.99371E-005 9.99371E-005 0.0124784 0.00958639 9.99371E-005 9.99371E-005 9.99371E-005 9.99371E-005 0.977236
9.99201E-005 9.99201E-005 9.99201E-005 9.99201E-005 9.99201E-005 9.99201E-005 9.99201E-005 9.99201E-005 9.99201E-005 0.999101
9.99731E-005 0.131006 0.0564837 9.99731E-005 9.99731E-005 0.00577785 0.132278 0.109792 0.0150384 0.549323
9.99201E-005 9.99201E-005 9.99201E-005 9.99201E-005 9.99201E-005 9.99201E-005 9.99201E-005 9.99201E-005 9.99201E-005 0.999101
9.9928E-005 9.9928E-005 9.9928E-005 9.9928E-005 9.9928E-005 0.00266652 9.9928E-005 9.9928E-005 9.9928E-005 0.996534
9.99201E-005 9.99201E-005 9.99201E-005 9.99201E-005 9.99201E-005 9.99201E-005 9.99201E-005 9.99201E-005 9.99201E-005 0.999101
9.99282E-005 9.99282E-005 9.99282E-005 9.99282E-005 9.99282E-005 9.99282E-005 9.99282E-005 0.000874447 9.99282E-005 0.998326
0.0354914 9.99281E-005 9.99281E-005 9.99281E-005 9.99281E-005 9.99281E-005 9.99281E-005 9.99281E-005 9.99281E-005 0.963709
9.99372E-005 9.99372E-005 0.0177728 0.0433106 9.99372E-005 9.99372E-005 0.938217 9.99372E-005 9.99372E-005 9.99372E-005
0.0293769 9.99461E-005 9.99461E-005 0.927145 0.0322282 0.0106498 9.99461E-005 9.99461E-005 9.99461E-005 9.99461E-005
0.0591377 9.99281E-005 9.99281E-005 0.940063 9.99281E-005 9.99281E-005 9.99281E-005 9.99281E-005 9.99281E-005 9.99281E-005
9.99371E-005 9.99371E-005 0.134015 9.99371E-005 9.99371E-005 9.99371E-005 9.99371E-005 0.842628 9.99371E-005 0.0226576
9.99461E-005 9.99461E-005 0.274515 9.99461E-005 9.99461E-005 9.99461E-005 9.99461E-005 0.654339 0.017917 0.0526297
9.99461E-005 9.99461E-005 0.325256 9.99461E-005 9.99461E-005 9.99461E-005 9.99461E-005 0.645662 0.000493489 0.0279888
9.99201E-005 9.99201E-005 9.99201E-005 9.99201E-005 9.99201E-005 9.99201E-005 9.99201E-005 0.999101 9.99201E-005 9.99201E-005
9.99372E-005 0.0375382 0.684357 9.99372E-005 9.99372E-005 9.99372E-005 9.99372E-005 0.277405 9.99372E-005 9.99372E-005
0.0181299 9.99461E-005 0.32412 9.99461E-005 9.99461E-005 9.99461E-005 9.99461E-005 0.646685 0.0104652 9.99461E-005
0.0313263 9.99551E-005 0.397313 9.99551E-005 9.99551E-005 9.99551E-005 9.99551E-005 0.542741 0.0269898 0.00112928
9.99551E-005 0.0436614 0.48529 9.99551E-005 9.99551E-005 9.99551E-005 9.99551E-005 0.452646 0.00430141 0.0136015
9.99461E-005 9.99461E-005 0.2208 9.99461E-005 9.99461E-005 0.00528427 0.0439424 0.729374 9.99461E-005 9.99461E-005
9.99461E-005 9.99461E-005 0.000136855 9.99461E-005 0.011792 0.0108832 9.99461E-005 0.976588 9.99461E-005 9.99461E-005
9.99201E-005 9.99201E-005 9.99201E-005 9.99201E-005 9.99201E-005 9.99201E-005 9.99201E-005 0.999101 9.99201E-005 9.99201E-005
0.0118692 9.99551E-005 0.202746 9.99551E-005 9.99551E-005 0.00682286 9.99551E-005 0.727422 0.0506403 9.99551E-005
9.99372E-005 0.00637615 0.126533 9.99372E-005 9.99372E-005 9.99372E-005 9.99372E-005 0.866391 9.99372E-005 9.99372E-005
9.993E-005 9.993E-005 0.197625 9.993E-005 9.993E-005 9.993E-005 9.993E-005 0.780374 9.993E-005 0.0213014
9.99461E-005 9.99461E-005 0.116756 9.99461E-005 9.99461E-005 9.99461E-005 0.00272529 0.877662 0.00225705 9.99461E-005
0.0195146 9.99551E-005 0.349563 9.99551E-005 9.99551E-005 9.99551E-005 0.0296264 0.564653 0.0361429 9.99551E-005
9.99461E-005 9.99461E-005 0.185281 9.99461E-005 9.99461E-005 9.99461E-005 9.99461E-005 0.728141 0.0227943 0.0631833
9.99372E-005 9.99372E-005 0.313147 0.00778106 9.99372E-005 9.99372E-005 9.99372E-005 0.678373 9.99372E-005 9.99372E-005
9.99462E-005 9.99462E-005 0.145675 9.99462E-005 9.99462E-005 0.000677859 9.99462E-005 0.850522 9.99462E-005 0.00252555
9.99551E-005 9.99551E-005 0.548778 9.99551E-005 9.99551E-005 9.99551E-005 0.0576833 0.361862 0.0162118 0.0149652
9.99371E-005 9.99371E-005 0.616126 9.99371E-005 9.99371E-005 9.99371E-005 9.99371E-005 0.360162 9.99371E-005 0.0230123
9.99462E-005 9.99462E-005 9.99462E-005 0.00947759 0.00949374 9.99462E-005 9.99462E-005 0.977857 0.00257196 9.99462E-005
9.99461E-005 9.99461E-005 0.831454 9.99461E-005 9.99461E-005 9.99461E-005 9.99461E-005 0.135695 0.0265639 0.00568786
0.0091815 0.0902435 0.206526 9.99461E-005 9.99461E-005 9.99461E-005 9.99461E-005 0.69345 9.99461E-005 9.99461E-005
9.99281E-005 9.99281E-005 0.365601 9.99281E-005 9.99281E-005 9.99281E-005 9.99281E-005 0.6336 9.99281E-005 9.99281E-005
0.0244293 0.0135294 0.115921 9.9973E-005 0.00317874 0.00380926 9.9973E-005 0.810845 0.0279877 9.9973E-005
0.00858796 0.144707 0.00509014 9.99641E-005 9.99641E-005 9.99641E-005 0.0476194 0.240258 9.99641E-005 0.553338
9.9955E-005 0.121101 9.9955E-005 9.9955E-005 9.9955E-005 9.9955E-005 0.333546 0.157416 0.0687035 0.318733
0.0190789 0.153928 9.99552E-005 9.99552E-005 9.99552E-005 9.99552E-005 0.0679085 0.370425 9.99552E-005 0.38816
9.99462E-005 9.99462E-005 9.99462E-005 0.493993 0.213926 9.99462E-005 0.241177 9.99462E-005 9.99462E-005 0.0503049
9.99461E-005 9.99461E-005 9.99461E-005 0.627839 0.22532 9.99461E-005 0.139686 0.00655519 9.99461E-005 9.99461E-005
9.99552E-005 0.0552792 9.99552E-005 0.635808 0.205437 9.99552E-005 0.102512 9.99552E-005 9.99552E-005 0.000463958
9.99461E-005 9.99461E-005 9.99461E-005 0.502925 0.277324 9.99461E-005 0.201729 9.99461E-005 9.99461E-005 0.0174215
9.99373E-005 9.99373E-005 9.99373E-005 0.689296 0.208226 9.99373E-005 0.101779 9.99373E-005 9.99373E-005 9.99373E-005
9.99372E-005 9.99372E-005 9.99372E-005 0.612403 0.298767 9.99372E-005 0.0881301 9.99372E-005 9.99372E-005 9.99372E-005
0.0397743 0.0196116 9.9991E-005 0.497154 0.243691 0.0155825 0.141573 0.00284379 0.00569809 0.0339723
0.0207805 9.99461E-005 9.99461E-005 0.954508 9.99461E-005 0.0123348 9.99461E-005 9.99461E-005 0.0117775 9.99461E-005
9.99201E-005 9.99201E-005 9.99201E-005 0.999101 9.99201E-005 9.99201E-005 9.99201E-005 9.99201E-005 9.99201E-005 9.99201E-005
0.0731134 9.99641E-005 0.0154487 0.874275 0.00472914 0.0154234 9.99641E-005 9.99641E-005 9.99641E-005 0.0166104
0.0116045 9.99551E-005 0.311058 0.122463 9.99551E-005 9.99551E-005 0.405248 0.149127 9.99551E-005 9.99551E-005
0.0359425 0.114806 0.104531 0.0791753 0.468356 0.00613419 0.153916 9.9982E-005 0.0369385 9.9982E-005
0.0147314 9.9937E-005 9.9937E-005 9.9937E-005 0.10414 9.9937E-005 9.9937E-005 9.9937E-005 0.880429 9.9937E-005
0.0210563 0.647668 9.99551E-005 9.99551E-005 9.99551E-005 0.00679194 9.99551E-005 0.173429 9.99551E-005 0.150555
0.00314765 0.573727 9.99641E-005 9.99641E-005 0.0889124 9.99641E-005 0.0255971 0.0266894 9.99641E-005 0.281527
9.99279E-005 9.99279E-005 0.0625448 9.99279E-005 9.99279E-005 9.99279E-005 9.99279E-005 9.99279E-005 0.936656 9.99279E-005
9.99372E-005 0.0316019 0.357536 9.99372E-005 9.99372E-005 9.99372E-005 9.99372E-005 0.610163 9.99372E-005 9.99372E-005
9.99201E-005 9.99201E-005 0.999101 9.99201E-005 9.99201E-005 9.99201E-005 9.99201E-005 9.99201E-005 9.99201E-005 9.99201E-005
0.00328216 9.99551E-005 0.326459 9.99551E-005 9.99551E-005 9.99551E-005 0.0325271 0.578638 0.0585942 9.99551E-005
9.99201E-005 9.99201E-005 0.999101 9.99201E-005 9.99201E-005 9.99201E-005 9.99201E-005 9.99201E-005 9.99201E-005 9.99201E-005
9.99461E-005 0.000796341 0.023018 9.99461E-005 9.99461E-005 0.0136872 9.99461E-005 0.961899 9.99461E-005 9.99461E-005
9.99461E-005 9.99461E-005 0.209488 9.99461E-005 9.99461E-005 9.99461E-005 9.99461E-005 0.765357 0.010348 0.0142072
9.99551E-005 9.99551E-005 0.170297 0.00923613 9.99551E-005 0.00122869 9.99551E-005 0.798603 9.99551E-005 0.0201354
9.99201E-005 9.99201E-005 0.999101 9.99201E-005 9.99201E-005 9.99201E-005 9.99201E-005 9.99201E-005 9.99201E-005 9.99201E-005
9.99551E-005 9.99551E-005 0.296581 0.0181653 9.99551E-005 9.99551E-005 9.99551E-005 0.655264 0.0177333 0.0117573
9.99372E-005 9.99372E-005 0.182924 9.99372E-005 9.99372E-005 9.99372E-005 9.99372E-005 0.770044 9.99372E-005 0.0463316
9.99282E-005 9.99282E-005 0.715771 9.99282E-005 9.99282E-005 9.99282E-005 9.99282E-005 0.283429 9.99282E-005 9.99282E-005
9.99461E-005 9.99461E-005 0.844382 9.99461E-005 9.99461E-005 9.99461E-005 0.0106408 0.129761 9.99461E-005 0.0146169
9.99371E-005 9.99371E-005 0.721905 9.99371E-005 9.99371E-005 9.99371E-005 0.0521795 0.225216 9.99371E-005 9.99371E-005
0.0243848 9.99461E-005 0.241898 9.99461E-005 9.99461E-005 9.99461E-005 9.99461E-005 0.72116 0.0119577 9.99461E-005
9.99461E-005 0.0337693 0.543051 9.99461E-005 9.99461E-005 9.99461E-005 9.99461E-005 0.386687 0.0358927 9.99461E-005
0.0765688 9.99641E-005 0.054567 0.119623 0.0787412 9.99641E-005 0.629984 9.99641E-005 9.99641E-005 0.040116
0.0405532 9.99641E-005 0.00588108 0.0306613 0.104895 9.99641E-005 0.81706 9.99641E-005 9.99641E-005 0.000549407
0.113451 9.99731E-005 9.99731E-005 0.0775475 0.194703 9.99731E-005 0.564299 0.0162446 0.0132183 0.020237
9.99282E-005 9.99282E-005 0.00347353 0.995727 9.99282E-005 9.99282E-005 9.99282E-005 9.99282E-005 9.99282E-005 9.99282E-005
0.0346693 9.99282E-005 9.99282E-005 0.964531 9.99282E-005 9.99282E-005 9.99282E-005 9.99282E-005 9.99282E-005 9.99282E-005
9.99373E-005 0.0132273 9.99373E-005 0.909247 9.99373E-005 9.99373E-005 0.0768263 9.99373E-005 9.99373E-005 9.99373E-005
0.0520978 0.0375806 9.99461E-005 0.906616 9.99461E-005 9.99461E-005 0.00310577 9.99461E-005 9.99461E-005 9.99461E-005
0.00786747 0.676257 9.99641E-005 9.99641E-005 9.99641E-005 9.99641E-005 0.0414491 0.0558951 0.022798 0.195333
0.030829 0.700046 0.03804 0.0185059 9.99551E-005 9.99551E-005 9.99551E-005 9.99551E-005 9.99551E-005 0.212079
9.99641E-005 0.510827 9.99641E-005 0.019576 9.99641E-005 9.99641E-005 0.171187 0.0172321 0.0297736 0.251005
0.0551349 0.0235954 9.99552E-005 0.0235664 0.0365952 9.99552E-005 0.860608 9.99552E-005 9.99552E-005 9.99552E-005
0.00934329 0.00532615 9.99641E-005 9.99641E-005 0.00477877 0.0102506 0.968147 9.99641E-005 0.0017547 9.99641E-005
0.0197126 0.044584 9.997E-005 0.0274085 0.104696 9.997E-005 0.709371 0.061928 9.997E-005 0.0319996
9.99372E-005 9.99372E-005 9.99372E-005 9.99372E-005 9.99372E-005 9.99372E-005 0.916058 0.053645 0.0295977 9.99372E-005
