9.99551E-005 0.0112163 0.0139953 9.99551E-005 0.010726 0.00372954 9.99551E-005 9.99551E-005 9.99551E-005 0.959833
9.99281E-005 9.99281E-005 0.0188707 9.99281E-005 9.99281E-005 9.99281E-005 9.99281E-005 9.99281E-005 9.99281E-005 0.98033
9.99282E-005 9.99282E-005 0.0309672 9.99282E-005 9.99282E-005 9.99282E-005 9.99282E-005 9.99282E-005 9.99282E-005 0.968233
0.0847078 9.99462E-005 9.99462E-005 9.99462E-005 9.99462E-005 9.99462E-005 9.99462E-005 0.139404 0.0533367 0.721951
9.99461E-005 0.00466272 0.0121061 9.99461E-005 9.99461E-005 9.99461E-005 9.99461E-005 9.99461E-005 0.0931414 0.88949
9.99201E-005 9.99201E-005 9.99201E-005 9.99201E-005 9.99201E-005 9.99201E-005 9.99201E-005 9.99201E-005 9.99201E-005 0.999101
9.99281E-005 9.99281E-005 0.00880931 9.99281E-005 9.99281E-005 9.99281E-005 9.99281E-005 9.99281E-005 9.99281E-005 0.990391
0.0808925 0.0165417 9.99731E-005 0.102313 0.00513911 9.99731E-005 9.99731E-005 0.0235708 0.0642758 0.706967
0.0837812 9.9955E-005 9.9955E-005 9.9955E-005 9.9955E-005 0.0299519 0.0428161 0.0452825 9.9955E-005 0.797668
0.116559 9.99461E-005 9.99461E-005 9.99461E-005 9.99461E-005 0.0199946 0.073378 9.99461E-005 9.99461E-005 0.789469
9.99371E-005 9.99371E-005 9.99371E-005 9.99371E-005 9.99371E-005 0.106807 0.0270946 9.99371E-005 9.99371E-005 0.865399
0.144316 9.99641E-005 0.0668154 0.00569824 9.99641E-005 9.99641E-005 9.99641E-005 0.00890012 0.163591 0.61028
0.0552891 9.99641E-005 9.99641E-005 0.108202 9.99641E-005 0.0259703 0.00666533 9.99641E-005 0.0900679 0.713405
9.99642E-005 9.99642E-005 9.99642E-005 9.99642E-005 0.0206479 0.00463683 0.0236564 0.0860575 0.196308 0.668294
0.145798 9.99731E-005 9.99731E-005 0.0560448 0.0217614 0.0857602 9.99731E-005 0.167179 0.0910978 0.432059
0.145562 9.99641E-005 9.99641E-005 9.99641E-005 0.00241178 0.0233928 9.99641E-005 0.104543 0.150088 0.573602
0.144834 0.0200365 0.0153767 9.99641E-005 9.99641E-005 9.99641E-005 9.99641E-005 0.0805942 0.164095 0.574663
0.11657 0.0215938 9.99641E-005 0.00418218 9.99641E-005 0.034326 9.99641E-005 9.99641E-005 0.270182 0.552746
0.240472 9.99551E-005 0.572727 9.99551E-005 9.99551E-005 9.99551E-005 9.99551E-005 0.0197133 0.0872403 0.0793477
0.883837 9.99461E-005 0.0699909 9.99461E-005 9.99461E-005 9.99461E-005 9.99461E-005 9.99461E-005 0.00426515 0.0413075
0.857876 9.99282E-005 0.141325 9.99282E-005 9.99282E-005 9.99282E-005 9.99282E-005 9.99282E-005 9.99282E-005 9.99282E-005
0.621146 0.00180782 0.267359 0.00343876 9.99731E-005 9.99731E-005 0.0312168 9.99731E-005 0.00476152 0.0699705
0.873939 9.99461E-005 0.053859 9.99461E-005 9.99461E-005 0.0566618 0.0149401 9.99461E-005 9.99461E-005 9.99461E-005
9.99201E-005 9.99201E-005 0.999101 9.99201E-005 9.99201E-005 9.99201E-005 9.99201E-005 9.99201E-005 9.99201E-005 9.99201E-005
9.99201E-005 9.99201E-005 0.999101 9.99201E-005 9.99201E-005 9.99201E-005 9.99201E-005 9.99201E-005 9.99201E-005 9.99201E-005
9.99201E-005 9.99201E-005 0.999101 9.99201E-005 9.99201E-005 9.99201E-005 9.99201E-005 9.99201E-005 9.99201E-005 9.99201E-005
0.719062 9.99641E-005 0.102644 9.99641E-005 0.00888917 9.99641E-005 0.0147536 0.0852055 0.069045 9.99641E-005
0.221366 9.99371E-005 0.773417 9.99371E-005 0.00451685 9.99371E-005 9.99371E-005 9.99371E-005 9.99371E-005 9.99371E-005
0.926475 9.99372E-005 0.0478241 9.99372E-005 9.99372E-005 9.99372E-005 9.99372E-005 0.0250009 9.99372E-005 9.99372E-005
9.99201E-005 9.99201E-005 0.999101 9.99201E-005 9.99201E-005 9.99201E-005 9.99201E-005 9.99201E-005 9.99201E-005 9.99201E-005
0.655264 9.99461E-005 0.199521 0.0884436 9.99461E-005 9.99461E-005 9.99461E-005 9.99461E-005 9.99461E-005 0.0561717
9.99281E-005 9.99281E-005 0.991432 9.99281E-005 9.99281E-005 0.00776821 9.99281E-005 9.99281E-005 9.99281E-005 9.99281E-005
0.799546 0.00137395 0.117351 9.99461E-005 9.99461E-005 9.99461E-005 9.99461E-005 9.99461E-005 0.0811288 9.99461E-005
0.67603 9.99372E-005 0.298296 9.99372E-005 0.0249744 9.99372E-005 9.99372E-005 9.99372E-005 9.99372E-005 9.99372E-005
0.68123 9.99551E-005 0.194143 0.0538124 9.99551E-005 9.99551E-005 0.0199293 9.99551E-005 0.0503854 9.99551E-005
0.810108 9.99371E-005 0.14902 9.99371E-005 9.99371E-005 9.99371E-005 9.99371E-005 9.99371E-005 9.99371E-005 0.0401721
0.714831 0.026028 0.137137 9.99641E-005 0.00872698 9.99641E-005 9.99641E-005 0.0752425 9.99641E-005 0.0376341
0.0433278 9.99641E-005 9.99641E-005 0.032141 0.000142444 9.99641E-005 0.0490848 9.99641E-005 0.786496 0.0884084
9.99281E-005 9.99281E-005 9.99281E-005 9.99281E-005 9.99281E-005 0.00797573 9.99281E-005 9.99281E-005 0.991225 9.99281E-005
0.00214513 9.99641E-005 0.0392439 9.99641E-005 0.0418474 9.99641E-005 0.0241995 9.99641E-005 0.888164 0.00400069
9.99372E-005 0.0141653 9.99372E-005 9.99372E-005 9.99372E-005 0.00663105 9.99372E-005 9.99372E-005 0.978504 9.99372E-005
0.00361964 0.0204427 0.0283643 0.0209695 0.0220969 9.99641E-005 9.99641E-005 9.99641E-005 0.904107 9.99641E-005
9.99371E-005 9.99371E-005 0.00424318 9.99371E-005 9.99371E-005 9.99371E-005 9.99371E-005 0.0162111 0.978846 9.99371E-005
9.99462E-005 0.00176123 9.99462E-005 9.99462E-005 0.0151352 9.99462E-005 9.99462E-005 9.99462E-005 0.981915 0.000589418
0.0339878 0.00771079 0.0270847 9.99641E-005 9.99641E-005 9.99641E-005 9.99641E-005 0.0660007 0.852588 0.0122279
9.99282E-005 9.99282E-005 0.0150075 9.99282E-005 9.99282E-005 9.99282E-005 9.99282E-005 9.99282E-005 0.984193 9.99282E-005
9.99641E-005 9.99641E-005 0.0452203 0.183258 9.99641E-005 9.99641E-005 0.0767571 0.508891 0.0889981 0.0964755
9.99201E-005 0.999101 9.99201E-005 9.99201E-005 9.99201E-005 9.99201E-005 9.99201E-005 9.99201E-005 9.99201E-005 9.99201E-005
9.99371E-005 0.00786318 9.99371E-005 9.99371E-005 9.99371E-005 0.978503 9.99371E-005 9.99371E-005 0.0129339 9.99371E-005
9.99372E-005 9.99372E-005 9.99372E-005 9.99372E-005 0.00159593 9.99372E-005 9.99372E-005 0.966322 0.0313821 9.99372E-005
9.9928E-005 9.9928E-005 9.9928E-005 9.9928E-005 9.9928E-005 0.732112 9.9928E-005 0.267088 9.9928E-005 9.9928E-005
9.99282E-005 9.99282E-005 0.0257485 9.99282E-005 9.99282E-005 9.99282E-005 9.99282E-005 0.973452 9.99282E-005 9.99282E-005
0.111548 9.99551E-005 9.99551E-005 0.0530044 0.0244783 9.99551E-005 0.0172382 0.793231 9.99551E-005 9.99551E-005
9.997E-005 0.00674398 0.0323981 0.123926 9.997E-005 9.997E-005 0.00655802 0.679755 0.0837764 0.0665426
9.99372E-005 9.99372E-005 9.99372E-005 9.99372E-005 9.99372E-005 9.99372E-005 0.0146829 0.971186 9.99372E-005 0.0134316
9.99282E-005 9.99282E-005 9.99282E-005 9.99282E-005 9.99282E-005 9.99282E-005 9.99282E-005 0.961011 9.99282E-005 0.0381898
9.99461E-005 9.99461E-005 0.052265 9.99461E-005 0.0607031 9.99461E-005 9.99461E-005 0.870078 0.0163544 9.99461E-005
9.99461E-005 9.99461E-005 9.99461E-005 9.99461E-005 0.01081 0.0117128 9.99461E-005 0.956755 9.99461E-005 0.0201222
9.99281E-005 9.99281E-005 9.99281E-005 9.99281E-005 9.99281E-005 9.99281E-005 0.0120527 0.987148 9.99281E-005 9.99281E-005
0.0608104 9.99282E-005 9.99282E-005 9.99282E-005 9.99282E-005 9.99282E-005 9.99282E-005 0.93839 9.99282E-005 9.99282E-005
0.0074748 9.99372E-005 0.00633829 0.985487 9.99372E-005 9.99372E-005 9.99372E-005 9.99372E-005 9.99372E-005 9.99372E-005
0.0747509 9.99551E-005 9.99551E-005 0.918786 0.00403952 0.000270188 9.99551E-005 9.99551E-005 0.00165409 9.99551E-005
9.99551E-005 0.00307974 0.00285736 0.926449 0.00581188 9.99551E-005 9.99551E-005 9.99551E-005 0.0613026 9.99551E-005
9.99461E-005 9.99461E-005 9.99461E-005 0.435403 0.384995 0.0110604 0.167942 9.99461E-005 9.99461E-005 9.99461E-005
9.99461E-005 9.99461E-005 0.0304473 0.268261 0.374022 9.99461E-005 0.326669 9.99461E-005 9.99461E-005 9.99461E-005
9.99462E-005 0.00101407 9.99462E-005 9.99462E-005 0.993201 9.99462E-005 9.99462E-005 0.00150765 0.00367749 9.99462E-005
9.99201E-005 9.99201E-005 9.99201E-005 9.99201E-005 0.999101 9.99201E-005 9.99201E-005 9.99201E-005 9.99201E-005 9.99201E-005
0.0277778 9.99462E-005 9.99462E-005 0.369504 0.433086 9.99462E-005 0.169032 9.99462E-005 9.99462E-005 9.99462E-005
9.99461E-005 9.99461E-005 9.99461E-005 0.31609 0.415955 9.99461E-005 0.238386 0.0289683 9.99461E-005 9.99461E-005
0.0107032 9.99461E-005 9.99461E-005 9.99461E-005 0.969412 9.99461E-005 9.99461E-005 9.99461E-005 0.0104308 0.00885394
9.99201E-005 9.99201E-005 9.99201E-005 9.99201E-005 0.999101 9.99201E-005 9.99201E-005 9.99201E-005 9.99201E-005 9.99201E-005
0.0471097 9.99461E-005 9.99461E-005 0.438507 0.399467 9.99461E-005 0.114316 9.99461E-005 9.99461E-005 9.99461E-005
9.99372E-005 9.99372E-005 0.0018291 9.99372E-005 0.986855 9.99372E-005 9.99372E-005 0.0106166 9.99372E-005 9.99372E-005
9.99281E-005 0.0136895 9.99281E-005 9.99281E-005 0.985511 9.99281E-005 9.99281E-005 9.99281E-005 9.99281E-005 9.99281E-005
9.99282E-005 9.99282E-005 9.99282E-005 9.99282E-005 0.996463 0.00273731 9.99282E-005 9.99282E-005 9.99282E-005 9.99282E-005
9.99371E-005 9.99371E-005 9.99371E-005 0.054403 0.94135 9.99371E-005 0.00354734 9.99371E-005 9.99371E-005 9.99371E-005
9.99281E-005 9.99281E-005 0.0335539 9.99281E-005 0.965647 9.99281E-005 9.99281E-005 9.99281E-005 9.99281E-005 9.99281E-005
0.968957 9.99283E-005 9.99283E-005 9.99283E-005 9.99283E-005 9.99283E-005 9.99283E-005 9.99283E-005 0.0302439 9.99283E-005
9.99641E-005 0.00382777 0.0302918 0.0171328 9.99641E-005 0.0155829 9.99641E-005 9.99641E-005 0.904923 0.0278417
9.99281E-005 9.99281E-005 0.0657803 9.99281E-005 9.99281E-005 9.99281E-005 9.99281E-005 9.99281E-005 0.93342 9.99281E-005
9.99371E-005 9.99371E-005 9.99371E-005 9.99371E-005 0.0399479 0.00789442 0.951458 9.99371E-005 9.99371E-005 9.99371E-005
9.99372E-005 9.99372E-005 9.99372E-005 9.99372E-005 0.0534834 0.0299824 0.915835 9.99372E-005 9.99372E-005 9.99372E-005
9.993E-005 9.993E-005 9.993E-005 9.993E-005 0.0318767 0.0098807 0.957543 9.993E-005 9.993E-005 9.993E-005
9.99372E-005 9.99372E-005 9.99372E-005 9.99372E-005 9.99372E-005 9.99372E-005 0.965935 0.0231345 0.0102305 9.99372E-005
9.99462E-005 9.99462E-005 9.99462E-005 0.0682462 9.99462E-005 0.00632204 0.909168 0.0156644 9.99462E-005 9.99462E-005
9.99371E-005 9.99371E-005 0.0245966 0.0284034 9.99371E-005 9.99371E-005 0.9463 9.99371E-005 9.99371E-005 9.99371E-005
0.00415765 9.99462E-005 0.044893 9.99462E-005 9.99462E-005 0.0125592 0.937791 9.99462E-005 9.99462E-005 9.99462E-005
9.99462E-005 9.99462E-005 9.99462E-005 9.99462E-005 0.00742053 9.99462E-005 0.919429 0.0686372 9.99462E-005 0.00391324
0.0592988 0.0187594 9.99461E-005 9.99461E-005 9.99461E-005 9.99461E-005 0.907619 0.0137231 9.99461E-005 9.99461E-005
9.99461E-005 0.00450604 9.99461E-005 9.99461E-005 9.99461E-005 9.99461E-005 0.92742 0.0438375 9.99461E-005 0.0236371
9.99283E-005 9.99283E-005 9.99283E-005 9.99283E-005 9.99283E-005 9.99283E-005 0.985002 9.99283E-005 0.0141984 9.99283E-005
9.99551E-005 0.00496719 9.99551E-005 9.99551E-005 0.0134999 0.0475848 0.869875 0.0635736 9.99551E-005 9.99551E-005
9.99282E-005 9.99282E-005 9.99282E-005 9.99282E-005 9.99282E-005 9.99282E-005 0.93309 0.0661102 9.99282E-005 9.99282E-005
9.99371E-005 9.99371E-005 9.99371E-005 9.99371E-005 0.0356195 9.99371E-005 0.955016 0.00866479 9.99371E-005 9.99371E-005
9.99372E-005 9.99372E-005 9.99372E-005 0.0629448 9.99372E-005 0.0109225 0.925433 9.99372E-005 9.99372E-005 9.99372E-005
0.0188436 9.99731E-005 0.0219486 0.0119621 9.99731E-005 0.0403076 0.890869 9.99731E-005 0.00269492 0.0130743
9.99372E-005 9.99372E-005 9.99372E-005 9.99372E-005 0.0627104 0.0403145 0.896276 9.99372E-005 9.99372E-005 9.99372E-005
9.99372E-005 9.99372E-005 9.99372E-005 9.99372E-005 9.99372E-005 0.0185791 0.949436 9.99372E-005 0.0312858 9.99372E-005
9.99462E-005 0.00306271 9.99462E-005 0.0313386 9.99462E-005 9.99462E-005 0.95649 0.00850874 9.99462E-005 9.99462E-005
0.0744588 0.00563328 9.99461E-005 9.99461E-005 0.0199133 9.99461E-005 0.899395 9.99461E-005 9.99461E-005 9.99461E-005
0.0296371 9.99462E-005 9.99462E-005 9.99462E-005 0.00454043 0.00510622 0.960117 9.99462E-005 9.99462E-005 9.99462E-005
0.0102943 9.99641E-005 9.99641E-005 0.0441009 0.0316854 0.0179479 0.881002 9.99641E-005 0.0145698 9.99641E-005
9.99461E-005 9.99461E-005 9.99461E-005 9.99461E-005 0.000231069 0.0457149 0.924499 9.99461E-005 9.99461E-005 0.0289551
9.99551E-005 0.00418677 0.00434624 0.0339349 9.99551E-005 9.99551E-005 0.857756 0.0992767 9.99551E-005 9.99551E-005
9.99282E-005 9.99282E-005 9.99282E-005 0.0556122 9.99282E-005 9.99282E-005 0.943588 9.99282E-005 9.99282E-005 9.99282E-005
9.99551E-005 0.0127755 0.0300087 9.99551E-005 9.99551E-005 0.0364309 0.906787 9.99551E-005 9.99551E-005 0.0134984
9.99371E-005 9.99371E-005 9.99371E-005 0.505688 0.337672 9.99371E-005 0.155941 9.99371E-005 9.99371E-005 9.99371E-005
0.275253 9.9955E-005 9.9955E-005 0.363118 0.20573 0.0493187 0.10608 9.9955E-005 9.9955E-005 9.9955E-005
0.0106808 9.99641E-005 0.0193367 0.389062 0.262534 9.99641E-005 0.305256 0.0127311 9.99641E-005 9.99641E-005
0.268364 9.99462E-005 9.99462E-005 9.99462E-005 0.0580088 9.99462E-005 9.99462E-005 9.99462E-005 0.479314 0.193713
0.151728 9.99461E-005 9.99461E-005 0.0337569 9.99461E-005 9.99461E-005 9.99461E-005 9.99461E-005 0.624792 0.189123
0.109215 9.99552E-005 9.99552E-005 0.0125239 9.99552E-005 9.99552E-005 9.99552E-005 0.0710032 0.61737 0.189389
0.213248 9.99461E-005 9.99461E-005 9.99461E-005 0.00885428 9.99461E-005 9.99461E-005 9.99461E-005 0.513474 0.263824
0.116227 9.99462E-005 9.99462E-005 9.99462E-005 0.0115405 9.99462E-005 9.99462E-005 9.99462E-005 0.698357 0.173276
0.0899693 9.99372E-005 9.99372E-005 9.99372E-005 9.99372E-005 9.99372E-005 9.99372E-005 9.99372E-005 0.608141 0.30119
0.206655 0.0204159 0.0400617 0.0236209 0.0217908 9.99821E-005 9.99821E-005 0.00210752 0.488212 0.196936
9.99461E-005 0.00847127 0.010114 9.99461E-005 9.99461E-005 0.0118364 9.99461E-005 9.99461E-005 0.968979 9.99461E-005
9.99201E-005 9.99201E-005 9.99201E-005 9.99201E-005 9.99201E-005 9.99201E-005 9.99201E-005 9.99201E-005 0.999101 9.99201E-005
9.99641E-005 0.0056366 0.0830916 9.99641E-005 0.0271385 9.99641E-005 0.00113552 9.99641E-005 0.865382 0.0172162
0.396804 9.99462E-005 0.00269895 9.99462E-005 9.99462E-005 9.99462E-005 0.458598 9.99462E-005 0.141299 9.99462E-005
0.18694 0.00885594 0.0513586 9.9982E-005 9.9982E-005 0.0764332 0.0202947 0.174764 0.0603826 0.420771
9.9937E-005 9.9937E-005 0.0139958 9.9937E-005 9.9937E-005 0.867753 9.9937E-005 9.9937E-005 9.9937E-005 0.117552
9.99371E-005 0.013236 9.99371E-005 0.932154 9.99371E-005 9.99371E-005 0.0539105 9.99371E-005 9.99371E-005 9.99371E-005
9.994E-005 9.994E-005 9.994E-005 0.917525 0.0208121 9.994E-005 9.994E-005 0.00615943 9.994E-005 0.0549043
9.99279E-005 9.99279E-005 9.99279E-005 9.99279E-005 9.99279E-005 0.921127 0.0780736 9.99279E-005 9.99279E-005 9.99279E-005
9.99441E-005 9.99441E-005 9.99441E-005 9.99441E-005 0.00698103 9.99441E-005 0.941146 0.0511736 9.99441E-005 9.99441E-005
9.99372E-005 9.99372E-005 9.99372E-005 9.99372E-005 9.99372E-005 0.0122865 0.957982 9.99372E-005 0.0290321 9.99372E-005
0.00464928 0.000506388 9.99641E-005 0.0298875 9.99641E-005 0.0722492 0.860566 9.99641E-005 9.99641E-005 0.0317418
9.99372E-005 0.00911822 9.99372E-005 9.99372E-005 9.99372E-005 0.0113205 0.978862 9.99372E-005 9.99372E-005 9.99372E-005
9.99371E-005 0.0200929 9.99371E-005 9.99371E-005 9.99371E-005 9.99371E-005 0.92549 0.0537176 9.99371E-005 9.99371E-005
9.99551E-005 0.00560657 9.99551E-005 0.0522658 0.00845371 0.0124855 0.920689 9.99551E-005 9.99551E-005 9.99551E-005
9.99641E-005 9.99641E-005 0.000602457 9.99641E-005 0.0356592 9.99641E-005 0.922419 0.0294607 0.00747217 0.00398652
9.99201E-005 9.99201E-005 9.99201E-005 9.99201E-005 9.99201E-005 9.99201E-005 0.999101 9.99201E-005 9.99201E-005 9.99201E-005
9.99462E-005 9.99462E-005 9.99462E-005 9.99462E-005 0.013591 0.0112121 0.930754 9.99462E-005 0.0438434 9.99462E-005
9.99372E-005 9.99372E-005 0.0159461 9.99372E-005 0.0497183 9.99372E-005 0.933636 9.99372E-005 9.99372E-005 9.99372E-005
0.0136301 9.99462E-005 9.99462E-005 0.00872923 9.99462E-005 9.99462E-005 0.97185 9.99462E-005 0.00519106 9.99462E-005
0.0170038 9.99372E-005 9.99372E-005 9.99372E-005 0.0351309 9.99372E-005 0.947166 9.99372E-005 9.99372E-005 9.99372E-005
0.0960563 0.00842287 9.99372E-005 9.99372E-005 9.99372E-005 9.99372E-005 0.894821 9.99372E-005 9.99372E-005 9.99372E-005
9.99551E-005 9.99551E-005 0.0428917 0.00284661 9.99551E-005 0.0010077 0.951074 0.00168019 9.99551E-005 9.99551E-005
9.99372E-005 9.99372E-005 9.99372E-005 9.99372E-005 9.99372E-005 0.0512662 0.879146 0.0688882 9.99372E-005 9.99372E-005
0.688547 9.99551E-005 0.081688 9.99551E-005 0.0518176 9.99551E-005 9.99551E-005 9.99551E-005 0.0735977 0.10385
0.818419 0.0021071 0.0555668 9.99551E-005 9.99551E-005 9.99551E-005 9.99551E-005 9.99551E-005 0.0228731 0.100534
0.610431 9.99641E-005 0.116368 9.99641E-005 0.022229 0.014095 9.99641E-005 9.99641E-005 0.0878475 0.14863
9.99372E-005 9.99372E-005 9.99372E-005 9.99372E-005 9.99372E-005 9.99372E-005 0.00132098 0.00697604 0.991003 9.99372E-005
9.99282E-005 9.99282E-005 0.0354636 9.99282E-005 9.99282E-005 9.99282E-005 9.99282E-005 9.99282E-005 0.963737 9.99282E-005
0.0366275 9.99372E-005 9.99372E-005 9.99372E-005 9.99372E-005 9.99372E-005 9.99372E-005 0.0448957 0.917777 9.99372E-005
9.99461E-005 9.99461E-005 0.055705 0.00480416 9.99461E-005 9.99461E-005 9.99461E-005 0.0352048 0.903686 9.99461E-005
9.99201E-005 9.99201E-005 9.99201E-005 0.999101 9.99201E-005 9.99201E-005 9.99201E-005 9.99201E-005 9.99201E-005 9.99201E-005
9.99282E-005 9.99282E-005 9.99282E-005 0.998412 9.99282E-005 9.99282E-005 9.99282E-005 0.000788918 9.99282E-005 9.99282E-005
9.99282E-005 9.99282E-005 9.99282E-005 0.946315 9.99282E-005 9.99282E-005 9.99282E-005 9.99282E-005 0.0528859 9.99282E-005
0.806569 9.99641E-005 0.0683539 9.99641E-005 0.0152154 9.99641E-005 9.99641E-005 0.024225 0.037755 0.0474817
0.959148 0.00513589 0.0077673 0.00915046 9.99551E-005 0.0182984 9.99551E-005 9.99551E-005 9.99551E-005 9.99551E-005
0.712884 9.99731E-005 0.00934881 0.0805617 9.99731E-005 9.99731E-005 0.0420614 0.0190306 0.0146863 0.121127
0.91007 0.0031376 9.99551E-005 0.0792481 9.99551E-005 0.00414453 0.00289975 9.99551E-005 9.99551E-005 9.99551E-005
