9.9982E-005 0.795748 9.9982E-005 0.168485 0.0355668
9.9982E-005 0.811067 9.9982E-005 0.135185 0.0535472
9.9982E-005 0.770148 9.9982E-005 0.158499 0.0711537
0.0273923 0.710914 9.9991E-005 0.204709 0.0568844
9.9982E-005 0.705717 9.9982E-005 0.25184 0.0422434
9.9982E-005 0.91468 9.9982E-005 0.067227 0.017893
9.9982E-005 0.859086 9.9982E-005 0.0651816 0.0755325
0.0463798 0.759809 9.9991E-005 0.192637 0.00107382
0.00273073 0.813648 0.066563 0.0695614 0.0474971
9.999E-005 0.734339 0.0633264 0.160839 0.0413965
9.9982E-005 0.827724 0.0613794 0.110696 9.9982E-005
0.00504683 0.532932 9.9991E-005 0.325407 0.136514
0.0294022 0.695832 9.9991E-005 0.21607 0.0585956
0.0310937 0.608195 0.0227593 0.337852 9.9991E-005
0.085779 0.566259 0.0901034 0.185392 0.0724675
0.0329331 0.582642 9.9991E-005 0.304146 0.0801792
9.9982E-005 0.624165 9.9982E-005 0.315221 0.0604141
9.9982E-005 0.611634 9.9982E-005 0.346508 0.0416581
0.0156335 0.0817424 9.9991E-005 0.173885 0.728639
0.0172595 0.259736 0.0190719 0.290724 0.413209
9.999E-005 0.176234 0.0237258 0.2871 0.51284
0.0099243 0.168646 0.0554138 0.187914 0.578102
0.00793196 0.185937 0.125276 0.218249 0.462605
9.997E-005 9.997E-005 9.997E-005 9.997E-005 0.9996
9.997E-005 9.997E-005 9.997E-005 9.997E-005 0.9996
9.997E-005 9.997E-005 9.997E-005 9.997E-005 0.9996
0.0344179 0.185348 0.0906814 0.297726 0.391826
0.00730227 9.9982E-005 9.9982E-005 0.0335187 0.958979
0.0510839 0.298933 9.9991E-005 0.209035 0.440848
9.997E-005 9.997E-005 9.997E-005 9.997E-005 0.9996
0.0451371 0.275636 0.0158163 0.144734 0.518677
9.997E-005 9.997E-005 9.997E-005 9.997E-005 0.9996
0.0121503 0.15979 0.0253862 0.322915 0.479759
0.0154147 0.129264 0.0459262 0.191695 0.617699
0.0204179 0.111691 0.0936171 0.272446 0.501828
0.0437006 0.214447 9.9991E-005 0.209204 0.532548
0.0270999 0.276064 0.0854301 0.178202 0.433204
0.00832935 0.0826385 0.048436 0.856699 0.00389679
9.997E-005 9.997E-005 9.997E-005 0.9996 9.997E-005
0.0376836 9.9991E-005 0.0269374 0.885401 0.0498775
9.997E-005 9.997E-005 9.997E-005 0.9996 9.997E-005
0.0282668 0.00992748 9.9991E-005 0.924601 0.0371044
9.9973E-005 9.9973E-005 9.9973E-005 0.993281 0.00641907
9.997E-005 9.997E-005 9.997E-005 0.9996 9.997E-005
9.9991E-005 0.0851477 0.000296838 0.861878 0.0525777
9.9973E-005 9.9973E-005 9.9973E-005 0.984641 0.0150591
0.0520102 0.498354 0.320548 0.103557 0.0255303
9.997E-005 0.9996 9.997E-005 9.997E-005 9.997E-005
9.99911E-005 0.452545 0.472567 0.0280242 0.0467631
0.156664 0.511922 0.265997 0.0653171 9.9991E-005
9.99731E-005 0.486462 0.513238 9.99731E-005 9.99731E-005
0.143382 0.579521 0.259951 9.9991E-005 0.0170453
0.145118 0.480636 0.296778 0.0337733 0.043695
0.105364 0.505753 0.256589 0.082445 0.0498491
0.0904082 0.590519 0.318873 9.9982E-005 9.9982E-005
0.0626189 0.653876 0.282199 0.00120632 9.9991E-005
0.15999 0.466737 0.277711 0.0341538 0.0614073
0.157601 0.619854 0.222346 9.9982E-005 9.9982E-005
0.0992926 0.543291 0.357216 9.9982E-005 9.9982E-005
0.119754 0.566092 0.301033 9.9991E-005 0.0130209
0.323934 0.35049 0.236669 0.0163528 0.0725539
0.366804 0.330173 0.181912 0.0638455 0.0572655
0.346293 0.353627 0.201557 0.0587257 0.0397971
0.632523 0.0724351 0.255597 9.9991E-005 0.0393444
0.547385 9.9991E-005 0.370248 0.00840885 0.073858
0.9996 9.997E-005 9.997E-005 9.997E-005 9.997E-005
0.9996 9.997E-005 9.997E-005 9.997E-005 9.997E-005
0.616696 0.0556292 0.237432 0.0414809 0.0487613
0.62741 0.0238077 0.32081 9.9991E-005 0.0278728
0.994063 9.9982E-005 9.9982E-005 0.0018853 0.00385206
0.9996 9.997E-005 9.997E-005 9.997E-005 9.997E-005
0.604089 0.122425 0.218726 9.9991E-005 0.0546597
0.9996 9.997E-005 9.997E-005 9.997E-005 9.997E-005
0.9996 9.997E-005 9.997E-005 9.997E-005 9.997E-005
0.9996 9.997E-005 9.997E-005 9.997E-005 9.997E-005
0.9996 9.997E-005 9.997E-005 9.997E-005 9.997E-005
0.969959 9.9973E-005 9.9973E-005 9.9973E-005 0.0297408
0.0168719 0.188613 0.042568 0.362882 0.389065
9.99731E-005 9.99731E-005 9.99731E-005 0.955862 0.0438377
9.9973E-005 9.9973E-005 9.9973E-005 0.953888 0.0458116
0.0406376 9.9973E-005 0.959062 9.9973E-005 9.9973E-005
0.0691405 9.99731E-005 0.93056 9.99731E-005 9.99731E-005
0.0474322 9.99731E-005 0.952268 9.99731E-005 9.99731E-005
9.99731E-005 9.99731E-005 0.988596 0.0111037 9.99731E-005
0.0215719 0.0213833 0.956845 9.99821E-005 9.99821E-005
0.00643703 9.9982E-005 0.964225 9.9982E-005 0.0291382
0.00722137 9.99821E-005 0.932834 9.99821E-005 0.0597444
0.00809777 0.0162242 0.971561 0.00401703 9.9991E-005
9.9982E-005 9.9982E-005 0.949941 0.0101068 0.039752
9.9973E-005 0.0340069 0.965693 9.9973E-005 9.9973E-005
9.99731E-005 9.99731E-005 0.990257 0.00944346 9.99731E-005
0.0231014 0.0044526 0.961062 9.9991E-005 0.0112842
9.99731E-005 9.99731E-005 0.997397 0.0023028 9.99731E-005
0.0402217 9.9973E-005 0.959478 9.9973E-005 9.9973E-005
9.99731E-005 0.00132857 0.998372 9.99731E-005 9.99731E-005
9.9991E-005 0.00484464 0.949167 0.0162737 0.0296142
0.0680089 9.99731E-005 0.931691 9.99731E-005 9.99731E-005
9.99731E-005 9.99731E-005 0.973085 0.0266147 9.99731E-005
0.00541903 9.99731E-005 0.994281 9.99731E-005 9.99731E-005
0.0335008 9.9982E-005 0.924819 9.9982E-005 0.0414797
0.0020983 9.99731E-005 0.997602 9.99731E-005 9.99731E-005
0.0381493 0.0124551 0.930583 0.0174029 0.00141002
9.99731E-005 0.00432381 0.995376 9.99731E-005 9.99731E-005
9.9982E-005 0.0294933 0.936436 9.9982E-005 0.033871
0.0309728 9.99731E-005 0.968727 9.99731E-005 9.99731E-005
9.9982E-005 0.0277181 0.945602 9.9982E-005 0.0264803
0.622714 0.0399699 0.280922 9.9991E-005 0.0562938
0.383175 0.182487 0.237233 0.0165645 0.180541
0.455864 0.0469951 0.396609 0.0390136 0.0615184
0.077174 0.246305 9.9991E-005 0.647711 0.0287097
0.0111731 0.215719 9.9991E-005 0.765202 0.00780571
0.0308948 0.214429 0.00925325 0.710795 0.0346284
0.0149499 0.24229 9.9991E-005 0.659958 0.0827027
0.0183332 0.196603 9.99821E-005 0.784864 9.99821E-005
9.99821E-005 0.236762 9.99821E-005 0.725278 0.0377609
0.0522466 0.284514 9.9991E-005 0.567456 0.0956827
9.99731E-005 9.99731E-005 9.99731E-005 0.971578 0.0281217
9.997E-005 9.997E-005 9.997E-005 0.9996 9.997E-005
0.0147847 9.9982E-005 9.9982E-005 0.890075 0.09494
9.99821E-005 9.99821E-005 0.486307 0.339845 0.173648
0.0029149 0.560419 0.112969 0.189972 0.133726
0.0256621 0.498182 0.400331 9.9991E-005 0.0757248
0.277205 0.341769 0.338059 9.9991E-005 0.0428667
0.351373 0.423008 0.194939 9.9991E-005 0.0305802
9.99732E-005 0.0636129 0.936087 9.99732E-005 9.99732E-005
0.0234208 9.9991E-005 0.959207 0.0166515 0.000621182
9.99731E-005 9.99731E-005 0.970711 0.0289889 9.99731E-005
0.00115985 0.0416783 0.925821 0.0137976 0.0175428
9.997E-005 9.997E-005 0.9996 9.997E-005 9.997E-005
9.9982E-005 0.00542574 0.976962 0.0174127 9.9982E-005
0.0471679 9.99731E-005 0.952532 9.99731E-005 9.99731E-005
0.0312615 9.9982E-005 0.962555 0.00598316 9.9982E-005
9.997E-005 9.997E-005 0.9996 9.997E-005 9.997E-005
0.0193625 9.9991E-005 0.942624 0.0293362 0.0085772
0.0505859 9.99731E-005 0.949114 9.99731E-005 9.99731E-005
9.99731E-005 9.99731E-005 0.987897 0.0118033 9.99731E-005
0.0356484 9.9982E-005 0.942427 0.0217249 9.9982E-005
9.9982E-005 9.9982E-005 0.940403 0.0469233 0.0124737
9.99731E-005 9.99731E-005 0.956577 9.99731E-005 0.0431228
9.99821E-005 0.00074326 0.977225 9.99821E-005 0.0218322
0.0864513 0.153432 0.0389822 0.363319 0.357816
0.0397453 0.268822 0.0282816 0.309624 0.353528
0.0596182 0.27454 0.0122696 0.291606 0.361966
9.997E-005 9.997E-005 9.997E-005 0.9996 9.997E-005
9.99731E-005 9.99731E-005 9.99731E-005 0.982092 0.0176078
9.997E-005 9.997E-005 9.997E-005 0.9996 9.997E-005
9.9982E-005 0.033062 9.9982E-005 0.919814 0.0469237
0.323355 0.427439 0.22483 9.9991E-005 0.024276
0.322813 0.407281 0.225044 9.9991E-005 0.0447621
0.340591 0.373007 0.190567 0.063213 0.0326227
0.0394127 0.254027 0.0441233 0.287288 0.375149
0.0119227 0.26189 0.0606753 0.28673 0.378782
0.0562771 0.263459 0.10015 0.283701 0.296412
0.0410599 0.233751 0.104365 0.262246 0.358579
