9.99551E-005 9.99551E-005 0.00169111 0.0276428 9.99551E-005 0.0221077 0.948059 9.99551E-005 9.99551E-005
9.99371E-005 9.99371E-005 9.99371E-005 0.0170973 9.99371E-005 9.99371E-005 0.982203 9.99371E-005 9.99371E-005
9.99461E-005 9.99461E-005 0.0155356 0.0466715 9.99461E-005 9.99461E-005 0.937193 9.99461E-005 9.99461E-005
0.0275459 9.99731E-005 0.06955 0.0193424 9.99731E-005 0.0516509 0.730835 0.100776 9.99731E-005
9.99461E-005 9.99461E-005 0.0844195 0.0266674 9.99461E-005 9.99461E-005 0.888313 9.99461E-005 9.99461E-005
9.993E-005 9.993E-005 9.993E-005 9.993E-005 9.993E-005 9.993E-005 0.999201 9.993E-005 9.993E-005
9.99371E-005 9.99371E-005 9.99371E-005 0.00557712 9.99371E-005 9.99371E-005 0.993723 9.99371E-005 9.99371E-005
0.0439307 0.000507123 0.0555417 9.99641E-005 9.99641E-005 0.147215 0.752405 9.99641E-005 9.99641E-005
0.0669733 9.99551E-005 9.99551E-005 9.99551E-005 9.99551E-005 9.99551E-005 0.806534 0.0706233 0.0553698
0.0833523 9.99461E-005 9.99461E-005 9.99461E-005 9.99461E-005 9.99461E-005 0.821993 9.99461E-005 0.0940551
9.99461E-005 0.0669327 9.99461E-005 9.99461E-005 9.99461E-005 9.99461E-005 0.888487 9.99461E-005 0.0439805
0.136819 9.99641E-005 0.135894 0.0825391 9.99641E-005 0.0239492 0.620398 9.99641E-005 9.99641E-005
9.99641E-005 9.99641E-005 0.108159 0.00596519 9.99641E-005 0.127995 0.721526 0.0359554 9.99641E-005
9.99642E-005 9.99642E-005 0.189536 9.99642E-005 0.0386964 9.99642E-005 0.644155 0.112336 0.0148769
0.100573 0.074694 0.094906 9.9991E-005 0.0361911 0.0778359 0.454796 0.150134 0.0107695
0.180687 0.0163265 0.154374 9.99731E-005 0.0217504 9.99731E-005 0.539845 0.0867174 9.99731E-005
0.147743 9.99641E-005 0.193009 0.00899038 9.99641E-005 9.99641E-005 0.557777 0.0920807 9.99641E-005
0.124746 0.048653 0.243393 9.9973E-005 0.00868064 9.9973E-005 0.566175 0.00805134 9.9973E-005
0.2398 9.99641E-005 0.0632948 0.551139 9.99641E-005 9.99641E-005 0.0855569 0.059809 9.99641E-005
0.886156 9.99551E-005 0.0306775 0.0750946 9.99551E-005 9.99551E-005 0.0075723 9.99551E-005 9.99551E-005
0.883679 9.99372E-005 9.99372E-005 0.115621 9.99372E-005 9.99372E-005 9.99372E-005 9.99372E-005 9.99372E-005
0.658517 9.99641E-005 0.00569223 0.255844 9.99641E-005 9.99641E-005 0.0449779 9.99641E-005 0.0345688
0.852678 0.0604505 9.99551E-005 0.0712212 9.99551E-005 9.99551E-005 9.99551E-005 9.99551E-005 0.0151507
9.993E-005 9.993E-005 9.993E-005 0.999201 9.993E-005 9.993E-005 9.993E-005 9.993E-005 9.993E-005
0.00169594 9.99371E-005 9.99371E-005 0.997605 9.99371E-005 9.99371E-005 9.99371E-005 9.99371E-005 9.99371E-005
9.993E-005 9.993E-005 9.993E-005 0.999201 9.993E-005 9.993E-005 9.993E-005 9.993E-005 9.993E-005
0.724808 9.99641E-005 0.0406789 0.0901563 0.0145957 9.99641E-005 9.99641E-005 0.129362 9.99641E-005
0.185714 9.99641E-005 9.99641E-005 0.789243 0.0121628 0.00882624 0.00365426 9.99641E-005 9.99641E-005
0.894389 9.99461E-005 9.99461E-005 0.0371357 9.99461E-005 9.99461E-005 9.99461E-005 0.067876 9.99461E-005
9.993E-005 9.993E-005 9.993E-005 0.999201 9.993E-005 9.993E-005 9.993E-005 9.993E-005 9.993E-005
0.627564 9.99551E-005 9.99551E-005 0.194555 9.99551E-005 0.0999988 0.0773821 9.99551E-005 9.99551E-005
9.993E-005 9.993E-005 9.993E-005 0.999201 9.993E-005 9.993E-005 9.993E-005 9.993E-005 9.993E-005
0.848216 9.99461E-005 0.0566454 0.0945389 9.99461E-005 9.99461E-005 9.99461E-005 9.99461E-005 9.99461E-005
0.72683 9.99462E-005 9.99462E-005 0.271892 0.000678257 9.99462E-005 9.99462E-005 9.99462E-005 9.99462E-005
0.757069 9.99641E-005 0.0362368 0.155677 9.99641E-005 0.0177555 9.99641E-005 9.99641E-005 0.032862
0.856419 9.99551E-005 9.99551E-005 0.132335 9.99551E-005 0.00450394 0.00624245 9.99551E-005 9.99551E-005
0.733883 9.99731E-005 9.99731E-005 0.134348 0.0160583 9.99731E-005 0.0348686 0.070706 0.0098358
0.0556912 9.99731E-005 0.800285 9.99731E-005 0.00469733 0.0265624 0.0704787 9.99731E-005 0.0419855
9.993E-005 9.993E-005 0.999201 9.993E-005 9.993E-005 9.993E-005 9.993E-005 9.993E-005 9.993E-005
9.99641E-005 9.99641E-005 0.885004 0.0366273 0.0406773 9.99641E-005 0.0033714 9.99641E-005 0.0339197
0.0118024 0.0204928 0.947858 9.99641E-005 9.99641E-005 9.99641E-005 0.0161773 9.99641E-005 0.0032695
0.0172723 9.99641E-005 0.908424 0.0203201 0.0145514 9.99641E-005 9.99641E-005 0.0390321 9.99641E-005
9.99371E-005 9.99371E-005 0.967903 9.99371E-005 9.99371E-005 9.99371E-005 9.99371E-005 0.031397 9.99371E-005
0.0249252 9.99462E-005 0.965499 9.99462E-005 0.00897569 9.99462E-005 9.99462E-005 9.99462E-005 9.99462E-005
0.00480498 9.99641E-005 0.837468 0.0400816 9.99641E-005 9.99641E-005 0.0495967 0.0676484 9.99641E-005
9.99371E-005 9.99371E-005 0.976881 0.0224195 9.99371E-005 9.99371E-005 9.99371E-005 9.99371E-005 9.99371E-005
9.99731E-005 9.99731E-005 0.0674518 0.0469931 9.99731E-005 0.196013 0.15029 0.43424 0.104711
9.993E-005 0.999201 9.993E-005 9.993E-005 9.993E-005 9.993E-005 9.993E-005 9.993E-005 9.993E-005
9.99458E-005 0.925363 0.0433852 9.99458E-005 9.99458E-005 9.99458E-005 9.99458E-005 9.99458E-005 0.0306521
9.99462E-005 9.99462E-005 0.0149849 9.99462E-005 0.00173553 9.99462E-005 9.99462E-005 0.98268 9.99462E-005
9.99548E-005 0.545513 9.99548E-005 9.99548E-005 9.99548E-005 0.0461853 9.99548E-005 0.308051 0.0997505
9.99372E-005 9.99372E-005 9.99372E-005 0.0233841 9.99372E-005 9.99372E-005 9.99372E-005 0.975916 9.99372E-005
0.122274 9.99641E-005 9.99641E-005 9.99641E-005 0.0366805 0.0664909 9.99641E-005 0.75116 0.022994
9.9982E-005 0.00465333 0.117299 0.0220583 9.9982E-005 0.0962467 0.0360239 0.701268 0.0222509
9.99462E-005 9.99462E-005 9.99462E-005 9.99462E-005 9.99462E-005 9.99462E-005 0.0010549 0.997102 0.00124348
9.99462E-005 9.99462E-005 0.00195631 9.99462E-005 9.99462E-005 9.99462E-005 0.0412961 0.956148 9.99462E-005
9.9964E-005 9.9964E-005 0.028147 0.0560044 0.054272 9.9964E-005 9.9964E-005 0.851679 0.00949783
9.99461E-005 9.99461E-005 9.99461E-005 9.99461E-005 0.00629238 9.99461E-005 0.0233612 0.969747 9.99461E-005
9.99371E-005 9.99371E-005 9.99371E-005 9.99371E-005 9.99371E-005 9.99371E-005 9.99371E-005 0.97418 0.0251201
0.025199 9.99371E-005 9.99371E-005 9.99371E-005 9.99371E-005 9.99371E-005 9.99371E-005 0.974101 9.99371E-005
0.0124735 9.99372E-005 9.99372E-005 9.99372E-005 9.99372E-005 0.986827 9.99372E-005 9.99372E-005 9.99372E-005
0.0754644 9.99461E-005 9.99461E-005 9.99461E-005 0.00250138 0.921435 9.99461E-005 9.99461E-005 9.99461E-005
9.99641E-005 9.99641E-005 0.0537625 9.99641E-005 0.0133241 0.911095 0.010783 0.0106352 9.99641E-005
9.99462E-005 9.99462E-005 9.99462E-005 9.99462E-005 0.399187 0.450714 9.99462E-005 9.99462E-005 0.1495
9.99551E-005 9.99551E-005 9.99551E-005 0.0403055 0.399802 0.246161 9.99551E-005 9.99551E-005 0.313232
9.99372E-005 9.99372E-005 9.99372E-005 9.99372E-005 0.968236 9.99372E-005 9.99372E-005 0.0310646 9.99372E-005
9.993E-005 9.993E-005 9.993E-005 9.993E-005 0.999201 9.993E-005 9.993E-005 9.993E-005 9.993E-005
0.0413366 9.99641E-005 0.00365987 9.99641E-005 0.460095 0.348116 9.99641E-005 9.99641E-005 0.146392
9.99461E-005 9.99461E-005 9.99461E-005 9.99461E-005 0.415112 0.345205 9.99461E-005 9.99461E-005 0.239083
9.99461E-005 9.99461E-005 0.0208587 9.99461E-005 0.96367 9.99461E-005 0.0148715 9.99461E-005 9.99461E-005
9.993E-005 9.993E-005 9.993E-005 9.993E-005 0.999201 9.993E-005 9.993E-005 9.993E-005 9.993E-005
0.0676897 9.99551E-005 9.99551E-005 9.99551E-005 0.400571 0.401254 9.99551E-005 9.99551E-005 0.129986
9.99372E-005 9.99372E-005 9.99372E-005 9.99372E-005 0.992495 9.99372E-005 9.99372E-005 0.00680549 9.99372E-005
9.993E-005 9.993E-005 9.993E-005 9.993E-005 0.999201 9.993E-005 9.993E-005 9.993E-005 9.993E-005
9.993E-005 9.993E-005 9.993E-005 9.993E-005 0.999201 9.993E-005 9.993E-005 9.993E-005 9.993E-005
9.99461E-005 9.99461E-005 9.99461E-005 9.99461E-005 0.95174 0.0399234 9.99461E-005 9.99461E-005 0.00773715
9.99371E-005 9.99371E-005 9.99371E-005 0.0404691 0.958831 9.99371E-005 9.99371E-005 9.99371E-005 9.99371E-005
0.974137 9.99372E-005 0.0251634 9.99372E-005 9.99372E-005 9.99372E-005 9.99372E-005 9.99372E-005 9.99372E-005
9.99641E-005 0.0198421 0.935205 0.0178633 9.99641E-005 0.0111293 0.0155601 9.99641E-005 9.99641E-005
9.99371E-005 9.99371E-005 0.936014 0.0632863 9.99371E-005 9.99371E-005 9.99371E-005 9.99371E-005 9.99371E-005
9.99461E-005 9.99461E-005 9.99461E-005 0.00164614 0.0461486 9.99461E-005 9.99461E-005 9.99461E-005 0.951606
9.99462E-005 0.00524301 9.99462E-005 9.99462E-005 0.0621803 9.99462E-005 9.99462E-005 9.99462E-005 0.931977
9.99372E-005 9.99372E-005 9.99372E-005 9.99372E-005 0.0469152 9.99372E-005 9.99372E-005 9.99372E-005 0.952385
9.99372E-005 9.99372E-005 9.99372E-005 9.99372E-005 9.99372E-005 9.99372E-005 9.99372E-005 0.0549962 0.944304
9.99462E-005 9.99462E-005 9.99462E-005 9.99462E-005 9.99462E-005 0.0555712 9.99462E-005 0.0181241 0.925705
9.99461E-005 9.99461E-005 9.99461E-005 0.0282161 9.99461E-005 0.0297944 9.99461E-005 9.99461E-005 0.94139
9.99552E-005 0.00107589 9.99552E-005 0.0496494 0.00809704 9.99552E-005 9.99552E-005 9.99552E-005 0.940678
9.99462E-005 9.99462E-005 9.99462E-005 9.99462E-005 0.0140629 9.99462E-005 9.99462E-005 0.0766809 0.908656
0.0817889 9.99461E-005 9.99461E-005 9.99461E-005 9.99461E-005 9.99461E-005 9.99461E-005 0.00499515 0.912616
9.99461E-005 9.99461E-005 9.99461E-005 9.99461E-005 9.99461E-005 9.99461E-005 0.034849 0.0284942 0.936057
9.99462E-005 9.99462E-005 0.0106989 0.00700695 9.99462E-005 9.99462E-005 9.99462E-005 9.99462E-005 0.981694
9.99641E-005 0.0449338 9.99641E-005 0.00394031 0.013025 9.99641E-005 9.99641E-005 0.0719428 0.865758
9.99372E-005 9.99372E-005 9.99372E-005 9.99372E-005 9.99372E-005 9.99372E-005 9.99372E-005 0.0556152 0.943685
9.99371E-005 9.99371E-005 9.99371E-005 9.99371E-005 0.0535597 9.99371E-005 9.99371E-005 9.99371E-005 0.945741
9.99372E-005 9.99372E-005 9.99372E-005 9.99372E-005 9.99372E-005 0.077369 9.99372E-005 9.99372E-005 0.921931
0.0521029 0.0102059 9.99731E-005 0.0226017 9.99731E-005 9.99731E-005 0.00283602 0.00376312 0.90819
9.99372E-005 9.99372E-005 9.99372E-005 9.99372E-005 0.0859097 9.99372E-005 9.99372E-005 9.99372E-005 0.913391
9.99462E-005 9.99462E-005 0.0340658 9.99462E-005 9.99462E-005 0.00477918 9.99462E-005 9.99462E-005 0.960555
9.99372E-005 9.99372E-005 9.99372E-005 9.99372E-005 9.99372E-005 0.0257085 9.99372E-005 9.99372E-005 0.973592
0.07675 0.0118215 9.99551E-005 9.99551E-005 0.0325396 9.99551E-005 9.99551E-005 9.99551E-005 0.878389
0.0154444 9.99462E-005 9.99462E-005 9.99462E-005 0.0252805 9.99462E-005 9.99462E-005 9.99462E-005 0.958675
0.0160982 9.99641E-005 9.99641E-005 9.99641E-005 0.0302651 0.00913363 0.0516227 9.99641E-005 0.892481
9.99551E-005 0.0214515 9.99551E-005 0.00946723 9.99551E-005 9.99551E-005 0.0188891 9.99551E-005 0.949692
9.99641E-005 0.00260906 9.99641E-005 0.0055826 9.99641E-005 0.0209633 9.99641E-005 0.102277 0.868168
9.99371E-005 9.99371E-005 9.99371E-005 9.99371E-005 9.99371E-005 0.0373337 9.99371E-005 9.99371E-005 0.961967
9.99641E-005 0.0274901 9.99641E-005 0.0308781 9.99641E-005 9.99641E-005 0.024868 0.0147517 0.901612
9.99461E-005 9.99461E-005 9.99461E-005 9.99461E-005 0.368667 0.489775 9.99461E-005 9.99461E-005 0.140958
0.284733 0.0213741 9.9964E-005 9.9964E-005 0.210809 0.369089 9.9964E-005 9.9964E-005 0.113595
9.99641E-005 9.99641E-005 9.99641E-005 0.0273731 0.269734 0.372795 9.99641E-005 0.00641385 0.323285
0.289076 9.995E-005 0.450283 9.995E-005 0.0509578 9.995E-005 0.209183 9.995E-005 9.995E-005
0.130269 9.99551E-005 0.625841 9.99551E-005 9.99551E-005 0.0311323 0.212259 9.99551E-005 9.99551E-005
0.0784472 9.99641E-005 0.629397 9.99641E-005 9.99641E-005 0.0606531 0.206074 0.025029 9.99641E-005
0.240958 9.99551E-005 0.490982 9.99551E-005 0.0129411 9.99551E-005 0.254619 9.99551E-005 9.99551E-005
0.089281 9.99552E-005 0.673387 9.99552E-005 0.0153705 9.99552E-005 0.221462 9.99552E-005 9.99552E-005
0.0892548 9.99552E-005 0.615027 9.99552E-005 9.99552E-005 9.99552E-005 0.287944 0.00727445 9.99552E-005
0.169395 0.0233872 0.461608 0.0349007 0.0396251 0.00526221 0.255134 0.0105868 9.9991E-005
9.99461E-005 0.031574 0.945668 0.0221584 9.99461E-005 9.99461E-005 9.99461E-005 9.99461E-005 9.99461E-005
9.99371E-005 9.99371E-005 0.994982 0.0043188 9.99371E-005 9.99371E-005 9.99371E-005 9.99371E-005 9.99371E-005
9.99731E-005 0.00707282 0.886348 0.0734706 0.026933 9.99731E-005 0.00146276 9.99731E-005 0.00441328
0.407192 9.99552E-005 0.133461 0.0151462 9.99552E-005 9.99552E-005 9.99552E-005 9.99552E-005 0.443701
0.199132 0.0692043 0.064837 0.0428892 9.9982E-005 9.9982E-005 0.423412 0.159694 0.0406323
9.99729E-005 0.742939 0.0225145 0.0264803 0.0520516 9.99729E-005 0.108519 9.99729E-005 0.0471955
9.99461E-005 9.99461E-005 9.99461E-005 9.99461E-005 9.99461E-005 0.954777 9.99461E-005 0.00477501 0.0398484
9.99551E-005 9.99551E-005 9.99551E-005 9.99551E-005 0.0200396 0.919921 0.050056 0.00948338 9.99551E-005
9.99367E-005 0.680288 9.99367E-005 9.99367E-005 9.99367E-005 9.99367E-005 9.99367E-005 9.99367E-005 0.319012
9.99462E-005 9.99462E-005 9.99462E-005 9.99462E-005 0.00786225 9.99462E-005 9.99462E-005 0.0781662 0.913372
9.99372E-005 9.99372E-005 0.0262037 9.99372E-005 9.99372E-005 9.99372E-005 9.99372E-005 9.99372E-005 0.973097
0.0245507 0.0468563 9.99731E-005 0.0168668 0.00141348 9.99731E-005 0.0133691 9.99731E-005 0.896644
9.99372E-005 9.99372E-005 0.0123386 9.99372E-005 9.99372E-005 9.99372E-005 9.99372E-005 9.99372E-005 0.986962
9.99371E-005 9.99371E-005 9.99371E-005 9.99371E-005 9.99371E-005 9.99371E-005 9.99371E-005 0.0696665 0.929634
9.99551E-005 0.00535175 9.99551E-005 9.99551E-005 0.0125897 0.0532229 9.99551E-005 9.99551E-005 0.928336
9.99731E-005 9.99731E-005 0.000651876 0.017228 0.0261506 9.99731E-005 0.00338457 0.0165723 0.935713
9.99372E-005 9.99372E-005 9.99372E-005 0.00200511 9.99372E-005 9.99372E-005 9.99372E-005 9.99372E-005 0.997295
0.00354481 9.99641E-005 0.0322604 0.000812004 0.0215038 9.99641E-005 9.99641E-005 9.99641E-005 0.941479
9.99552E-005 9.99552E-005 9.99552E-005 0.000968664 0.0613016 0.00103904 9.99552E-005 9.99552E-005 0.936191
0.0335072 9.99462E-005 9.99462E-005 9.99462E-005 9.99462E-005 0.0103346 9.99462E-005 9.99462E-005 0.955559
0.0548202 9.99462E-005 9.99462E-005 9.99462E-005 0.0103615 9.99462E-005 9.99462E-005 9.99462E-005 0.934219
0.0992956 9.99372E-005 9.99372E-005 9.99372E-005 9.99372E-005 9.99372E-005 9.99372E-005 9.99372E-005 0.900005
0.0071795 9.99551E-005 9.99551E-005 0.0293576 9.99551E-005 9.99551E-005 9.99551E-005 0.0094304 0.953533
9.99372E-005 9.99372E-005 9.99372E-005 9.99372E-005 9.99372E-005 9.99372E-005 9.99372E-005 0.0849001 0.9144
0.664982 9.997E-005 0.103816 0.0731841 0.0570114 9.997E-005 0.0876216 9.997E-005 0.0130845
0.85178 9.99641E-005 0.00625806 0.0209915 0.00918197 9.99641E-005 0.111389 9.99641E-005 9.99641E-005
0.568687 9.99731E-005 0.0933079 0.105449 0.0107272 0.0474316 0.174098 9.99731E-005 9.99731E-005
9.99462E-005 9.99462E-005 0.983779 9.99462E-005 9.99462E-005 9.99462E-005 9.99462E-005 0.0103025 0.00531906
9.99461E-005 9.99461E-005 0.955102 0.0407587 9.99461E-005 9.99461E-005 9.99461E-005 0.00353943 9.99461E-005
0.0319304 9.99462E-005 0.911681 9.99462E-005 9.99462E-005 9.99462E-005 9.99462E-005 0.0557887 9.99462E-005
9.99551E-005 9.99551E-005 0.905138 0.047879 9.99551E-005 0.0363921 9.99551E-005 0.0100915 9.99551E-005
9.993E-005 9.993E-005 9.993E-005 9.993E-005 9.993E-005 0.999201 9.993E-005 9.993E-005 9.993E-005
9.99461E-005 9.99461E-005 9.99461E-005 0.00794086 9.99461E-005 0.988835 9.99461E-005 0.00262408 9.99461E-005
9.99372E-005 9.99372E-005 0.0581296 9.99372E-005 9.99372E-005 0.941171 9.99372E-005 9.99372E-005 9.99372E-005
0.826101 9.99641E-005 0.0430436 0.0679624 9.99641E-005 9.99641E-005 0.0230434 0.0394494 9.99641E-005
0.954055 0.0214882 9.99462E-005 9.99462E-005 9.99462E-005 0.0238568 9.99462E-005 9.99462E-005 9.99462E-005
0.715704 9.9982E-005 9.9982E-005 0.0158544 0.0159403 0.0637246 0.112489 0.0337805 0.0423074
0.872333 0.0088847 9.99641E-005 0.0246008 9.99641E-005 0.0594383 9.99641E-005 9.99641E-005 0.0343437
