9.99192E-005 9.99192E-005 9.99192E-005 0.898069 9.99192E-005 9.99192E-005 0.0429055 0.0330837 9.99192E-005 9.99192E-005 9.99192E-005 0.0157072 9.99192E-005 0.0093356
9.98922E-005 9.98922E-005 9.98922E-005 0.982504 9.98922E-005 9.98922E-005 9.98922E-005 9.98922E-005 9.98922E-005 9.98922E-005 9.98922E-005 0.0162971 9.98922E-005 9.98922E-005
9.99102E-005 0.0174987 9.99102E-005 0.854392 9.99102E-005 9.99102E-005 9.99102E-005 0.0900549 9.99102E-005 9.99102E-005 9.99102E-005 0.0370555 9.99102E-005 9.99102E-005
9.99282E-005 9.99282E-005 9.99282E-005 0.665462 9.99282E-005 9.99282E-005 0.0263888 0.0719543 9.99282E-005 0.106266 0.11033 9.99282E-005 9.99282E-005 0.0187999
9.99102E-005 9.99102E-005 9.99102E-005 0.833382 9.99102E-005 9.99102E-005 9.99102E-005 0.0702062 9.99102E-005 9.99102E-005 9.99102E-005 0.0170458 9.99102E-005 0.0783668
9.98832E-005 9.98832E-005 9.98832E-005 0.998702 9.98832E-005 9.98832E-005 9.98832E-005 9.98832E-005 9.98832E-005 9.98832E-005 9.98832E-005 9.98832E-005 9.98832E-005 9.98832E-005
9.98832E-005 9.98832E-005 9.98832E-005 0.998702 9.98832E-005 9.98832E-005 9.98832E-005 9.98832E-005 9.98832E-005 9.98832E-005 9.98832E-005 9.98832E-005 9.98832E-005 9.98832E-005
9.99192E-005 0.00450121 9.99192E-005 0.739798 9.99192E-005 9.99192E-005 9.99192E-005 9.99192E-005 9.99192E-005 9.99192E-005 0.0469871 9.99192E-005 0.159606 0.048208
0.000627463 9.99281E-005 0.0657969 0.824038 9.99281E-005 9.99281E-005 9.99281E-005 9.99281E-005 0.0148619 0.0449074 0.0489686 9.99281E-005 9.99281E-005 9.99281E-005
9.99102E-005 0.0242614 0.100243 0.800164 9.99102E-005 9.99102E-005 9.99102E-005 9.99102E-005 9.99102E-005 9.99102E-005 0.0743324 9.99102E-005 9.99102E-005 9.99102E-005
9.99102E-005 9.99102E-005 9.99102E-005 0.888935 0.0472364 0.0033562 9.99102E-005 9.99102E-005 0.0594732 9.99102E-005 9.99102E-005 9.99102E-005 9.99102E-005 9.99102E-005
9.99283E-005 9.99283E-005 9.99283E-005 0.528885 9.99283E-005 9.99283E-005 9.99283E-005 0.156908 9.99283E-005 9.99283E-005 0.0944325 0.0558449 0.0336845 0.129445
9.99372E-005 9.99372E-005 9.99372E-005 0.589986 9.99372E-005 0.0359659 9.99372E-005 0.271579 9.99372E-005 0.00138062 0.00930239 0.0027782 0.0883085 9.99372E-005
0.0281122 0.118256 9.99283E-005 0.61359 0.0453214 9.99283E-005 9.99283E-005 9.99283E-005 9.99283E-005 0.0498661 9.99283E-005 9.99283E-005 9.99283E-005 0.144055
0.0133395 9.99551E-005 9.99551E-005 0.381588 9.99551E-005 0.0424059 9.99551E-005 0.151429 0.0766879 0.111167 0.0498924 9.99551E-005 0.113375 0.0596148
0.00569006 9.99372E-005 9.99372E-005 0.359536 9.99372E-005 9.99372E-005 9.99372E-005 0.474148 0.00615787 0.0541622 0.0581108 9.99372E-005 0.0414957 9.99372E-005
9.99282E-005 9.99282E-005 9.99282E-005 0.575892 9.99282E-005 9.99282E-005 9.99282E-005 0.137385 9.99282E-005 0.1032 0.0718351 0.0124752 9.99282E-005 0.098414
9.99191E-005 9.99191E-005 9.99191E-005 0.404776 9.99191E-005 9.99191E-005 9.99191E-005 0.509169 0.0457119 0.00856594 0.0308785 9.99191E-005 9.99191E-005 9.99191E-005
9.99282E-005 9.99282E-005 9.99282E-005 0.059349 0.0189375 9.99282E-005 9.99282E-005 0.149031 9.99282E-005 0.0301615 0.207729 0.533993 9.99282E-005 9.99282E-005
9.99103E-005 9.99103E-005 9.99103E-005 0.0279735 9.99103E-005 9.99103E-005 9.99103E-005 9.99103E-005 9.99103E-005 9.99103E-005 0.923653 0.0135684 9.99103E-005 0.0338062
9.99103E-005 0.0153919 9.99103E-005 9.99103E-005 9.99103E-005 9.99103E-005 9.99103E-005 9.99103E-005 9.99103E-005 9.99103E-005 0.897189 0.0746797 9.99103E-005 0.0117403
9.99551E-005 9.99551E-005 9.99551E-005 0.0537418 0.0322259 0.0128411 0.00408236 0.0136794 9.99551E-005 9.99551E-005 0.659218 0.220694 0.000364572 0.0026532
9.99102E-005 9.99102E-005 9.99102E-005 9.99102E-005 0.0457375 9.99102E-005 9.99102E-005 9.99102E-005 0.0475455 9.99102E-005 0.862232 0.0434857 9.99102E-005 9.99102E-005
9.98829E-005 9.98829E-005 9.98829E-005 9.98829E-005 9.98829E-005 9.98829E-005 9.98829E-005 9.98829E-005 9.98829E-005 9.98829E-005 9.98829E-005 0.998702 9.98829E-005 9.98829E-005
9.98922E-005 9.98922E-005 9.98922E-005 9.98922E-005 9.98922E-005 9.98922E-005 9.98922E-005 9.98922E-005 9.98922E-005 9.98922E-005 0.00425894 0.994542 9.98922E-005 9.98922E-005
9.98832E-005 9.98832E-005 9.98832E-005 9.98832E-005 9.98832E-005 9.98832E-005 9.98832E-005 9.98832E-005 9.98832E-005 9.98832E-005 9.98832E-005 0.998702 9.98832E-005 9.98832E-005
0.0265205 0.0479502 0.0488184 9.99372E-005 9.99372E-005 9.99372E-005 9.99372E-005 9.99372E-005 9.99372E-005 0.046094 0.730677 0.0534572 9.99372E-005 0.0457829
9.99102E-005 9.99102E-005 9.99102E-005 0.0221412 9.99102E-005 9.99102E-005 0.0294073 9.99102E-005 9.99102E-005 9.99102E-005 0.210127 0.737325 9.99102E-005 9.99102E-005
9.99102E-005 9.99102E-005 9.99102E-005 9.99102E-005 9.99102E-005 9.99102E-005 9.99102E-005 0.109485 9.99102E-005 0.0348171 0.836867 0.0178318 9.99102E-005 9.99102E-005
9.98831E-005 9.98831E-005 9.98831E-005 9.98831E-005 9.98831E-005 9.98831E-005 9.98831E-005 9.98831E-005 9.98831E-005 9.98831E-005 9.98831E-005 0.998702 9.98831E-005 9.98831E-005
9.99102E-005 9.99102E-005 9.99102E-005 0.0842036 9.99102E-005 9.99102E-005 9.99102E-005 9.99102E-005 9.99102E-005 9.99102E-005 0.692492 0.150838 0.0714672 9.99102E-005
9.98922E-005 9.98922E-005 9.98922E-005 9.98922E-005 9.98922E-005 9.98922E-005 9.98922E-005 0.00908406 9.98922E-005 9.98922E-005 9.98922E-005 0.989717 9.98922E-005 9.98922E-005
9.99102E-005 0.0968408 9.99102E-005 9.99102E-005 9.99102E-005 9.99102E-005 9.99102E-005 0.0227333 9.99102E-005 9.99102E-005 0.794604 0.0848223 9.99102E-005 9.99102E-005
9.99103E-005 9.99103E-005 0.000123001 9.99103E-005 0.035911 9.99103E-005 9.99103E-005 9.99103E-005 9.99103E-005 9.99103E-005 0.752217 0.21075 9.99103E-005 9.99103E-005
0.0135129 9.99282E-005 9.99282E-005 9.99282E-005 9.99282E-005 0.0435862 9.99282E-005 0.102635 9.99282E-005 9.99282E-005 0.667369 0.144981 0.027117 9.99282E-005
9.99102E-005 9.99102E-005 9.99102E-005 0.0149546 9.99102E-005 9.99102E-005 9.99102E-005 9.99102E-005 9.99102E-005 0.0212873 0.841719 0.12104 9.99102E-005 9.99102E-005
0.00790629 0.0319195 9.99462E-005 9.99462E-005 0.00233742 0.00787997 9.99462E-005 9.99462E-005 0.00563028 0.0793273 0.786996 0.0774033 9.99462E-005 9.99462E-005
9.99372E-005 9.99372E-005 0.0202437 0.0652974 0.0210432 9.99372E-005 9.99372E-005 0.186966 9.99372E-005 9.99372E-005 0.0357682 9.99372E-005 0.028939 0.641043
9.98923E-005 9.98923E-005 9.98923E-005 9.98923E-005 9.98923E-005 9.98923E-005 9.98923E-005 9.98923E-005 0.0025523 9.98923E-005 9.98923E-005 9.98923E-005 9.98923E-005 0.996249
0.0253108 0.0774874 0.0127264 0.00366658 9.99551E-005 9.99551E-005 0.0389207 0.0293659 9.99551E-005 9.99551E-005 0.0132689 0.00857481 9.99551E-005 0.790179
9.99013E-005 9.99013E-005 0.00474635 9.99013E-005 9.99013E-005 9.99013E-005 9.99013E-005 0.220561 9.99013E-005 9.99013E-005 9.99013E-005 9.99013E-005 9.99013E-005 0.773594
0.0135478 0.0114782 9.99192E-005 9.99192E-005 9.99192E-005 9.99192E-005 9.99192E-005 0.276451 9.99192E-005 9.99192E-005 9.99192E-005 0.0145138 9.99192E-005 0.68311
9.99012E-005 0.0480381 9.99012E-005 9.99012E-005 9.99012E-005 9.99012E-005 9.99012E-005 9.99012E-005 9.99012E-005 0.02965 9.99012E-005 9.99012E-005 9.99012E-005 0.921213
9.99013E-005 0.00475361 9.99013E-005 9.99013E-005 9.99013E-005 9.99013E-005 9.99013E-005 0.32876 9.99013E-005 9.99013E-005 9.99013E-005 9.99013E-005 9.99013E-005 0.665388
9.99372E-005 0.0687905 9.99372E-005 0.0260121 0.00121645 9.99372E-005 9.99372E-005 9.99372E-005 9.99372E-005 0.0495046 9.99372E-005 0.0227612 0.0328628 0.798153
9.99013E-005 9.99013E-005 9.99013E-005 9.99013E-005 9.99013E-005 9.99013E-005 9.99013E-005 0.1004 9.99013E-005 9.99013E-005 9.99013E-005 0.0122282 9.99013E-005 0.886273
9.99372E-005 0.0459068 9.99372E-005 0.0561527 9.99372E-005 0.0704947 9.99372E-005 9.99372E-005 9.99372E-005 0.492465 9.99372E-005 0.0416569 0.223504 0.0691201
9.98841E-005 9.98841E-005 9.98841E-005 9.98841E-005 9.98841E-005 9.98841E-005 9.98841E-005 9.98841E-005 0.998702 9.98841E-005 9.98841E-005 9.98841E-005 9.98841E-005 9.98841E-005
9.99097E-005 9.99097E-005 0.0038904 9.99097E-005 0.0239491 9.99097E-005 9.99097E-005 9.99097E-005 0.91412 9.99097E-005 9.99097E-005 9.99097E-005 9.99097E-005 0.0570413
9.98924E-005 9.98924E-005 9.98924E-005 9.98924E-005 9.98924E-005 9.98924E-005 9.98924E-005 0.08957 9.98924E-005 0.909231 9.98924E-005 9.98924E-005 9.98924E-005 9.98924E-005
9.99097E-005 9.99097E-005 0.133151 9.99097E-005 9.99097E-005 9.99097E-005 9.99097E-005 9.99097E-005 0.541943 0.320222 9.99097E-005 9.99097E-005 0.00368419 9.99097E-005
9.98923E-005 9.98923E-005 9.98923E-005 9.98923E-005 9.98923E-005 9.98923E-005 9.98923E-005 9.98923E-005 9.98923E-005 0.979016 9.98923E-005 0.0197857 9.98923E-005 9.98923E-005
0.0105927 0.00319899 0.00312866 9.99461E-005 9.99461E-005 0.0275958 9.99461E-005 9.99461E-005 9.99461E-005 0.77479 0.0807013 9.99461E-005 0.0716021 0.0277911
9.99551E-005 9.99551E-005 9.99551E-005 0.0263586 0.0220198 9.99551E-005 0.0558372 0.012499 0.0139302 0.681174 9.99551E-005 0.0224728 0.0428597 0.122349
9.99103E-005 9.99103E-005 0.0165429 0.0382903 9.99103E-005 9.99103E-005 0.00717143 9.99103E-005 9.99103E-005 0.936996 9.99103E-005 9.99103E-005 9.99103E-005 9.99103E-005
9.99103E-005 0.0166305 9.99103E-005 0.0263856 0.00281378 9.99103E-005 9.99103E-005 9.99103E-005 9.99103E-005 0.953171 9.99103E-005 9.99103E-005 9.99103E-005 9.99103E-005
0.0166805 0.0279837 9.99281E-005 9.99281E-005 9.99281E-005 9.99281E-005 0.0577855 0.0537372 9.99281E-005 0.791562 9.99281E-005 0.0514515 9.99281E-005 9.99281E-005
0.0171313 9.99013E-005 9.99013E-005 0.037412 9.99013E-005 9.99013E-005 9.99013E-005 9.99013E-005 9.99013E-005 0.944358 9.99013E-005 9.99013E-005 9.99013E-005 9.99013E-005
9.98922E-005 9.98922E-005 9.98922E-005 9.98922E-005 0.0308769 9.98922E-005 9.98922E-005 9.98922E-005 9.98922E-005 0.967924 9.98922E-005 9.98922E-005 9.98922E-005 9.98922E-005
9.99013E-005 9.99013E-005 0.0221151 9.99013E-005 9.99013E-005 9.99013E-005 9.99013E-005 9.99013E-005 9.99013E-005 0.93715 0.039636 9.99013E-005 9.99013E-005 9.99013E-005
0.00966203 0.0185758 9.99192E-005 9.99192E-005 9.99192E-005 0.0157625 9.99192E-005 9.99192E-005 9.99192E-005 9.99192E-005 0.0256311 9.99192E-005 0.929469 9.99192E-005
0.00680083 9.99012E-005 9.99012E-005 9.99012E-005 9.99012E-005 9.99012E-005 9.99012E-005 9.99012E-005 9.99012E-005 9.99012E-005 0.0566394 9.99012E-005 0.935461 9.99012E-005
9.99193E-005 9.99193E-005 9.99193E-005 9.99193E-005 9.99193E-005 9.99193E-005 0.0537199 0.0181342 9.99193E-005 0.000191447 9.99193E-005 9.99193E-005 0.875251 0.0518041
9.98832E-005 9.98832E-005 9.98832E-005 9.98832E-005 9.98832E-005 9.98832E-005 0.998702 9.98832E-005 9.98832E-005 9.98832E-005 9.98832E-005 9.98832E-005 9.98832E-005 9.98832E-005
0.0482855 9.99192E-005 0.0164348 9.99192E-005 9.99192E-005 0.108943 0.806811 9.99192E-005 9.99192E-005 9.99192E-005 9.99192E-005 0.0186262 9.99192E-005 9.99192E-005
0.980987 9.98924E-005 9.98924E-005 9.98924E-005 9.98924E-005 9.98924E-005 9.98924E-005 9.98924E-005 9.98924E-005 0.0178141 9.98924E-005 9.98924E-005 9.98924E-005 9.98924E-005
0.998702 9.98832E-005 9.98832E-005 9.98832E-005 9.98832E-005 9.98832E-005 9.98832E-005 9.98832E-005 9.98832E-005 9.98832E-005 9.98832E-005 9.98832E-005 9.98832E-005 9.98832E-005
0.113355 9.99282E-005 9.99282E-005 9.99282E-005 0.0374747 9.99282E-005 0.788843 9.99282E-005 9.99282E-005 9.99282E-005 0.00958102 9.99282E-005 0.0213197 0.0286272
0.0158711 9.99012E-005 9.99012E-005 9.99012E-005 0.0307453 9.99012E-005 0.952285 9.99012E-005 9.99012E-005 9.99012E-005 9.99012E-005 9.99012E-005 9.99012E-005 9.99012E-005
0.938872 9.98923E-005 9.98923E-005 9.98923E-005 9.98923E-005 9.98923E-005 9.98923E-005 0.0599298 9.98923E-005 9.98923E-005 9.98923E-005 9.98923E-005 9.98923E-005 9.98923E-005
0.998702 9.98833E-005 9.98833E-005 9.98833E-005 9.98833E-005 9.98833E-005 9.98833E-005 9.98833E-005 9.98833E-005 9.98833E-005 9.98833E-005 9.98833E-005 9.98833E-005 9.98833E-005
9.98833E-005 9.98833E-005 9.98833E-005 9.98833E-005 9.98833E-005 9.98833E-005 0.998702 9.98833E-005 9.98833E-005 9.98833E-005 9.98833E-005 9.98833E-005 9.98833E-005 9.98833E-005
0.978271 9.99013E-005 9.99013E-005 9.99013E-005 9.99013E-005 9.99013E-005 9.99013E-005 9.99013E-005 9.99013E-005 0.00919924 9.99013E-005 9.99013E-005 9.99013E-005 0.0114304
0.940596 9.99012E-005 9.99012E-005 9.99012E-005 9.99012E-005 9.99012E-005 0.0516443 9.99012E-005 0.00666121 9.99012E-005 9.99012E-005 9.99012E-005 9.99012E-005 9.99012E-005
0.994455 0.00192338 9.99013E-005 9.99013E-005 9.99013E-005 9.99013E-005 9.99013E-005 9.99013E-005 0.00252261 9.99013E-005 9.99013E-005 9.99013E-005 9.99013E-005 9.99013E-005
0.83091 9.99013E-005 9.99013E-005 9.99013E-005 9.99013E-005 9.99013E-005 0.164422 9.99013E-005 9.99013E-005 9.99013E-005 9.99013E-005 9.99013E-005 0.00356954 9.99013E-005
0.946427 9.99102E-005 0.01385 9.99102E-005 0.00173351 9.99102E-005 9.99102E-005 9.99102E-005 9.99102E-005 9.99102E-005 9.99102E-005 0.0369906 9.99102E-005 9.99102E-005
9.99103E-005 0.0280247 9.99103E-005 9.99103E-005 0.010871 9.99103E-005 9.99103E-005 0.06216 9.99103E-005 9.99103E-005 0.897945 9.99103E-005 9.99103E-005 9.99103E-005
9.99102E-005 9.99102E-005 9.99102E-005 9.99102E-005 9.99102E-005 9.99102E-005 0.0222174 0.167531 9.99102E-005 9.99102E-005 9.99102E-005 0.0187573 9.99102E-005 0.790495
9.99192E-005 0.00977741 9.99192E-005 9.99192E-005 9.99192E-005 9.99192E-005 9.99192E-005 0.00322215 9.99192E-005 9.99192E-005 9.99192E-005 0.0504529 0.00156907 0.934079
0.0237039 0.00377015 0.438119 9.99102E-005 9.99102E-005 0.533408 9.99102E-005 9.99102E-005 9.99102E-005 9.99102E-005 9.99102E-005 9.99102E-005 9.99102E-005 9.99102E-005
0.0391094 9.99013E-005 0.301115 9.99013E-005 9.99013E-005 0.658677 9.99013E-005 9.99013E-005 9.99013E-005 9.99013E-005 9.99013E-005 9.99013E-005 9.99013E-005 9.99013E-005
0.02596 9.99103E-005 0.580673 9.99103E-005 0.011268 0.3811 9.99103E-005 9.99103E-005 9.99103E-005 9.99103E-005 9.99103E-005 9.99103E-005 9.99103E-005 9.99103E-005
9.98923E-005 9.98923E-005 0.952435 9.98923E-005 0.0463666 9.98923E-005 9.98923E-005 9.98923E-005 9.98923E-005 9.98923E-005 9.98923E-005 9.98923E-005 9.98923E-005 9.98923E-005
9.99103E-005 9.99103E-005 0.0434492 9.99103E-005 0.0417085 0.855667 9.99103E-005 9.99103E-005 9.99103E-005 9.99103E-005 9.99103E-005 9.99103E-005 0.058176 9.99103E-005
9.99191E-005 9.99191E-005 0.393522 9.99191E-005 0.0582376 0.484882 0.050436 9.99191E-005 9.99191E-005 9.99191E-005 9.99191E-005 0.0120225 9.99191E-005 9.99191E-005
0.0127339 9.99283E-005 0.328902 9.99283E-005 0.107134 0.509465 0.00681525 9.99283E-005 9.99283E-005 9.99283E-005 9.99283E-005 0.034151 9.99283E-005 9.99283E-005
9.99193E-005 9.99193E-005 0.396057 9.99193E-005 0.124515 0.40582 9.99193E-005 9.99193E-005 9.99193E-005 0.0427943 9.99193E-005 9.99193E-005 0.0299145 9.99193E-005
9.99013E-005 9.99013E-005 0.33726 9.99013E-005 9.99013E-005 0.615908 9.99013E-005 9.99013E-005 9.99013E-005 9.99013E-005 0.0457322 9.99013E-005 9.99013E-005 9.99013E-005
9.99102E-005 0.00823644 0.94389 0.0254733 0.0214011 9.99102E-005 9.99102E-005 9.99102E-005 9.99102E-005 9.99102E-005 9.99102E-005 9.99102E-005 9.99102E-005 9.99102E-005
9.98833E-005 9.98833E-005 0.998702 9.98833E-005 9.98833E-005 9.98833E-005 9.98833E-005 9.98833E-005 9.98833E-005 9.98833E-005 9.98833E-005 9.98833E-005 9.98833E-005 9.98833E-005
0.00804819 9.99372E-005 0.588072 9.99372E-005 0.0636622 0.23479 0.0283297 9.99372E-005 0.0554344 0.0209646 9.99372E-005 9.99372E-005 9.99372E-005 9.99372E-005
9.99102E-005 9.99102E-005 0.467912 9.99102E-005 9.99102E-005 0.49367 0.00343324 9.99102E-005 9.99102E-005 0.0339852 9.99102E-005 9.99102E-005 9.99102E-005 9.99102E-005
0.0278649 9.99102E-005 0.889504 9.99102E-005 0.0667077 0.0149242 9.99102E-005 9.99102E-005 9.99102E-005 9.99102E-005 9.99102E-005 9.99102E-005 9.99102E-005 9.99102E-005
9.99102E-005 0.00407437 0.875658 9.99102E-005 0.0995557 9.99102E-005 9.99102E-005 9.99102E-005 9.99102E-005 9.99102E-005 9.99102E-005 9.99102E-005 0.0197127 9.99102E-005
9.994E-005 0.0273232 0.475559 9.994E-005 0.0890945 0.37063 9.994E-005 0.0116331 0.00616431 9.994E-005 9.994E-005 0.0155378 0.00345772 9.994E-005
0.0530482 9.99013E-005 0.621193 9.99013E-005 9.99013E-005 0.324659 9.99013E-005 9.99013E-005 9.99013E-005 9.99013E-005 9.99013E-005 9.99013E-005 9.99013E-005 9.99013E-005
9.99192E-005 0.0163655 0.506294 9.99192E-005 0.0867218 0.380782 9.99192E-005 9.99192E-005 9.99192E-005 9.99192E-005 9.99192E-005 9.99192E-005 9.99192E-005 0.00893665
0.000459477 9.99193E-005 0.854246 9.99193E-005 0.0838561 0.053543 9.99193E-005 9.99193E-005 9.99193E-005 9.99193E-005 9.99193E-005 9.99193E-005 0.0069958 9.99193E-005
9.99282E-005 9.99282E-005 0.165766 9.99282E-005 0.0817575 0.65465 0.0430349 9.99282E-005 0.0102385 9.99282E-005 0.0437536 9.99282E-005 9.99282E-005 9.99282E-005
0.00611921 9.99192E-005 0.0946457 9.99192E-005 0.0531475 0.836247 0.00894125 9.99192E-005 9.99192E-005 9.99192E-005 9.99192E-005 9.99192E-005 9.99192E-005 9.99192E-005
9.99013E-005 9.99013E-005 0.927997 9.99013E-005 9.99013E-005 9.99013E-005 0.0200324 0.0508719 9.99013E-005 9.99013E-005 9.99013E-005 9.99013E-005 9.99013E-005 9.99013E-005
9.98922E-005 9.98922E-005 9.98922E-005 9.98922E-005 0.035855 0.962946 9.98922E-005 9.98922E-005 9.98922E-005 9.98922E-005 9.98922E-005 9.98922E-005 9.98922E-005 9.98922E-005
9.99282E-005 9.99282E-005 0.751843 9.99282E-005 0.0321268 0.116904 9.99282E-005 9.99282E-005 0.00709666 0.0756053 9.99282E-005 0.0156248 9.99282E-005 9.99282E-005
9.99102E-005 9.99102E-005 0.432364 9.99102E-005 0.0766585 0.468175 9.99102E-005 9.99102E-005 9.99102E-005 9.99102E-005 9.99102E-005 9.99102E-005 0.021803 9.99102E-005
9.99192E-005 9.99192E-005 0.774385 0.0356242 0.0713077 0.110622 9.99192E-005 9.99192E-005 9.99192E-005 9.99192E-005 9.99192E-005 0.00716218 9.99192E-005 9.99192E-005
9.98923E-005 9.98923E-005 9.98923E-005 9.98923E-005 9.98923E-005 9.98923E-005 0.988053 9.98923E-005 9.98923E-005 9.98923E-005 9.98923E-005 9.98923E-005 0.0107484 9.98923E-005
9.99101E-005 9.99101E-005 9.99101E-005 9.99101E-005 9.99101E-005 9.99101E-005 0.678999 9.99101E-005 0.0399408 9.99101E-005 0.269663 9.99101E-005 0.0103981 9.99101E-005
9.99014E-005 0.0305884 0.133611 9.99014E-005 9.99014E-005 9.99014E-005 0.834702 9.99014E-005 9.99014E-005 9.99014E-005 9.99014E-005 9.99014E-005 9.99014E-005 9.99014E-005
9.98832E-005 9.98832E-005 9.98832E-005 9.98832E-005 9.98832E-005 9.98832E-005 9.98832E-005 0.998702 9.98832E-005 9.98832E-005 9.98832E-005 9.98832E-005 9.98832E-005 9.98832E-005
9.98829E-005 0.998702 9.98829E-005 9.98829E-005 9.98829E-005 9.98829E-005 9.98829E-005 9.98829E-005 9.98829E-005 9.98829E-005 9.98829E-005 9.98829E-005 9.98829E-005 9.98829E-005
9.9883E-005 0.998702 9.9883E-005 9.9883E-005 9.9883E-005 9.9883E-005 9.9883E-005 9.9883E-005 9.9883E-005 9.9883E-005 9.9883E-005 9.9883E-005 9.9883E-005 9.9883E-005
9.99011E-005 0.286911 9.99011E-005 9.99011E-005 9.99011E-005 9.99011E-005 9.99011E-005 0.707356 9.99011E-005 9.99011E-005 9.99011E-005 0.00463402 9.99011E-005 9.99011E-005
9.98922E-005 0.0687891 9.98922E-005 9.98922E-005 9.98922E-005 9.98922E-005 9.98922E-005 0.930012 9.98922E-005 9.98922E-005 9.98922E-005 9.98922E-005 9.98922E-005 9.98922E-005
9.9892E-005 0.0425032 9.9892E-005 9.9892E-005 9.9892E-005 9.9892E-005 9.9892E-005 0.956298 9.9892E-005 9.9892E-005 9.9892E-005 9.9892E-005 9.9892E-005 9.9892E-005
9.99193E-005 9.99193E-005 9.99193E-005 9.99193E-005 9.99193E-005 9.99193E-005 0.0169838 0.911375 9.99193E-005 0.000935844 9.99193E-005 0.043878 9.99193E-005 0.025928
9.99013E-005 9.99013E-005 9.99013E-005 9.99013E-005 9.99013E-005 9.99013E-005 9.99013E-005 9.99013E-005 0.0132518 9.99013E-005 9.99013E-005 0.00905792 9.99013E-005 0.976591
9.98833E-005 9.98833E-005 9.98833E-005 9.98833E-005 9.98833E-005 9.98833E-005 9.98833E-005 9.98833E-005 9.98833E-005 9.98833E-005 9.98833E-005 9.98833E-005 9.98833E-005 0.998702
9.99193E-005 9.99193E-005 9.99193E-005 0.0048857 9.99193E-005 9.99193E-005 0.0417031 0.0304806 9.99193E-005 9.99193E-005 9.99193E-005 0.0664329 9.99193E-005 0.855599
9.99462E-005 0.124259 0.150557 9.99462E-005 0.0842118 0.230071 9.99462E-005 0.0385124 9.99462E-005 9.99462E-005 0.343675 0.00279591 9.99462E-005 0.0253185
9.99371E-005 9.99371E-005 9.99371E-005 0.382773 9.99371E-005 0.0729192 9.99371E-005 0.158193 0.0675646 0.147534 0.146346 0.0239709 9.99371E-005 9.99371E-005
0.0467682 9.99368E-005 9.99368E-005 0.117493 0.0222535 0.0379453 9.99368E-005 0.0418301 0.702178 9.99368E-005 9.99368E-005 0.0308323 9.99368E-005 9.99368E-005
9.99102E-005 9.99102E-005 0.0783378 9.99102E-005 0.0175342 9.99102E-005 9.99102E-005 9.99102E-005 9.99102E-005 0.00758536 9.99102E-005 9.99102E-005 0.895544 9.99102E-005
0.0192269 9.99102E-005 9.99102E-005 0.0351208 9.99102E-005 9.99102E-005 9.99102E-005 9.99102E-005 9.99102E-005 0.00662497 9.99102E-005 9.99102E-005 0.938028 9.99102E-005
9.99095E-005 9.99095E-005 0.129055 9.99095E-005 0.0538402 0.148845 9.99095E-005 9.99095E-005 0.66726 9.99095E-005 9.99095E-005 9.99095E-005 9.99095E-005 9.99095E-005
9.99193E-005 9.99193E-005 0.535009 9.99193E-005 0.123546 0.268154 0.0630547 0.00933705 9.99193E-005 9.99193E-005 9.99193E-005 9.99193E-005 9.99193E-005 9.99193E-005
9.99103E-005 0.00268225 0.045124 9.99103E-005 0.87923 0.0719649 9.99103E-005 9.99103E-005 9.99103E-005 9.99103E-005 9.99103E-005 9.99103E-005 9.99103E-005 9.99103E-005
9.99282E-005 9.99282E-005 0.488002 9.99282E-005 0.147577 0.254014 0.0413965 0.0309925 0.0372173 9.99282E-005 9.99282E-005 9.99282E-005 9.99282E-005 9.99282E-005
9.98829E-005 9.98829E-005 9.98829E-005 9.98829E-005 0.998702 9.98829E-005 9.98829E-005 9.98829E-005 9.98829E-005 9.98829E-005 9.98829E-005 9.98829E-005 9.98829E-005 9.98829E-005
9.99191E-005 9.99191E-005 0.851604 9.99191E-005 0.0155698 0.0947573 9.99191E-005 0.0236591 9.99191E-005 0.0135103 9.99191E-005 9.99191E-005 9.99191E-005 9.99191E-005
0.0179629 9.99282E-005 0.540483 9.99282E-005 0.0165958 0.38504 0.00471183 9.99282E-005 9.99282E-005 0.0344076 9.99282E-005 9.99282E-005 9.99282E-005 9.99282E-005
0.00551089 0.0234609 0.54447 9.99192E-005 9.99192E-005 0.410398 0.0152613 9.99192E-005 9.99192E-005 9.99192E-005 9.99192E-005 9.99192E-005 9.99192E-005 9.99192E-005
9.98829E-005 9.98829E-005 9.98829E-005 9.98829E-005 0.998702 9.98829E-005 9.98829E-005 9.98829E-005 9.98829E-005 9.98829E-005 9.98829E-005 9.98829E-005 9.98829E-005 9.98829E-005
9.99192E-005 9.99192E-005 0.391996 9.99192E-005 0.0496663 0.483866 0.0508973 9.99192E-005 9.99192E-005 9.99192E-005 9.99192E-005 9.99192E-005 9.99192E-005 0.0226749
0.000390706 9.99192E-005 0.483301 9.99192E-005 0.0263149 0.411027 0.0780668 9.99192E-005 9.99192E-005 9.99192E-005 9.99192E-005 9.99192E-005 9.99192E-005 9.99192E-005
9.98923E-005 0.00386264 9.98923E-005 9.98923E-005 9.98923E-005 0.994939 9.98923E-005 9.98923E-005 9.98923E-005 9.98923E-005 9.98923E-005 9.98923E-005 9.98923E-005 9.98923E-005
9.98832E-005 9.98832E-005 9.98832E-005 9.98832E-005 9.98832E-005 0.998702 9.98832E-005 9.98832E-005 9.98832E-005 9.98832E-005 9.98832E-005 9.98832E-005 9.98832E-005 9.98832E-005
9.98922E-005 9.98922E-005 9.98922E-005 9.98922E-005 9.98922E-005 0.964039 9.98922E-005 9.98922E-005 9.98922E-005 9.98922E-005 0.0347621 9.98922E-005 9.98922E-005 9.98922E-005
9.99192E-005 9.99192E-005 0.454998 9.99192E-005 0.0182959 0.496348 9.99192E-005 0.00582022 9.99192E-005 9.99192E-005 9.99192E-005 0.0236386 9.99192E-005 9.99192E-005
9.99103E-005 9.99103E-005 0.346529 9.99103E-005 0.173077 0.399114 9.99103E-005 9.99103E-005 9.99103E-005 0.0802811 9.99103E-005 9.99103E-005 9.99103E-005 9.99103E-005
0.0437426 0.00710217 9.99372E-005 0.0264382 0.0292075 9.99372E-005 9.99372E-005 0.254924 9.99372E-005 9.99372E-005 0.565756 0.0721298 9.99372E-005 9.99372E-005
0.0109718 0.0495533 0.00911144 0.104431 9.99282E-005 9.99282E-005 9.99282E-005 9.99282E-005 9.99282E-005 9.99282E-005 0.817425 0.00770807 9.99282E-005 9.99282E-005
9.99192E-005 9.99192E-005 9.99192E-005 0.162319 9.99192E-005 9.99192E-005 0.0730768 9.99192E-005 9.99192E-005 9.99192E-005 0.579305 0.0767123 9.99192E-005 0.107688
9.98924E-005 9.98924E-005 9.98924E-005 9.98924E-005 9.98924E-005 0.0136387 9.98924E-005 9.98924E-005 9.98924E-005 9.98924E-005 9.98924E-005 9.98924E-005 9.98924E-005 0.985163
9.99013E-005 0.00332349 9.99013E-005 9.99013E-005 9.99013E-005 9.99013E-005 9.99013E-005 9.99013E-005 9.99013E-005 9.99013E-005 9.99013E-005 0.0312644 9.99013E-005 0.964313
9.99104E-005 0.000284635 9.99104E-005 9.99104E-005 9.99104E-005 9.99104E-005 9.99104E-005 9.99104E-005 9.99104E-005 0.0725455 0.044023 9.99104E-005 9.99104E-005 0.882148
9.99192E-005 0.0162486 9.99192E-005 9.99192E-005 9.99192E-005 9.99192E-005 9.99192E-005 0.139028 9.99192E-005 9.99192E-005 9.99192E-005 0.0283745 0.0179907 0.797459
9.98834E-005 9.98834E-005 9.98834E-005 9.98834E-005 9.98834E-005 9.98834E-005 9.98834E-005 9.98834E-005 9.98834E-005 9.98834E-005 9.98834E-005 9.98834E-005 0.998702 9.98834E-005
9.98922E-005 0.011671 9.98922E-005 9.98922E-005 9.98922E-005 9.98922E-005 9.98922E-005 9.98922E-005 9.98922E-005 9.98922E-005 9.98922E-005 9.98922E-005 0.98713 9.98922E-005
9.99282E-005 0.00585881 9.99282E-005 9.99282E-005 9.99282E-005 0.000194488 0.0757084 0.0636999 9.99282E-005 9.99282E-005 0.0137334 9.99282E-005 0.840006 9.99282E-005
9.99372E-005 0.0547414 9.99372E-005 0.0509319 0.00726606 9.99372E-005 0.0363444 9.99372E-005 9.99372E-005 9.99372E-005 0.790353 0.0308683 9.99372E-005 0.0287954
9.99102E-005 0.0533636 9.99102E-005 9.99102E-005 9.99102E-005 9.99102E-005 0.0345062 9.99102E-005 0.0359704 9.99102E-005 0.875161 9.99102E-005 9.99102E-005 9.99102E-005
0.00595927 9.99461E-005 9.99461E-005 0.0198508 9.99461E-005 0.0798455 9.99461E-005 0.190501 9.99461E-005 0.0313926 0.631323 0.00314235 0.0373863 9.99461E-005
9.99192E-005 0.00651966 0.0495261 9.99192E-005 9.99192E-005 9.99192E-005 9.99192E-005 9.99192E-005 0.0283221 9.99192E-005 0.882449 9.99192E-005 0.0322841 9.99192E-005
