0.0124733 0.860746 0.0629871 9.99372E-005 0.011826 0.00276922 9.99372E-005 0.0106164 9.99372E-005 9.99372E-005 9.99372E-005 9.99372E-005 0.0378824 9.99372E-005
0.0315735 0.967228 9.98923E-005 9.98923E-005 9.98923E-005 9.98923E-005 9.98923E-005 9.98923E-005 9.98923E-005 9.98923E-005 9.98923E-005 9.98923E-005 9.98923E-005 9.98923E-005
0.0407328 0.783436 9.99102E-005 9.99102E-005 9.99102E-005 0.0860183 0.0888137 9.99102E-005 9.99102E-005 9.99102E-005 9.99102E-005 9.99102E-005 9.99102E-005 9.99102E-005
9.99193E-005 0.474403 9.99193E-005 9.99193E-005 0.11882 9.99193E-005 0.272811 9.99193E-005 9.99193E-005 9.99193E-005 9.99193E-005 0.113217 0.0198495 9.99193E-005
0.0266373 0.659591 9.99192E-005 9.99192E-005 9.99192E-005 0.00463952 0.238306 9.99192E-005 9.99192E-005 9.99192E-005 9.99192E-005 9.99192E-005 0.0699265 9.99192E-005
9.98831E-005 0.998702 9.98831E-005 9.98831E-005 9.98831E-005 9.98831E-005 9.98831E-005 9.98831E-005 9.98831E-005 9.98831E-005 9.98831E-005 9.98831E-005 9.98831E-005 9.98831E-005
0.01234 0.981833 0.0047276 9.99012E-005 9.99012E-005 9.99012E-005 9.99012E-005 9.99012E-005 9.99012E-005 9.99012E-005 9.99012E-005 9.99012E-005 9.99012E-005 9.99012E-005
9.99282E-005 0.683641 9.99282E-005 0.0987271 0.00515478 9.99282E-005 9.99282E-005 0.012941 9.99282E-005 9.99282E-005 9.99282E-005 0.144779 0.0539574 9.99282E-005
9.99191E-005 0.848761 9.99191E-005 9.99191E-005 0.03242 9.99191E-005 9.99191E-005 9.99191E-005 9.99191E-005 0.0396175 0.0174288 0.0608736 9.99191E-005 9.99191E-005
9.99102E-005 0.842614 9.99102E-005 9.99102E-005 9.99102E-005 9.99102E-005 9.99102E-005 9.99102E-005 9.99102E-005 0.0741842 0.0352595 0.0469435 9.99102E-005 9.99102E-005
9.99013E-005 0.867537 9.99013E-005 9.99013E-005 9.99013E-005 9.99013E-005 9.99013E-005 9.99013E-005 0.0442316 9.99013E-005 0.0871327 9.99013E-005 9.99013E-005 9.99013E-005
0.0367783 9.98922E-005 9.98922E-005 9.98922E-005 9.98922E-005 9.98922E-005 0.962023 9.98922E-005 9.98922E-005 9.98922E-005 9.98922E-005 9.98922E-005 9.98922E-005 9.98922E-005
9.99102E-005 0.190838 0.0303785 0.0486918 9.99102E-005 9.99102E-005 0.729092 9.99102E-005 9.99102E-005 9.99102E-005 9.99102E-005 9.99102E-005 9.99102E-005 9.99102E-005
9.98923E-005 9.98923E-005 9.98923E-005 9.98923E-005 9.98923E-005 9.98923E-005 0.956363 9.98923E-005 0.0424379 9.98923E-005 9.98923E-005 9.98923E-005 9.98923E-005 9.98923E-005
9.99102E-005 9.99102E-005 9.99102E-005 0.0398512 9.99102E-005 9.99102E-005 0.869722 9.99102E-005 9.99102E-005 0.0559303 0.0334969 9.99102E-005 9.99102E-005 9.99102E-005
9.99013E-005 9.99013E-005 9.99013E-005 9.99013E-005 9.99013E-005 0.0567271 0.915742 9.99013E-005 9.99013E-005 9.99013E-005 9.99013E-005 0.0264321 9.99013E-005 9.99013E-005
9.98833E-005 9.98833E-005 9.98833E-005 9.98833E-005 9.98833E-005 9.98833E-005 0.998702 9.98833E-005 9.98833E-005 9.98833E-005 9.98833E-005 9.98833E-005 9.98833E-005 9.98833E-005
9.99191E-005 0.013865 0.152894 9.99191E-005 9.99191E-005 0.07432 0.749324 0.00869799 9.99191E-005 9.99191E-005 9.99191E-005 9.99191E-005 9.99191E-005 9.99191E-005
0.428709 0.0550539 0.514499 9.99102E-005 9.99102E-005 9.99102E-005 9.99102E-005 9.99102E-005 0.000739713 9.99102E-005 9.99102E-005 9.99102E-005 9.99102E-005 9.99102E-005
0.023753 9.99102E-005 0.105405 9.99102E-005 9.99102E-005 9.99102E-005 0.0855849 9.99102E-005 9.99102E-005 9.99102E-005 9.99102E-005 0.784258 9.99102E-005 9.99102E-005
0.0339196 9.98922E-005 0.964882 9.98922E-005 9.98922E-005 9.98922E-005 9.98922E-005 9.98922E-005 9.98922E-005 9.98922E-005 9.98922E-005 9.98922E-005 9.98922E-005 9.98922E-005
0.160068 0.0157874 0.795412 9.99192E-005 9.99192E-005 9.99192E-005 9.99192E-005 0.0122887 0.0155452 9.99192E-005 9.99192E-005 9.99192E-005 9.99192E-005 9.99192E-005
0.0105334 9.99191E-005 0.432172 9.99191E-005 9.99191E-005 9.99191E-005 9.99191E-005 9.99191E-005 0.0241907 9.99191E-005 0.0450482 0.487156 9.99191E-005 9.99191E-005
0.998702 9.98829E-005 9.98829E-005 9.98829E-005 9.98829E-005 9.98829E-005 9.98829E-005 9.98829E-005 9.98829E-005 9.98829E-005 9.98829E-005 9.98829E-005 9.98829E-005 9.98829E-005
0.969937 9.98922E-005 0.0288644 9.98922E-005 9.98922E-005 9.98922E-005 9.98922E-005 9.98922E-005 9.98922E-005 9.98922E-005 9.98922E-005 9.98922E-005 9.98922E-005 9.98922E-005
0.998702 9.98832E-005 9.98832E-005 9.98832E-005 9.98832E-005 9.98832E-005 9.98832E-005 9.98832E-005 9.98832E-005 9.98832E-005 9.98832E-005 9.98832E-005 9.98832E-005 9.98832E-005
0.0400815 9.99282E-005 0.191476 9.99282E-005 0.0762289 9.99282E-005 9.99282E-005 9.99282E-005 9.99282E-005 0.0155952 9.99282E-005 0.628345 0.0474735 9.99282E-005
0.732161 9.99102E-005 0.173073 9.99102E-005 9.99102E-005 9.99102E-005 9.99102E-005 9.99102E-005 9.99102E-005 9.99102E-005 9.99102E-005 0.0914009 9.99102E-005 0.00236521
0.00111292 9.99282E-005 0.380619 9.99282E-005 0.0413275 0.0318433 9.99282E-005 9.99282E-005 9.99282E-005 9.99282E-005 0.00149456 0.542803 9.99282E-005 9.99282E-005
0.998702 9.98832E-005 9.98832E-005 9.98832E-005 9.98832E-005 9.98832E-005 9.98832E-005 9.98832E-005 9.98832E-005 9.98832E-005 9.98832E-005 9.98832E-005 9.98832E-005 9.98832E-005
0.126717 0.0450456 0.0518551 0.0467354 9.99192E-005 9.99192E-005 9.99192E-005 9.99192E-005 9.99192E-005 9.99192E-005 9.99192E-005 0.728748 9.99192E-005 9.99192E-005
0.986493 9.99012E-005 9.99012E-005 9.99012E-005 9.99012E-005 9.99012E-005 0.00364616 9.99012E-005 9.99012E-005 9.99012E-005 0.00876171 9.99012E-005 9.99012E-005 9.99012E-005
0.0668845 9.99102E-005 0.210984 9.99102E-005 9.99102E-005 0.08614 9.99102E-005 9.99102E-005 9.99102E-005 9.99102E-005 9.99102E-005 0.634992 9.99102E-005 9.99102E-005
0.201783 9.99013E-005 9.99013E-005 9.99013E-005 9.99013E-005 9.99013E-005 9.99013E-005 9.99013E-005 0.0241006 9.99013E-005 9.99013E-005 0.773017 9.99013E-005 9.99013E-005
0.134218 9.99192E-005 9.99192E-005 9.99192E-005 9.99192E-005 0.0188696 9.99192E-005 9.99192E-005 9.99192E-005 0.0191991 9.99192E-005 0.82554 0.00127316 9.99192E-005
0.033121 9.98921E-005 0.96568 9.98921E-005 9.98921E-005 9.98921E-005 9.98921E-005 9.98921E-005 9.98921E-005 9.98921E-005 9.98921E-005 9.98921E-005 9.98921E-005 9.98921E-005
0.0595177 9.99103E-005 9.99103E-005 9.99103E-005 0.0461348 9.99103E-005 9.99103E-005 0.00558079 9.99103E-005 9.99103E-005 9.99103E-005 0.887768 9.99103E-005 9.99103E-005
9.99372E-005 0.0216271 0.0702215 9.99372E-005 9.99372E-005 0.0603843 0.127287 9.99372E-005 0.0291741 0.00495061 9.99372E-005 9.99372E-005 0.685655 9.99372E-005
9.98922E-005 9.98922E-005 9.98922E-005 9.98922E-005 9.98922E-005 9.98922E-005 9.98922E-005 9.98922E-005 0.00667018 9.98922E-005 9.98922E-005 9.98922E-005 0.992131 9.98922E-005
0.0193713 0.0110294 0.0183203 9.99372E-005 9.99372E-005 0.116228 9.99372E-005 9.99372E-005 9.99372E-005 0.0224254 9.99372E-005 9.99372E-005 0.773828 0.0380976
9.99282E-005 0.00616882 9.99282E-005 9.99282E-005 9.99282E-005 0.149046 9.99282E-005 0.00678685 0.000308446 9.99282E-005 0.00814878 9.99282E-005 0.828741 9.99282E-005
0.00808861 9.99282E-005 0.0438897 9.99282E-005 9.99282E-005 0.22066 9.99282E-005 0.0148559 9.99282E-005 9.99282E-005 9.99282E-005 9.99282E-005 0.699969 0.0117366
9.99012E-005 9.99012E-005 9.99012E-005 9.99012E-005 0.0218224 0.0240321 9.99012E-005 9.99012E-005 9.99012E-005 9.99012E-005 9.99012E-005 9.99012E-005 0.953047 9.99012E-005
9.99103E-005 9.99103E-005 9.99103E-005 9.99103E-005 9.99103E-005 0.214053 9.99103E-005 0.000584316 9.99103E-005 9.99103E-005 9.99103E-005 9.99103E-005 0.775373 0.00899083
0.00991761 9.99372E-005 9.99372E-005 9.99372E-005 0.0485367 0.0498019 0.119799 9.99372E-005 0.00501642 9.99372E-005 9.99372E-005 0.0124639 0.753765 9.99372E-005
0.00984425 9.99013E-005 9.99013E-005 9.99013E-005 9.99013E-005 0.0635618 9.99013E-005 9.99013E-005 9.99013E-005 9.99013E-005 9.99013E-005 9.99013E-005 0.925495 9.99013E-005
0.0402704 9.99192E-005 9.99192E-005 0.100006 0.471108 9.99192E-005 0.281193 9.99192E-005 9.99192E-005 0.106522 9.99192E-005 9.99192E-005 9.99192E-005 9.99192E-005
9.98831E-005 9.98831E-005 9.98831E-005 9.98831E-005 9.98831E-005 9.98831E-005 9.98831E-005 0.998702 9.98831E-005 9.98831E-005 9.98831E-005 9.98831E-005 9.98831E-005 9.98831E-005
9.99012E-005 9.99012E-005 9.99012E-005 9.99012E-005 9.99012E-005 9.99012E-005 9.99012E-005 0.0192111 9.99012E-005 9.99012E-005 0.96532 9.99012E-005 0.0143695 9.99012E-005
9.98924E-005 9.98924E-005 9.98924E-005 9.98924E-005 0.918421 0.0803805 9.98924E-005 9.98924E-005 9.98924E-005 9.98924E-005 9.98924E-005 9.98924E-005 9.98924E-005 9.98924E-005
9.9892E-005 9.9892E-005 9.9892E-005 9.9892E-005 0.262875 9.9892E-005 9.9892E-005 9.9892E-005 9.9892E-005 9.9892E-005 0.735927 9.9892E-005 9.9892E-005 9.9892E-005
0.0111031 9.98923E-005 9.98923E-005 9.98923E-005 0.987698 9.98923E-005 9.98923E-005 9.98923E-005 9.98923E-005 9.98923E-005 9.98923E-005 9.98923E-005 9.98923E-005 9.98923E-005
9.99192E-005 9.99192E-005 0.117617 9.99192E-005 0.803482 9.99192E-005 9.99192E-005 9.99192E-005 9.99192E-005 0.0166614 9.99192E-005 9.99192E-005 0.0143517 0.0469882
0.024328 0.0482103 0.0284235 0.0852453 0.662521 9.99551E-005 0.000563001 0.00239366 0.0462771 9.99551E-005 9.99551E-005 9.99551E-005 0.101539 9.99551E-005
9.99001E-005 0.0288778 9.99001E-005 9.99001E-005 0.943866 9.99001E-005 0.000455809 9.99001E-005 9.99001E-005 0.0258013 9.99001E-005 9.99001E-005 9.99001E-005 9.99001E-005
9.99013E-005 0.0235851 9.99013E-005 9.99013E-005 0.96998 9.99013E-005 9.99013E-005 0.00533621 9.99013E-005 9.99013E-005 9.99013E-005 9.99013E-005 9.99013E-005 9.99013E-005
0.0585791 9.99191E-005 9.99191E-005 9.99191E-005 0.820941 0.0637206 9.99191E-005 9.99191E-005 0.0100343 9.99191E-005 9.99191E-005 9.99191E-005 9.99191E-005 0.0458259
9.99072E-005 0.0434049 9.99072E-005 9.99072E-005 0.939739 9.99072E-005 9.99072E-005 9.99072E-005 9.99072E-005 9.99072E-005 0.0157576 9.99072E-005 9.99072E-005 9.99072E-005
9.98922E-005 9.98922E-005 9.98922E-005 9.98922E-005 0.970563 9.98922E-005 9.98922E-005 9.98922E-005 0.0282387 9.98922E-005 9.98922E-005 9.98922E-005 9.98922E-005 9.98922E-005
9.98923E-005 9.98923E-005 0.0522373 9.98923E-005 0.946564 9.98923E-005 9.98923E-005 9.98923E-005 9.98923E-005 9.98923E-005 9.98923E-005 9.98923E-005 9.98923E-005 9.98923E-005
0.029224 9.99103E-005 9.99103E-005 0.913098 9.99103E-005 9.99103E-005 0.0395807 9.99103E-005 9.99103E-005 9.99103E-005 9.99103E-005 9.99103E-005 9.99103E-005 0.0170984
9.99012E-005 9.99012E-005 0.101261 0.879162 9.99012E-005 9.99012E-005 9.99012E-005 9.99012E-005 9.99012E-005 9.99012E-005 9.99012E-005 9.99012E-005 9.99012E-005 0.0184775
0.00877105 0.0303181 0.0426937 0.770176 0.0716094 0.00254555 9.99551E-005 0.00014379 9.99551E-005 9.99551E-005 9.99551E-005 9.99551E-005 0.0312329 0.0420098
9.99192E-005 9.99192E-005 9.99192E-005 0.481623 9.99192E-005 9.99192E-005 9.99192E-005 9.99192E-005 0.0468453 0.0778365 0.0216464 9.99192E-005 9.99192E-005 0.371149
0.0398589 9.99192E-005 9.99192E-005 0.323186 9.99192E-005 9.99192E-005 9.99192E-005 9.99192E-005 0.0359384 0.261404 9.99192E-005 9.99192E-005 9.99192E-005 0.338713
9.99014E-005 9.99014E-005 9.99014E-005 9.99014E-005 0.0229564 9.99014E-005 9.99014E-005 0.000816678 9.99014E-005 9.99014E-005 9.99014E-005 9.99014E-005 9.99014E-005 0.975128
9.98831E-005 9.98831E-005 9.98831E-005 9.98831E-005 9.98831E-005 9.98831E-005 9.98831E-005 9.98831E-005 9.98831E-005 9.98831E-005 9.98831E-005 9.98831E-005 9.98831E-005 0.998702
9.99282E-005 9.99282E-005 0.0130541 0.383839 9.99282E-005 9.99282E-005 9.99282E-005 9.99282E-005 0.0832879 0.0659784 9.99282E-005 0.0397084 9.99282E-005 0.413333
9.99192E-005 9.99192E-005 9.99192E-005 0.31043 0.0248331 9.99192E-005 9.99192E-005 9.99192E-005 0.0781243 0.167908 9.99192E-005 9.99192E-005 9.99192E-005 0.417805
9.99012E-005 9.99012E-005 9.99012E-005 9.99012E-005 9.99012E-005 0.00964305 0.0510897 9.99012E-005 9.99012E-005 9.99012E-005 9.99012E-005 9.99012E-005 9.99012E-005 0.938168
9.98833E-005 9.98833E-005 9.98833E-005 9.98833E-005 9.98833E-005 9.98833E-005 9.98833E-005 9.98833E-005 9.98833E-005 9.98833E-005 9.98833E-005 9.98833E-005 9.98833E-005 0.998702
9.99192E-005 9.99192E-005 9.99192E-005 0.484067 9.99192E-005 9.99192E-005 9.99192E-005 9.99192E-005 0.0474767 0.0650375 9.99192E-005 0.0546935 9.99192E-005 0.347826
9.98923E-005 9.98923E-005 9.98923E-005 9.98923E-005 0.0244727 9.98923E-005 9.98923E-005 9.98923E-005 9.98923E-005 9.98923E-005 9.98923E-005 9.98923E-005 9.98923E-005 0.974329
9.98922E-005 9.98922E-005 9.98922E-005 9.98922E-005 9.98922E-005 9.98922E-005 9.98922E-005 0.0169589 9.98922E-005 9.98922E-005 9.98922E-005 9.98922E-005 9.98922E-005 0.981842
9.98923E-005 9.98923E-005 9.98923E-005 9.98923E-005 9.98923E-005 9.98923E-005 9.98923E-005 9.98923E-005 9.98923E-005 9.98923E-005 0.00036788 9.98923E-005 9.98923E-005 0.998433
9.99013E-005 9.99013E-005 9.99013E-005 0.061053 9.99013E-005 9.99013E-005 9.99013E-005 9.99013E-005 0.0112448 9.99013E-005 9.99013E-005 9.99013E-005 9.99013E-005 0.926603
0.0306363 9.98922E-005 9.98922E-005 9.98922E-005 9.98922E-005 9.98922E-005 9.98922E-005 9.98922E-005 9.98922E-005 9.98922E-005 9.98922E-005 9.98922E-005 9.98922E-005 0.968165
9.99014E-005 9.99014E-005 9.99014E-005 9.99014E-005 9.99014E-005 0.0557877 9.99014E-005 9.99014E-005 0.000550943 9.99014E-005 9.99014E-005 0.942562 9.99014E-005 9.99014E-005
0.0170513 0.018425 9.99371E-005 0.0294743 9.99371E-005 0.0925834 9.99371E-005 0.00125042 9.99371E-005 9.99371E-005 9.99371E-005 0.0164969 0.824019 9.99371E-005
0.0465894 9.99192E-005 9.99192E-005 9.99192E-005 9.99192E-005 0.00921467 0.0363074 9.99192E-005 0.00078601 9.99192E-005 9.99192E-005 9.99192E-005 0.906203 9.99192E-005
9.98923E-005 9.98923E-005 9.98923E-005 9.98923E-005 9.98923E-005 9.98923E-005 9.98923E-005 9.98923E-005 9.98923E-005 0.974733 9.98923E-005 9.98923E-005 9.98923E-005 0.0240682
9.99103E-005 9.99103E-005 9.99103E-005 9.99103E-005 9.99103E-005 9.99103E-005 9.99103E-005 9.99103E-005 0.00993085 0.920732 0.0221733 9.99103E-005 9.99103E-005 0.0461649
9.99014E-005 9.99014E-005 9.99014E-005 9.99014E-005 9.99014E-005 9.99014E-005 9.99014E-005 9.99014E-005 0.0659398 0.905799 9.99014E-005 9.99014E-005 9.99014E-005 0.0271623
9.99192E-005 9.99192E-005 9.99192E-005 9.99192E-005 0.0174411 0.0164134 9.99192E-005 9.99192E-005 0.100645 0.864388 9.99192E-005 0.000213262 9.99192E-005 9.99192E-005
9.99103E-005 9.99103E-005 9.99103E-005 9.99103E-005 0.047889 9.99103E-005 9.99103E-005 9.99103E-005 0.178432 0.740642 9.99103E-005 9.99103E-005 9.99103E-005 0.0320383
0.00510422 9.99192E-005 9.99192E-005 0.0068827 9.99192E-005 9.99192E-005 0.0264403 9.99192E-005 0.0896717 0.871002 9.99192E-005 9.99192E-005 9.99192E-005 9.99192E-005
0.0251332 9.99104E-005 0.0523297 9.99104E-005 9.99104E-005 9.99104E-005 9.99104E-005 9.99104E-005 0.116426 0.805112 9.99104E-005 9.99104E-005 9.99104E-005 9.99104E-005
9.99193E-005 9.99193E-005 9.99193E-005 9.99193E-005 0.0529078 9.99193E-005 9.99193E-005 9.99193E-005 0.200828 0.713747 9.99193E-005 9.99193E-005 0.0168295 0.0147884
9.99013E-005 9.99013E-005 0.0872358 9.99013E-005 9.99013E-005 9.99013E-005 9.99013E-005 9.99013E-005 0.0471559 0.864509 9.99013E-005 9.99013E-005 9.99013E-005 9.99013E-005
9.99192E-005 9.99192E-005 9.99192E-005 9.99192E-005 0.00400548 9.99192E-005 0.0439458 0.00488439 0.0610082 0.885257 9.99192E-005 9.99192E-005 9.99192E-005 9.99192E-005
9.99103E-005 9.99103E-005 9.99103E-005 9.99103E-005 9.99103E-005 0.0360353 9.99103E-005 9.99103E-005 0.0490877 0.910389 9.99103E-005 0.00348877 9.99103E-005 9.99103E-005
9.99282E-005 9.99282E-005 9.99282E-005 9.99282E-005 0.0515502 9.99282E-005 9.99282E-005 0.0201651 0.0612467 0.828292 0.0215148 9.99282E-005 9.99282E-005 0.0164315
9.99103E-005 9.99103E-005 9.99103E-005 9.99103E-005 0.0386442 9.99103E-005 0.00128651 9.99103E-005 0.00557896 0.953491 9.99103E-005 9.99103E-005 9.99103E-005 9.99103E-005
9.99012E-005 9.99012E-005 9.99012E-005 9.99012E-005 9.99012E-005 9.99012E-005 9.99012E-005 9.99012E-005 0.0932393 0.884189 9.99012E-005 9.99012E-005 9.99012E-005 0.0214729
9.99192E-005 0.0187693 9.99192E-005 0.0430127 9.99192E-005 9.99192E-005 9.99192E-005 9.99192E-005 0.101816 0.831112 0.00439156 9.99192E-005 9.99192E-005 9.99192E-005
9.99282E-005 0.00153467 0.0221048 9.99282E-005 9.99282E-005 0.0375617 9.99282E-005 9.99282E-005 0.138292 0.754985 0.0447222 9.99282E-005 9.99282E-005 9.99282E-005
9.99103E-005 9.99103E-005 9.99103E-005 9.99103E-005 9.99103E-005 9.99103E-005 9.99103E-005 9.99103E-005 0.0193635 0.923372 0.00720342 9.99103E-005 9.99103E-005 0.049062
9.99282E-005 0.0139882 9.99282E-005 9.99282E-005 9.99282E-005 0.0155618 9.99282E-005 9.99282E-005 0.0870601 0.859815 0.00748462 9.99282E-005 0.015291 9.99282E-005
9.99193E-005 9.99193E-005 9.99193E-005 0.0197802 0.00975462 9.99193E-005 9.99193E-005 0.00363269 0.0696544 0.896279 9.99193E-005 9.99193E-005 9.99193E-005 9.99193E-005
9.99282E-005 9.99282E-005 9.99282E-005 9.99282E-005 9.99282E-005 9.99282E-005 9.99282E-005 0.000512551 0.165116 0.716302 0.00954619 0.0862611 9.99282E-005 0.0214628
9.99103E-005 9.99103E-005 9.99103E-005 9.99103E-005 9.99103E-005 9.99103E-005 9.99103E-005 9.99103E-005 0.121396 0.830513 0.019626 0.0274657 9.99103E-005 9.99103E-005
9.99013E-005 9.99013E-005 9.99013E-005 9.99013E-005 9.99013E-005 0.0387645 0.0498751 9.99013E-005 9.99013E-005 0.910262 9.99013E-005 9.99013E-005 9.99013E-005 9.99013E-005
9.99192E-005 0.0135847 9.99192E-005 9.99192E-005 9.99192E-005 9.99192E-005 9.99192E-005 9.99192E-005 0.198691 0.723484 0.0526864 9.99192E-005 9.99192E-005 0.0106554
0.0206048 9.99282E-005 9.99282E-005 0.0264878 0.0782366 9.99282E-005 9.99282E-005 9.99282E-005 0.0527256 0.798546 0.0226001 9.99282E-005 9.99282E-005 9.99282E-005
9.99013E-005 9.99013E-005 9.99013E-005 0.0358416 9.99013E-005 9.99013E-005 9.99013E-005 9.99013E-005 0.105416 0.857643 9.99013E-005 9.99013E-005 9.99013E-005 9.99013E-005
0.0111761 0.03732 9.99281E-005 9.99281E-005 9.99281E-005 9.99281E-005 9.99281E-005 0.00443668 0.0760446 0.836326 0.0338969 9.99281E-005 9.99281E-005 9.99281E-005
9.99101E-005 9.99101E-005 9.99101E-005 0.583388 9.99101E-005 9.99101E-005 9.99101E-005 9.99101E-005 0.0295936 0.078943 9.99101E-005 9.99101E-005 9.99101E-005 0.307076
9.99281E-005 9.99281E-005 0.102379 0.448827 9.99281E-005 9.99281E-005 9.99281E-005 9.99281E-005 9.99281E-005 0.0788125 0.044027 0.153013 9.99281E-005 0.172142
0.0283101 9.99193E-005 9.99193E-005 0.428991 9.99193E-005 9.99193E-005 9.99193E-005 9.99193E-005 0.0349696 0.25315 9.99193E-005 9.99193E-005 9.99193E-005 0.253679
9.99102E-005 9.99102E-005 0.164545 9.99102E-005 9.99102E-005 0.667468 0.154429 9.99102E-005 9.99102E-005 9.99102E-005 9.99102E-005 9.99102E-005 9.99102E-005 0.0125589
9.98829E-005 9.98829E-005 9.98829E-005 9.98829E-005 9.98829E-005 0.998702 9.98829E-005 9.98829E-005 9.98829E-005 9.98829E-005 9.98829E-005 9.98829E-005 9.98829E-005 9.98829E-005
9.98924E-005 9.98924E-005 9.98924E-005 9.98924E-005 0.00883719 0.989964 9.98924E-005 9.98924E-005 9.98924E-005 9.98924E-005 9.98924E-005 9.98924E-005 9.98924E-005 9.98924E-005
0.00372846 9.99011E-005 0.0264533 9.99011E-005 9.99011E-005 0.968719 9.99011E-005 9.99011E-005 9.99011E-005 9.99011E-005 9.99011E-005 9.99011E-005 9.99011E-005 9.99011E-005
9.99013E-005 9.99013E-005 9.99013E-005 9.99013E-005 9.99013E-005 0.899455 0.0186709 9.99013E-005 9.99013E-005 9.99013E-005 9.99013E-005 9.99013E-005 0.080775 9.99013E-005
9.98833E-005 9.98833E-005 9.98833E-005 9.98833E-005 9.98833E-005 0.998702 9.98833E-005 9.98833E-005 9.98833E-005 9.98833E-005 9.98833E-005 9.98833E-005 9.98833E-005 9.98833E-005
0.00117309 9.99462E-005 9.99462E-005 9.99462E-005 0.016211 0.472653 0.129295 0.0113773 9.99462E-005 9.99462E-005 9.99462E-005 0.238951 0.11742 0.0123202
0.00109995 9.99103E-005 0.00362865 9.99103E-005 9.99103E-005 9.99103E-005 9.99103E-005 0.00638668 9.99103E-005 9.99103E-005 9.99103E-005 9.99103E-005 0.987886 9.99103E-005
9.98833E-005 9.98833E-005 9.98833E-005 9.98833E-005 9.98833E-005 9.98833E-005 9.98833E-005 9.98833E-005 9.98833E-005 9.98833E-005 9.98833E-005 9.98833E-005 0.998702 9.98833E-005
0.0208416 9.99282E-005 0.139831 9.99282E-005 9.99282E-005 9.99282E-005 9.99282E-005 0.00707147 0.00536987 9.99282E-005 9.99282E-005 9.99282E-005 0.817982 0.0081046
9.99282E-005 9.99282E-005 0.409885 9.99282E-005 9.99282E-005 0.116146 9.99282E-005 9.99282E-005 0.116645 0.323606 9.99282E-005 0.0106944 0.022225 9.99282E-005
0.030106 0.0298072 9.99551E-005 9.99551E-005 0.059754 9.99551E-005 0.643672 0.0015943 0.0391898 0.00239555 0.0555102 0.137472 9.99551E-005 9.99551E-005
0.0113467 0.0198091 9.991E-005 9.991E-005 9.991E-005 9.991E-005 0.0864091 9.991E-005 9.991E-005 9.991E-005 0.881436 9.991E-005 9.991E-005 9.991E-005
9.99102E-005 9.99102E-005 9.99102E-005 0.946836 0.0273929 9.99102E-005 9.99102E-005 0.000833963 9.99102E-005 0.0239379 9.99102E-005 9.99102E-005 9.99102E-005 9.99102E-005
9.99102E-005 0.0823358 9.99102E-005 0.835759 0.0418955 9.99102E-005 9.99102E-005 9.99102E-005 9.99102E-005 9.99102E-005 9.99102E-005 9.99102E-005 9.99102E-005 0.0390108
9.98918E-005 9.98918E-005 9.98918E-005 9.98918E-005 9.98918E-005 9.98918E-005 9.98918E-005 9.98918E-005 9.98918E-005 0.0873575 0.911444 9.98918E-005 9.98918E-005 9.98918E-005
9.99103E-005 9.99103E-005 0.0387169 9.99103E-005 0.0366278 9.99103E-005 9.99103E-005 9.99103E-005 0.133987 0.789669 9.99103E-005 9.99103E-005 9.99103E-005 9.99103E-005
9.99013E-005 9.99013E-005 9.99013E-005 9.99013E-005 9.99013E-005 0.000732963 9.99013E-005 9.99013E-005 0.927508 0.0706601 9.99013E-005 9.99013E-005 9.99013E-005 9.99013E-005
0.00544238 9.99461E-005 9.99461E-005 9.99461E-005 9.99461E-005 9.99461E-005 0.0281748 0.0127117 0.19238 0.672654 0.0575301 0.0266208 9.99461E-005 0.00388657
9.98829E-005 9.98829E-005 9.98829E-005 9.98829E-005 9.98829E-005 9.98829E-005 9.98829E-005 9.98829E-005 0.998702 9.98829E-005 9.98829E-005 9.98829E-005 9.98829E-005 9.98829E-005
9.99281E-005 9.99281E-005 9.99281E-005 9.99281E-005 0.0384782 0.00104227 0.0161321 0.0153234 0.0478208 0.880404 9.99281E-005 9.99281E-005 9.99281E-005 9.99281E-005
9.99193E-005 9.99193E-005 9.99193E-005 0.037784 9.99193E-005 9.99193E-005 9.99193E-005 9.99193E-005 0.084607 0.842864 0.0303909 9.99193E-005 9.99193E-005 0.0034553
0.00552738 9.99193E-005 9.99193E-005 9.99193E-005 9.99193E-005 0.0158086 9.99193E-005 9.99193E-005 0.0313682 0.928418 9.99193E-005 9.99193E-005 9.99193E-005 0.0179782
9.98829E-005 9.98829E-005 9.98829E-005 9.98829E-005 9.98829E-005 9.98829E-005 9.98829E-005 9.98829E-005 0.998702 9.98829E-005 9.98829E-005 9.98829E-005 9.98829E-005 9.98829E-005
0.00921205 9.99372E-005 0.0103086 9.99372E-005 9.99372E-005 9.99372E-005 9.99372E-005 9.99372E-005 0.120591 0.801805 0.0144652 9.99372E-005 0.0262834 0.0166343
9.99103E-005 9.99103E-005 9.99103E-005 9.99103E-005 9.99103E-005 9.99103E-005 9.99103E-005 9.99103E-005 0.104432 0.848588 0.00315141 9.99103E-005 9.99103E-005 0.0428295
9.99104E-005 9.99104E-005 0.00393403 9.99104E-005 9.99104E-005 0.017477 9.99104E-005 9.99104E-005 0.134163 0.843427 9.99104E-005 9.99104E-005 9.99104E-005 9.99104E-005
9.99102E-005 9.99102E-005 0.0587253 9.99102E-005 9.99102E-005 9.99102E-005 9.99102E-005 9.99102E-005 0.135982 0.796888 9.99102E-005 9.99102E-005 9.99102E-005 0.00740559
9.99192E-005 9.99192E-005 0.000991414 9.99192E-005 9.99192E-005 9.99192E-005 0.0558839 9.99192E-005 0.146517 0.752812 9.99192E-005 0.0428961 9.99192E-005 9.99192E-005
0.00257081 9.99192E-005 0.0525603 9.99192E-005 9.99192E-005 9.99192E-005 9.99192E-005 9.99192E-005 0.0765867 0.855346 0.0120371 9.99192E-005 9.99192E-005 9.99192E-005
9.99103E-005 9.99103E-005 9.99103E-005 9.99103E-005 0.0380333 9.99103E-005 9.99103E-005 9.99103E-005 0.255596 0.664354 0.0410174 9.99103E-005 9.99103E-005 9.99103E-005
0.00668349 0.0500289 0.775999 9.99282E-005 9.99282E-005 0.10598 9.99282E-005 9.99282E-005 0.00760734 9.99282E-005 9.99282E-005 9.99282E-005 9.99282E-005 0.0529015
9.99012E-005 0.0483783 9.99012E-005 9.99012E-005 9.99012E-005 9.99012E-005 9.99012E-005 9.99012E-005 9.99012E-005 9.99012E-005 9.99012E-005 0.94287 0.00765251 9.99012E-005
0.0492185 0.112173 9.99192E-005 9.99192E-005 9.99192E-005 9.99192E-005 9.99192E-005 9.99192E-005 9.99192E-005 9.99192E-005 9.99192E-005 0.764325 0.0671007 0.00628359
9.99013E-005 9.99013E-005 0.0157267 9.99013E-005 0.00819322 9.99013E-005 9.99013E-005 9.99013E-005 9.99013E-005 9.99013E-005 9.99013E-005 9.99013E-005 0.974981 9.99013E-005
0.0161714 0.00593045 9.99013E-005 9.99013E-005 9.99013E-005 9.99013E-005 9.99013E-005 9.99013E-005 9.99013E-005 9.99013E-005 9.99013E-005 9.99013E-005 0.976799 9.99013E-005
9.99014E-005 9.99014E-005 0.0617162 9.99014E-005 0.0323054 9.99014E-005 9.99014E-005 9.99014E-005 9.99014E-005 9.99014E-005 9.99014E-005 9.99014E-005 0.904879 9.99014E-005
0.0245681 9.99282E-005 0.0280847 0.00696878 9.99282E-005 0.0299979 0.0920506 9.99282E-005 9.99282E-005 9.99282E-005 9.99282E-005 9.99282E-005 0.817531 9.99282E-005
9.98834E-005 9.98834E-005 9.98834E-005 0.998702 9.98834E-005 9.98834E-005 9.98834E-005 9.98834E-005 9.98834E-005 9.98834E-005 9.98834E-005 9.98834E-005 9.98834E-005 9.98834E-005
9.99012E-005 9.99012E-005 9.99012E-005 0.963194 0.00572563 0.0299813 9.99012E-005 9.99012E-005 9.99012E-005 9.99012E-005 9.99012E-005 9.99012E-005 9.99012E-005 9.99012E-005
9.99013E-005 9.99013E-005 9.99013E-005 0.893196 9.99013E-005 0.0229683 0.0827371 9.99013E-005 9.99013E-005 9.99013E-005 9.99013E-005 9.99013E-005 9.99013E-005 9.99013E-005
9.99283E-005 0.00278658 9.99283E-005 9.99283E-005 0.00673235 0.0472556 0.0076797 9.99283E-005 9.99283E-005 9.99283E-005 9.99283E-005 0.925505 0.00924088 9.99283E-005
9.98834E-005 9.98834E-005 9.98834E-005 9.98834E-005 9.98834E-005 9.98834E-005 9.98834E-005 9.98834E-005 9.98834E-005 9.98834E-005 9.98834E-005 0.998702 9.98834E-005 9.98834E-005
9.99281E-005 0.0250548 0.786461 0.0098206 0.0316135 9.99281E-005 0.103981 9.99281E-005 9.99281E-005 0.0422695 9.99281E-005 9.99281E-005 9.99281E-005 9.99281E-005
9.99012E-005 9.99012E-005 0.984806 9.99012E-005 9.99012E-005 9.99012E-005 9.99012E-005 0.00271912 9.99012E-005 0.0113756 9.99012E-005 9.99012E-005 9.99012E-005 9.99012E-005
