0.0418555 0.00590745 9.9982E-005 0.0199871 9.9982E-005 0.93205
0.0183115 9.99641E-005 9.99641E-005 9.99641E-005 9.99641E-005 0.981289
0.0384329 9.99641E-005 9.99641E-005 9.99641E-005 9.99641E-005 0.961167
0.0549485 0.0638841 9.9991E-005 0.0752096 0.0222394 0.783618
0.0309286 9.9973E-005 9.9973E-005 0.0873578 9.9973E-005 0.881414
9.996E-005 9.996E-005 9.996E-005 9.996E-005 9.996E-005 0.9995
0.00271395 9.9964E-005 9.9964E-005 9.9964E-005 9.9964E-005 0.996886
9.9982E-005 0.110162 9.9982E-005 0.0916842 0.0388245 0.75913
9.9973E-005 0.0352241 0.0730316 9.9973E-005 9.9973E-005 0.891444
9.99641E-005 9.99641E-005 0.0978736 9.99641E-005 9.99641E-005 0.901727
9.99641E-005 9.99641E-005 0.0805995 9.99641E-005 9.99641E-005 0.919001
0.124516 9.99821E-005 9.99821E-005 0.202108 0.00830847 0.664868
0.0465349 0.0819515 0.018955 0.112265 0.013782 0.726511
9.99821E-005 9.99821E-005 0.0525565 0.219999 0.0367182 0.690526
0.0495617 0.236069 0.0225784 0.123864 0.0760405 0.491886
0.0618697 0.0760718 9.9991E-005 0.179514 0.0380764 0.644369
0.0695303 0.0830024 9.9982E-005 0.191434 9.9982E-005 0.655833
0.0564427 0.0416693 9.9991E-005 0.274739 0.00342049 0.623629
0.716929 9.9991E-005 0.00612257 0.108665 0.00569713 0.162487
0.409221 9.9991E-005 0.0231116 0.247344 0.0180522 0.302171
0.510491 0.0470089 9.99821E-005 0.280824 9.99821E-005 0.161476
0.538607 0.0227189 0.0630627 0.142783 0.00684186 0.225987
0.483196 0.0420942 0.10471 0.173015 9.9991E-005 0.196884
0.9995 9.996E-005 9.996E-005 9.996E-005 9.996E-005 9.996E-005
0.9995 9.996E-005 9.996E-005 9.996E-005 9.996E-005 9.996E-005
0.9995 9.996E-005 9.996E-005 9.996E-005 9.996E-005 9.996E-005
0.388264 0.00948849 0.0899885 0.26085 0.0339219 0.217487
0.938542 9.9973E-005 9.9973E-005 9.9973E-005 0.00907212 0.0520864
0.420012 0.113858 9.9991E-005 0.142038 0.0223504 0.301642
0.9995 9.996E-005 9.996E-005 9.996E-005 9.996E-005 9.996E-005
0.502298 0.0302466 0.0253243 0.0876694 0.0228789 0.331583
0.9995 9.996E-005 9.996E-005 9.996E-005 9.996E-005 9.996E-005
0.449988 9.9991E-005 0.0128095 0.277204 0.0187999 0.241099
0.595069 9.9991E-005 0.0440143 0.112602 0.0379124 0.210302
0.469725 9.9991E-005 0.0799645 0.257236 0.0332308 0.159744
0.502837 0.0308736 9.9991E-005 0.15149 0.0297225 0.284977
0.425464 0.0666748 0.0743633 0.147134 0.0136653 0.272698
9.99821E-005 9.99821E-005 0.0480277 0.806463 0.0196283 0.125681
9.996E-005 9.996E-005 9.996E-005 0.9995 9.996E-005 9.996E-005
0.0142953 9.9991E-005 0.012722 0.892461 0.0487393 0.0316825
9.99641E-005 9.99641E-005 9.99641E-005 0.984759 9.99641E-005 0.0148413
0.0328873 9.99731E-005 9.99731E-005 0.929399 0.0374142 9.99731E-005
9.996E-005 9.996E-005 9.996E-005 0.9995 9.996E-005 9.996E-005
9.99641E-005 9.99641E-005 9.99641E-005 0.97984 9.99641E-005 0.0197604
0.0184037 0.0642456 9.9982E-005 0.878746 9.9982E-005 0.0384049
9.996E-005 9.996E-005 9.996E-005 0.9995 9.996E-005 9.996E-005
0.0335451 0.470511 0.159782 0.133635 0.0580024 0.144524
9.996E-005 0.9995 9.996E-005 9.996E-005 9.996E-005 9.996E-005
0.029559 0.771625 0.172775 0.0258411 9.99821E-005 9.99821E-005
9.9991E-005 0.685052 0.0276744 0.11801 0.148028 0.0211363
9.9964E-005 0.798154 0.201446 9.9964E-005 9.9964E-005 9.9964E-005
0.0173575 0.798829 9.9982E-005 0.0562655 0.127348 9.9982E-005
0.0422406 0.606816 0.0912447 0.0973796 0.153418 0.00890101
0.0391593 0.592856 0.0513938 0.137566 0.102661 0.0763638
9.9982E-005 0.699896 0.0978705 9.9982E-005 0.0802571 0.121776
9.9991E-005 0.752835 0.0328674 0.0289621 0.0668962 0.118339
0.0499107 0.581732 0.0791985 0.0748757 0.156494 0.0577892
9.9982E-005 0.708794 0.0113646 9.9982E-005 0.148598 0.131043
9.9982E-005 0.730246 0.113061 9.9982E-005 0.106722 0.0497717
0.0116638 0.732965 0.0530661 0.0146002 0.131966 0.0557384
0.0876855 0.371155 0.11397 0.0122407 0.320127 0.0948218
0.0776001 0.389487 0.0539046 0.0700054 0.342227 0.0667758
0.0456988 0.419257 0.0768771 0.115735 0.308213 0.0342196
0.0290302 0.135721 0.219611 9.9991E-005 0.599699 0.0158388
0.0801631 0.013392 0.37763 0.0156675 0.513047 9.9991E-005
9.996E-005 9.996E-005 9.996E-005 9.996E-005 0.9995 9.996E-005
9.996E-005 9.996E-005 9.996E-005 9.996E-005 0.9995 9.996E-005
0.044061 0.113412 0.193032 0.0293438 0.60689 0.0132615
0.00854116 0.100902 0.298764 9.9982E-005 0.591593 9.9982E-005
9.996E-005 9.996E-005 9.996E-005 9.996E-005 0.9995 9.996E-005
9.996E-005 9.996E-005 9.996E-005 9.996E-005 0.9995 9.996E-005
0.0488191 0.135001 0.188483 9.9991E-005 0.578476 0.0491209
9.996E-005 9.996E-005 9.996E-005 9.996E-005 0.9995 9.996E-005
9.996E-005 9.996E-005 9.996E-005 9.996E-005 0.9995 9.996E-005
9.996E-005 9.996E-005 9.996E-005 9.996E-005 0.9995 9.996E-005
9.996E-005 9.996E-005 9.996E-005 9.996E-005 0.9995 9.996E-005
0.0222726 9.9964E-005 9.9964E-005 9.9964E-005 0.977328 9.9964E-005
0.352183 9.9991E-005 0.0491424 0.283947 0.0147555 0.299872
0.0329492 9.99731E-005 9.99731E-005 0.953741 9.99731E-005 0.01301
0.0494648 9.9964E-005 9.9964E-005 0.950135 9.9964E-005 9.9964E-005
9.99641E-005 9.99641E-005 0.965257 9.99641E-005 0.034343 9.99641E-005
9.99641E-005 9.99641E-005 0.941967 9.99641E-005 0.0576334 9.99641E-005
9.99641E-005 9.99641E-005 0.964771 9.99641E-005 0.034829 9.99641E-005
9.99641E-005 9.99641E-005 0.974509 0.0250916 9.99641E-005 9.99641E-005
9.99731E-005 0.0450062 0.936701 9.99731E-005 0.0179933 9.99731E-005
0.0365308 9.99641E-005 0.963069 9.99641E-005 9.99641E-005 9.99641E-005
0.0622984 9.99731E-005 0.928857 9.99731E-005 0.00854507 9.99731E-005
9.99821E-005 0.0292286 0.931102 9.99821E-005 0.0140232 0.0254466
0.0306618 0.00343928 0.940508 0.0251914 9.9982E-005 9.9982E-005
9.9973E-005 0.00819657 0.945278 9.9973E-005 9.9973E-005 0.0462257
9.99641E-005 9.99641E-005 0.996971 9.99641E-005 9.99641E-005 0.00262913
9.99731E-005 0.0687394 0.900977 9.99731E-005 0.0299839 9.99731E-005
9.99641E-005 9.99641E-005 0.985142 9.99641E-005 9.99641E-005 0.0144578
9.99641E-005 9.99641E-005 0.979557 9.99641E-005 0.0200431 9.99641E-005
9.99641E-005 9.99641E-005 0.979238 9.99641E-005 9.99641E-005 0.0203622
0.0313078 0.0218261 0.924836 0.013183 9.9991E-005 0.00874729
9.99641E-005 9.99641E-005 0.944307 9.99641E-005 0.0552927 9.99641E-005
9.99641E-005 9.99641E-005 0.963232 0.0363685 9.99641E-005 9.99641E-005
9.99731E-005 0.00556477 0.97759 9.99731E-005 0.0165457 9.99731E-005
0.0481075 9.99821E-005 0.906616 9.99821E-005 0.0337851 0.0112911
0.00742393 9.99731E-005 0.977396 9.99731E-005 0.0148806 9.99731E-005
9.99821E-005 9.99821E-005 0.912893 0.00581671 0.0301426 0.0509478
9.99641E-005 9.99641E-005 0.974565 9.99641E-005 9.99641E-005 0.0250352
0.0323422 0.0943548 0.873003 9.9973E-005 9.9973E-005 9.9973E-005
9.99641E-005 9.99641E-005 0.995336 9.99641E-005 0.00426446 9.99641E-005
0.0153424 0.0575814 0.926776 9.99731E-005 9.99731E-005 9.99731E-005
0.0467611 0.095873 0.23173 9.9982E-005 0.625436 9.9982E-005
0.161792 0.186026 0.18531 9.9991E-005 0.37135 0.0954222
0.0634203 0.1185 0.360318 0.0381032 0.419559 9.9991E-005
0.0392134 9.9982E-005 9.9982E-005 0.601255 0.0813086 0.278023
9.99731E-005 9.99731E-005 0.0150762 0.742686 9.99731E-005 0.241938
9.99821E-005 9.99821E-005 0.00400416 0.667977 0.031345 0.296474
0.06965 9.9982E-005 9.9982E-005 0.608882 0.0365804 0.284688
9.99731E-005 9.99731E-005 9.99731E-005 0.752269 0.0253911 0.22204
0.000128749 9.99731E-005 9.99731E-005 0.683239 9.99731E-005 0.316333
0.104065 0.0514443 9.9991E-005 0.569293 0.0528102 0.222288
0.0122529 9.99641E-005 9.99641E-005 0.987347 9.99641E-005 9.99641E-005
9.996E-005 9.996E-005 9.996E-005 0.9995 9.996E-005 9.996E-005
0.096041 9.9982E-005 0.00936482 0.88528 0.00911434 9.9982E-005
0.187918 9.99731E-005 0.501399 0.310383 9.99731E-005 9.99731E-005
0.116804 0.173244 0.0866995 0.11946 9.9991E-005 0.503693
0.0819634 0.52673 0.220373 9.9991E-005 0.0177461 0.153087
0.0448241 0.49857 0.175183 0.0235885 0.257735 9.9991E-005
0.00437844 0.42305 0.0395643 9.9991E-005 0.364852 0.168055
9.99642E-005 0.325636 0.673965 9.99642E-005 9.99642E-005 9.99642E-005
0.021948 9.99731E-005 0.954089 9.99731E-005 0.0236635 9.99731E-005
9.99641E-005 9.99641E-005 0.974845 0.0247554 9.99641E-005 9.99641E-005
0.0244846 9.99821E-005 0.934305 9.99821E-005 0.000570306 0.0404405
9.996E-005 9.996E-005 0.9995 9.996E-005 9.996E-005 9.996E-005
9.99641E-005 0.05713 0.94247 9.99641E-005 9.99641E-005 9.99641E-005
9.99731E-005 0.0287997 0.947956 9.99731E-005 0.0229446 9.99731E-005
9.99731E-005 9.99731E-005 0.948119 0.0276091 0.0239723 9.99731E-005
0.00210117 9.99641E-005 0.997499 9.99641E-005 9.99641E-005 9.99641E-005
0.00029883 9.9982E-005 0.942939 0.0512663 0.00529623 9.9982E-005
9.99641E-005 9.99641E-005 0.948316 9.99641E-005 0.0512839 9.99641E-005
0.00431101 9.99731E-005 0.984849 0.0105402 9.99731E-005 9.99731E-005
9.99731E-005 9.99731E-005 0.95489 0.0341406 0.0106699 9.99731E-005
0.0218861 9.99731E-005 0.938467 0.0393467 9.99731E-005 9.99731E-005
0.0457053 0.000346726 0.953648 9.99731E-005 9.99731E-005 9.99731E-005
0.00174643 0.0580644 0.939889 9.99731E-005 9.99731E-005 9.99731E-005
0.357109 9.9991E-005 0.0272207 0.269144 0.0801668 0.266259
0.34833 9.9991E-005 0.0455577 0.212656 0.0301093 0.363248
0.342027 9.9991E-005 0.0268114 0.239306 0.0494982 0.342257
9.99641E-005 9.99641E-005 0.00459657 0.995004 9.99641E-005 9.99641E-005
0.00689941 9.99641E-005 9.99641E-005 0.992701 9.99641E-005 9.99641E-005
0.012735 9.99641E-005 9.99641E-005 0.986865 9.99641E-005 9.99641E-005
0.0402649 9.99731E-005 9.99731E-005 0.957604 0.00183131 9.99731E-005
0.0308005 0.548016 0.0425435 0.00808189 0.311874 0.0586838
0.0256707 0.53685 0.0554627 0.0505365 0.296717 0.034763
0.0241709 0.334676 0.0702784 0.125937 0.350838 0.0940991
0.367227 9.9991E-005 0.052072 0.253176 0.0361966 0.291228
0.365791 0.0730769 0.0405933 0.234383 9.9991E-005 0.286055
0.287848 0.0687174 0.0920893 0.191714 0.0522633 0.307368
0.361385 0.0426922 0.0867025 0.203076 0.0589358 0.247208
