0.0315189 9.9973E-005 9.9973E-005 0.818977 0.149205 9.9973E-005
0.0446351 9.9973E-005 9.9973E-005 0.821067 0.133997 9.9973E-005
0.0365684 9.9973E-005 9.9973E-005 0.767491 0.195641 9.9973E-005
9.9982E-005 0.162151 9.9982E-005 0.669205 0.165491 0.00295341
0.0278609 9.9973E-005 9.9973E-005 0.696599 0.27524 9.9973E-005
9.9964E-005 9.9964E-005 9.9964E-005 0.923107 0.0764933 9.9964E-005
0.0443623 0.0156071 9.9982E-005 0.882422 0.0574091 9.9982E-005
9.9982E-005 0.130582 9.9982E-005 0.721767 0.121554 0.0258972
9.9973E-005 0.187843 0.0339178 0.777939 9.9973E-005 9.9973E-005
9.9982E-005 0.223281 0.0435483 0.658979 0.0739914 9.9982E-005
9.9973E-005 9.9973E-005 0.0550664 0.837536 0.107098 9.9973E-005
0.0648716 0.176945 9.9982E-005 0.482374 0.275609 9.9982E-005
9.9982E-005 0.1319 9.9982E-005 0.665903 0.182889 0.0191074
9.99821E-005 9.99821E-005 0.0232875 0.592823 0.344374 0.0393155
9.9991E-005 0.163992 0.0836565 0.544129 0.148161 0.059962
0.0127503 0.21023 9.9991E-005 0.528006 0.223209 0.0257044
0.0128752 0.13295 9.9982E-005 0.575028 0.278946 9.9982E-005
9.9973E-005 0.156876 9.9973E-005 0.555475 0.28735 9.9973E-005
0.559923 0.258674 9.9982E-005 0.0518099 0.129393 9.9982E-005
0.110593 0.859416 9.9982E-005 0.0085377 0.0212536 9.9982E-005
0.139535 0.860065 9.99641E-005 9.99641E-005 9.99641E-005 9.99641E-005
0.297954 0.630785 0.0249598 0.0101788 0.0360225 9.9991E-005
0.103362 0.859144 0.0371941 9.9973E-005 9.9973E-005 9.9973E-005
0.9995 9.996E-005 9.996E-005 9.996E-005 9.996E-005 9.996E-005
0.9995 9.996E-005 9.996E-005 9.996E-005 9.996E-005 9.996E-005
0.9995 9.996E-005 9.996E-005 9.996E-005 9.996E-005 9.996E-005
0.103219 0.769776 0.0388402 9.9991E-005 0.0688382 0.0192263
0.77877 0.219992 9.9973E-005 9.9973E-005 9.9973E-005 0.000937469
0.0725024 0.911988 9.99731E-005 0.0152098 9.99731E-005 9.99731E-005
0.9995 9.996E-005 9.996E-005 9.996E-005 9.996E-005 9.996E-005
0.220881 0.707929 9.9982E-005 0.0689101 9.9982E-005 0.00207986
0.9995 9.996E-005 9.996E-005 9.996E-005 9.996E-005 9.996E-005
0.153694 0.789249 9.99731E-005 9.99731E-005 0.0567572 9.99731E-005
0.316162 0.675894 9.99731E-005 9.99731E-005 9.99731E-005 0.00764424
0.203209 0.74429 0.0199903 9.9991E-005 0.0239604 0.00844951
0.191381 0.808219 9.99641E-005 9.99641E-005 9.99641E-005 9.99641E-005
0.163982 0.755467 0.0184906 0.0618604 9.9982E-005 9.9982E-005
9.99821E-005 0.0786527 0.0495927 0.0375829 0.833972 9.99821E-005
9.996E-005 9.996E-005 9.996E-005 9.996E-005 0.9995 9.996E-005
0.0295704 0.0311495 0.026706 9.9991E-005 0.87896 0.0335145
9.99641E-005 9.99641E-005 0.0113786 9.99641E-005 0.988222 9.99641E-005
0.0274545 0.0361872 9.9982E-005 9.9982E-005 0.92096 0.015198
0.00813055 9.99641E-005 9.99641E-005 9.99641E-005 0.99147 9.99641E-005
9.99731E-005 0.0304269 9.99731E-005 9.99731E-005 0.963663 0.0056104
0.0265459 0.0298695 0.00868678 0.0757245 0.859073 9.9991E-005
0.0129068 9.99641E-005 9.99641E-005 9.99641E-005 0.986693 9.99641E-005
0.0544916 9.9991E-005 0.309287 0.49214 0.0996987 0.0442828
9.996E-005 9.996E-005 9.996E-005 0.9995 9.996E-005 9.996E-005
0.0125629 0.11356 0.45284 0.420837 9.99822E-005 9.99822E-005
9.9982E-005 9.9982E-005 0.292338 0.526452 0.0659769 0.115033
9.99641E-005 9.99641E-005 0.527426 0.472175 9.99641E-005 9.99641E-005
0.0484277 9.9982E-005 0.268825 0.564259 9.9982E-005 0.118288
0.0214866 0.0445367 0.293212 0.452815 0.0396747 0.148275
0.0323668 9.9991E-005 0.26823 0.519481 0.100413 0.079409
9.99731E-005 9.99731E-005 0.328295 0.594248 9.99731E-005 0.0771578
9.9973E-005 9.9973E-005 0.292828 0.662418 9.9973E-005 0.044454
0.0514587 9.9991E-005 0.275343 0.477014 0.0402167 0.155868
9.9973E-005 9.9973E-005 0.235004 0.619604 9.9973E-005 0.145092
0.00411951 9.9982E-005 0.360781 0.558354 9.9982E-005 0.0765456
9.9982E-005 0.0324856 0.311773 0.546715 9.9982E-005 0.108827
0.0245064 0.137757 0.21853 0.298684 9.9991E-005 0.320422
9.9982E-005 0.189004 0.167373 0.301955 9.9982E-005 0.341468
0.0360533 0.0296981 0.197928 0.339546 0.0768152 0.31996
0.0167306 0.0305938 0.257425 0.0809252 9.9991E-005 0.614226
0.0745349 9.9982E-005 0.387051 9.9982E-005 0.0195355 0.518679
9.996E-005 9.996E-005 9.996E-005 9.996E-005 9.996E-005 0.9995
9.996E-005 9.996E-005 9.996E-005 9.996E-005 9.996E-005 0.9995
0.00982122 0.0929568 0.232874 0.0194726 0.0389367 0.605939
0.00237599 0.0733499 0.327978 9.9982E-005 9.9982E-005 0.596096
9.99641E-005 9.99641E-005 9.99641E-005 9.99641E-005 0.00983604 0.989764
9.996E-005 9.996E-005 9.996E-005 9.996E-005 9.996E-005 0.9995
0.0132292 0.104447 0.207194 0.0873356 9.9991E-005 0.587695
9.996E-005 9.996E-005 9.996E-005 9.996E-005 9.996E-005 0.9995
9.996E-005 9.996E-005 9.996E-005 9.996E-005 9.996E-005 0.9995
9.996E-005 9.996E-005 9.996E-005 9.996E-005 9.996E-005 0.9995
9.996E-005 9.996E-005 9.996E-005 9.996E-005 9.996E-005 0.9995
0.0299542 9.9964E-005 9.9964E-005 9.9964E-005 9.9964E-005 0.969646
0.0155051 0.94484 9.99731E-005 9.99731E-005 0.0393546 9.99731E-005
0.0442921 0.00683517 9.99731E-005 9.99731E-005 0.948573 9.99731E-005
0.0474443 9.99641E-005 9.99641E-005 9.99641E-005 0.952156 9.99641E-005
0.00399582 9.9973E-005 0.947204 9.9973E-005 9.9973E-005 0.0485003
9.99641E-005 9.99641E-005 0.935012 9.99641E-005 9.99641E-005 0.0645881
9.99641E-005 9.99641E-005 0.968073 9.99641E-005 9.99641E-005 0.0315275
9.99641E-005 9.99641E-005 0.989594 9.99641E-005 0.0100061 9.99641E-005
9.99641E-005 9.99641E-005 0.959652 9.99641E-005 9.99641E-005 0.0399483
0.0161004 9.99731E-005 0.971162 9.99731E-005 9.99731E-005 0.0124376
0.0477649 9.99731E-005 0.931636 9.99731E-005 9.99731E-005 0.0202994
9.99821E-005 0.0143038 0.945891 9.99821E-005 0.0134658 0.0261397
0.00468301 0.0472565 0.947761 9.99731E-005 9.99731E-005 9.99731E-005
9.99641E-005 9.99641E-005 0.96579 0.0338099 9.99641E-005 9.99641E-005
9.99731E-005 0.0181181 0.976598 9.99731E-005 0.00498411 9.99731E-005
0.00929051 9.99821E-005 0.952278 0.0104884 9.99821E-005 0.0277433
9.99641E-005 9.99641E-005 0.995189 0.0044113 9.99641E-005 9.99641E-005
9.99641E-005 9.99641E-005 0.986473 9.99641E-005 9.99641E-005 0.0131267
9.99641E-005 0.00472593 0.994874 9.99641E-005 9.99641E-005 9.99641E-005
0.0165025 0.0311641 0.936333 0.00622044 0.00967977 9.9991E-005
9.99641E-005 9.99641E-005 0.936119 9.99641E-005 9.99641E-005 0.0634808
9.99731E-005 9.99731E-005 0.963408 9.99731E-005 0.0354836 0.000808197
9.99641E-005 9.99641E-005 0.996265 9.99641E-005 9.99641E-005 0.00333513
9.99731E-005 0.0759676 0.891716 9.99731E-005 9.99731E-005 0.0320161
9.99731E-005 0.0122584 0.984722 9.99731E-005 9.99731E-005 0.00271954
9.9982E-005 0.0346557 0.92458 9.9982E-005 0.00926035 0.0313042
0.007947 9.99731E-005 0.982117 9.99731E-005 9.99731E-005 0.0096361
0.0258608 9.99731E-005 0.929507 0.0443328 9.99731E-005 9.99731E-005
9.99641E-005 9.99641E-005 0.981814 9.99641E-005 9.99641E-005 0.0177862
0.0165362 9.99731E-005 0.949591 0.0335725 9.99731E-005 9.99731E-005
0.00338958 0.128344 0.272608 9.9982E-005 9.9982E-005 0.595458
0.0100063 0.39569 0.206471 0.0206952 9.9991E-005 0.367038
0.0367931 0.0966703 0.39828 0.0119218 0.00997195 0.446363
9.9982E-005 0.321938 9.9982E-005 0.116797 0.537962 0.0231026
9.99731E-005 0.292664 9.99731E-005 0.0295059 0.67753 9.99731E-005
9.99821E-005 0.237987 9.99821E-005 0.0950328 0.657403 0.00937743
9.9973E-005 0.316462 9.9973E-005 0.112332 0.570906 9.9973E-005
9.99821E-005 0.178346 9.99821E-005 0.100665 0.70753 0.0132591
9.99731E-005 0.176653 9.99731E-005 0.178715 0.644333 9.99731E-005
0.02179 0.247137 9.9991E-005 0.156067 0.531593 0.0433134
0.0148784 9.99641E-005 9.99641E-005 9.99641E-005 0.984722 9.99641E-005
9.996E-005 9.996E-005 9.996E-005 9.996E-005 0.9995 9.996E-005
0.0750749 9.99821E-005 0.0021832 9.99821E-005 0.900832 0.02171
0.0170048 0.407229 0.450656 9.99821E-005 0.12491 9.99821E-005
0.0491602 0.256951 0.0985607 0.473263 0.121965 9.9991E-005
0.0224515 0.159787 0.398806 0.398906 9.9991E-005 0.0199491
0.0343361 9.9982E-005 0.335494 0.352384 9.9982E-005 0.277586
9.9982E-005 0.0250053 0.19384 0.439583 9.9982E-005 0.341373
9.99643E-005 9.99643E-005 0.96036 0.0392402 9.99643E-005 9.99643E-005
0.000263481 9.99821E-005 0.97072 0.00371657 9.99821E-005 0.0250995
9.99641E-005 9.99641E-005 0.969618 9.99641E-005 0.0299821 9.99641E-005
0.00544553 0.0228751 0.930405 0.0103772 0.020397 0.0105003
9.99641E-005 9.99641E-005 0.98494 9.99641E-005 0.0146597 9.99641E-005
9.9973E-005 0.00612041 0.968153 0.0254268 9.9973E-005 9.9973E-005
9.99731E-005 9.99731E-005 0.956994 0.00932334 9.99731E-005 0.0333825
9.99731E-005 9.99731E-005 0.958902 9.99731E-005 0.00975505 0.0310428
9.996E-005 9.996E-005 0.9995 9.996E-005 9.996E-005 9.996E-005
0.00472202 9.9982E-005 0.954546 9.9982E-005 0.0314114 0.00912073
9.99641E-005 9.99641E-005 0.948837 9.99641E-005 9.99641E-005 0.050763
0.00610883 9.99731E-005 0.978024 9.99731E-005 0.015567 9.99731E-005
9.9982E-005 0.0144098 0.94048 9.9982E-005 0.0179431 0.0269675
9.99641E-005 0.0871315 0.912469 9.99641E-005 9.99641E-005 9.99641E-005
0.0284979 0.00924581 0.961956 9.99731E-005 9.99731E-005 9.99731E-005
9.99731E-005 0.00645076 0.987166 0.0060836 9.99731E-005 9.99731E-005
0.0983972 0.717519 9.99821E-005 9.99821E-005 0.123224 0.0606592
0.0884906 0.822728 9.9982E-005 0.02263 0.0659511 9.9982E-005
0.127537 0.631154 9.9991E-005 0.083842 0.135377 0.0219898
9.99641E-005 9.99641E-005 0.0077649 9.99641E-005 0.991835 9.99641E-005
0.0282761 9.99641E-005 9.99641E-005 9.99641E-005 0.971324 9.99641E-005
9.99642E-005 0.0546182 9.99642E-005 9.99642E-005 0.944982 9.99642E-005
0.0623165 9.9982E-005 9.9982E-005 0.00205696 0.931975 0.00345119
9.9982E-005 0.0679818 0.214639 0.408364 9.9982E-005 0.308815
0.0231274 9.9991E-005 0.228178 0.43619 0.0121812 0.300223
9.9991E-005 0.175206 0.17728 0.297154 0.0324616 0.317798
0.0832993 0.831303 9.99821E-005 0.0381253 0.0470721 9.99821E-005
0.059415 0.940185 9.99641E-005 9.99641E-005 9.99641E-005 9.99641E-005
0.0570063 0.677029 0.082868 0.102977 0.0658523 0.0142677
0.0477838 0.891916 0.0568386 9.9982E-005 9.9982E-005 0.00326205
