0.0371507 0.00468911 0.005387 0.926659 9.99731E-005 0.0239432 9.99731E-005 0.00187057 9.99731E-005
9.993E-005 9.993E-005 9.993E-005 0.999201 9.993E-005 9.993E-005 9.993E-005 9.993E-005 9.993E-005
9.99461E-005 9.99461E-005 9.99461E-005 0.927486 9.99461E-005 9.99461E-005 0.0547739 0.0171405 9.99461E-005
0.0559208 9.99731E-005 0.136483 0.710455 0.0286126 9.99731E-005 0.0398868 0.0283423 9.99731E-005
0.102203 9.99461E-005 9.99461E-005 0.885343 9.99461E-005 9.99461E-005 9.99461E-005 0.0118545 9.99461E-005
9.993E-005 9.993E-005 9.993E-005 0.999201 9.993E-005 9.993E-005 9.993E-005 9.993E-005 9.993E-005
9.993E-005 9.993E-005 9.993E-005 0.999201 9.993E-005 9.993E-005 9.993E-005 9.993E-005 9.993E-005
0.051612 9.99731E-005 0.00436541 0.75702 0.155983 0.00922148 0.0214981 9.99731E-005 9.99731E-005
9.99551E-005 9.99551E-005 0.0807173 0.838699 0.0204458 9.99551E-005 9.99551E-005 9.99551E-005 0.059638
9.99461E-005 9.99461E-005 9.99461E-005 0.874467 9.99461E-005 9.99461E-005 0.0101026 9.99461E-005 0.114831
9.99461E-005 9.99461E-005 9.99461E-005 0.881735 9.99461E-005 0.0624605 9.99461E-005 9.99461E-005 0.0552047
0.192211 0.000927979 9.99731E-005 0.599558 0.0477707 9.99731E-005 0.0654264 0.0938065 9.99731E-005
0.0710782 9.9982E-005 0.0118878 0.668648 0.128692 0.00518817 0.103193 0.0111131 9.9982E-005
0.14869 0.0461286 0.0689822 0.660365 9.99731E-005 9.99731E-005 0.042765 9.99731E-005 0.0327699
0.0757505 0.00406295 0.163315 0.39126 0.157765 0.0647961 0.115037 0.0279131 9.9991E-005
9.9982E-005 0.0280582 0.111705 0.475162 0.00455065 0.00387564 0.349856 0.0265926 9.9982E-005
0.122405 9.99641E-005 0.110614 0.585937 9.99641E-005 9.99641E-005 0.144506 0.0361386 9.99641E-005
0.112076 9.9973E-005 0.0218173 0.480331 9.9973E-005 0.061012 0.319773 0.00469043 9.9973E-005
0.0005953 0.0151938 0.0533563 0.0873424 9.99731E-005 9.99731E-005 0.201729 0.641483 9.99731E-005
0.0467996 9.99641E-005 9.99641E-005 0.0979563 0.143746 9.99641E-005 0.399093 0.312005 9.99641E-005
0.0351765 9.99641E-005 9.99641E-005 9.99641E-005 0.134816 0.00186792 0.435944 0.391796 9.99641E-005
0.0274728 9.9982E-005 9.9982E-005 0.128777 0.137822 0.00210435 0.222328 0.462475 0.0188218
9.9973E-005 9.9973E-005 9.9973E-005 0.0128659 0.157922 0.0873015 0.392867 0.319841 0.0289022
9.993E-005 9.993E-005 9.993E-005 9.993E-005 9.993E-005 9.993E-005 9.993E-005 0.999201 9.993E-005
9.993E-005 9.993E-005 9.993E-005 9.993E-005 9.993E-005 9.993E-005 9.993E-005 0.999201 9.993E-005
9.993E-005 9.993E-005 9.993E-005 9.993E-005 9.993E-005 9.993E-005 9.993E-005 0.999201 9.993E-005
0.063098 0.0386281 0.128669 0.00421898 9.9982E-005 9.9982E-005 0.405933 0.314839 0.044414
9.9964E-005 0.0282668 9.9964E-005 0.0342509 0.00319794 9.9964E-005 0.0417831 0.892101 9.9964E-005
9.99641E-005 9.99641E-005 0.0349105 9.99641E-005 0.139172 0.0226834 0.528181 0.274653 9.99641E-005
9.993E-005 9.993E-005 9.993E-005 9.993E-005 9.993E-005 9.993E-005 9.993E-005 0.999201 9.993E-005
0.00281259 9.99641E-005 9.99641E-005 0.116586 0.245064 9.99641E-005 0.252792 0.382346 9.99641E-005
9.993E-005 9.993E-005 9.993E-005 9.993E-005 9.993E-005 9.993E-005 9.993E-005 0.999201 9.993E-005
9.99461E-005 9.99461E-005 9.99461E-005 9.99461E-005 0.117839 9.99461E-005 0.526579 0.354982 9.99461E-005
0.0176189 9.99731E-005 9.99731E-005 0.0570759 0.126607 9.99731E-005 0.272423 0.506908 0.0190669
0.0322547 9.99641E-005 9.99641E-005 9.99641E-005 0.209218 9.99641E-005 0.374913 0.373637 0.00957787
9.99551E-005 9.99551E-005 9.99551E-005 0.0893897 0.156571 9.99551E-005 0.351154 0.402386 9.99551E-005
9.999E-005 0.00206821 0.0426796 0.0855799 0.128118 0.0454432 0.335924 0.352851 0.00723576
0.68829 0.0256152 9.99641E-005 0.0844751 9.99641E-005 9.99641E-005 0.15741 9.99641E-005 0.0438098
0.999201 9.993E-005 9.993E-005 9.993E-005 9.993E-005 9.993E-005 9.993E-005 9.993E-005 9.993E-005
0.820463 0.0358791 9.99641E-005 0.00950584 9.99641E-005 9.99641E-005 0.0934233 9.99641E-005 0.0403287
0.857168 9.99462E-005 9.99462E-005 9.99462E-005 9.99462E-005 0.00569456 0.136538 9.99462E-005 9.99462E-005
0.794047 0.0316795 9.99551E-005 9.99551E-005 9.99551E-005 9.99551E-005 0.158239 0.0155351 9.99551E-005
0.949336 0.00775643 0.0266679 9.99551E-005 9.99551E-005 9.99551E-005 0.0157403 9.99551E-005 9.99551E-005
0.760203 9.99372E-005 9.99372E-005 9.99372E-005 9.99372E-005 9.99372E-005 0.239097 9.99372E-005 9.99372E-005
0.855795 9.99551E-005 0.0987663 9.99551E-005 9.99551E-005 9.99551E-005 0.0335701 0.011369 9.99551E-005
0.982546 0.0078204 9.99551E-005 9.99551E-005 9.99551E-005 9.99551E-005 0.006899 0.00223497 9.99551E-005
0.108106 9.99731E-005 0.583831 0.0884525 0.112953 9.99731E-005 9.99731E-005 0.0280466 0.0783112
9.993E-005 9.993E-005 9.993E-005 9.993E-005 9.993E-005 0.999201 9.993E-005 9.993E-005 9.993E-005
0.0480402 9.99458E-005 9.99458E-005 9.99458E-005 9.99458E-005 0.919545 9.99458E-005 9.99458E-005 0.0318152
9.99372E-005 9.99372E-005 0.971339 9.99372E-005 9.99372E-005 9.99372E-005 0.0279612 9.99372E-005 9.99372E-005
9.99458E-005 9.99458E-005 0.329502 9.99458E-005 9.99458E-005 0.55628 9.99458E-005 9.99458E-005 0.113618
9.99372E-005 9.99372E-005 0.976391 9.99372E-005 9.99372E-005 9.99372E-005 9.99372E-005 0.0229097 9.99372E-005
0.0430903 9.99641E-005 0.763017 9.99641E-005 0.156933 9.99641E-005 9.99641E-005 0.0204792 0.0160811
0.121667 9.9982E-005 0.762919 0.0198054 0.0480417 0.00737347 9.9982E-005 0.0358955 0.00409773
9.99462E-005 9.99462E-005 0.934653 0.0386393 9.99462E-005 9.99462E-005 9.99462E-005 9.99462E-005 0.0261083
9.99372E-005 9.99372E-005 0.978195 0.0211058 9.99372E-005 9.99372E-005 9.99372E-005 9.99372E-005 9.99372E-005
9.9964E-005 0.0495721 0.826315 9.9964E-005 9.9964E-005 9.9964E-005 0.0541015 0.0533185 0.0162926
9.99461E-005 0.0152401 0.930188 0.0539722 9.99461E-005 9.99461E-005 9.99461E-005 9.99461E-005 9.99461E-005
9.99371E-005 9.99371E-005 0.988242 9.99371E-005 9.99371E-005 9.99371E-005 9.99371E-005 9.99371E-005 0.0110584
9.99372E-005 9.99372E-005 0.999034 9.99372E-005 9.99372E-005 9.99372E-005 0.000266345 9.99372E-005 9.99372E-005
9.99372E-005 9.99372E-005 9.99372E-005 9.99372E-005 0.968901 9.99372E-005 9.99372E-005 0.0303994 9.99372E-005
9.99551E-005 0.00589955 9.99551E-005 0.0194722 0.93309 9.99551E-005 0.041038 9.99551E-005 9.99551E-005
0.0756307 0.009006 0.0550762 0.0173028 0.842585 9.99641E-005 9.99641E-005 9.99641E-005 9.99641E-005
9.99462E-005 0.36704 9.99462E-005 9.99462E-005 0.497038 9.99462E-005 9.99462E-005 9.99462E-005 0.135322
9.99551E-005 0.337671 9.99551E-005 9.99551E-005 0.368251 9.99551E-005 9.99551E-005 0.0159306 0.277648
9.993E-005 0.999201 9.993E-005 9.993E-005 9.993E-005 9.993E-005 9.993E-005 9.993E-005 9.993E-005
9.993E-005 0.999201 9.993E-005 9.993E-005 9.993E-005 9.993E-005 9.993E-005 9.993E-005 9.993E-005
0.00144785 0.414075 9.99551E-005 9.99551E-005 0.458814 9.99551E-005 9.99551E-005 9.99551E-005 0.125164
9.99461E-005 0.378406 9.99461E-005 9.99461E-005 0.395914 9.99461E-005 9.99461E-005 9.99461E-005 0.22508
9.99371E-005 0.944976 9.99371E-005 9.99371E-005 9.99371E-005 9.99371E-005 0.0543248 9.99371E-005 9.99371E-005
9.993E-005 0.999201 9.993E-005 9.993E-005 9.993E-005 9.993E-005 9.993E-005 9.993E-005 9.993E-005
9.99461E-005 0.31666 9.99461E-005 9.99461E-005 0.607362 9.99461E-005 9.99461E-005 9.99461E-005 0.0753781
9.99372E-005 0.981471 0.0178299 9.99372E-005 9.99372E-005 9.99372E-005 9.99372E-005 9.99372E-005 9.99372E-005
9.99371E-005 0.996907 0.00239331 9.99371E-005 9.99371E-005 9.99371E-005 9.99371E-005 9.99371E-005 9.99371E-005
9.99371E-005 0.996272 9.99371E-005 9.99371E-005 9.99371E-005 0.00302887 9.99371E-005 9.99371E-005 9.99371E-005
9.99371E-005 0.919395 9.99371E-005 9.99371E-005 0.0799053 9.99371E-005 9.99371E-005 9.99371E-005 9.99371E-005
9.99461E-005 0.962977 9.99461E-005 9.99461E-005 9.99461E-005 9.99461E-005 9.99461E-005 0.0343468 0.00207637
9.99552E-005 9.99552E-005 9.99552E-005 0.00121808 0.177944 9.99552E-005 0.573309 0.24703 9.99552E-005
0.881732 9.99641E-005 9.99641E-005 0.0299572 9.99641E-005 0.0200327 0.0634696 0.00440836 9.99641E-005
0.955862 9.99371E-005 9.99371E-005 9.99371E-005 9.99371E-005 9.99371E-005 9.99371E-005 0.0434382 9.99371E-005
9.99372E-005 0.0443323 9.99372E-005 9.99372E-005 9.99372E-005 9.99372E-005 9.99372E-005 9.99372E-005 0.954968
9.99462E-005 0.0645837 9.99462E-005 9.99462E-005 9.99462E-005 0.00743279 9.99462E-005 9.99462E-005 0.927384
9.99372E-005 0.036792 9.99372E-005 9.99372E-005 9.99372E-005 9.99372E-005 9.99372E-005 9.99372E-005 0.962508
9.99372E-005 9.99372E-005 9.99372E-005 9.99372E-005 9.99372E-005 9.99372E-005 0.0384265 9.99372E-005 0.960874
9.99462E-005 0.0152978 0.0414837 9.99462E-005 9.99462E-005 9.99462E-005 9.99462E-005 9.99462E-005 0.942619
9.99461E-005 9.99461E-005 9.99461E-005 9.99461E-005 0.0153681 9.99461E-005 9.99461E-005 0.0255328 0.958499
9.99552E-005 0.00390956 9.99552E-005 9.99552E-005 9.99552E-005 9.99552E-005 0.0122443 0.0501031 0.933243
0.00278664 9.99641E-005 0.0487657 0.00334032 0.0419793 9.99641E-005 9.99641E-005 9.99641E-005 0.902728
9.99551E-005 9.99551E-005 0.0517143 9.99551E-005 9.99551E-005 9.99551E-005 0.0124576 0.0162762 0.919052
9.99461E-005 9.99461E-005 0.0261977 0.0347942 9.99461E-005 9.99461E-005 9.99461E-005 9.99461E-005 0.938408
9.99372E-005 9.99372E-005 9.99372E-005 9.99372E-005 9.99372E-005 9.99372E-005 0.0194692 9.99372E-005 0.979831
9.99641E-005 0.0345689 0.0273325 9.99641E-005 9.99641E-005 0.058767 9.99641E-005 0.00332854 0.875603
9.99372E-005 9.99372E-005 0.0597905 9.99372E-005 9.99372E-005 9.99372E-005 9.99372E-005 9.99372E-005 0.93951
9.99461E-005 0.0374387 0.0119753 9.99461E-005 9.99461E-005 9.99461E-005 9.99461E-005 9.99461E-005 0.949986
9.99371E-005 9.99371E-005 9.99371E-005 9.99371E-005 0.0539898 9.99371E-005 9.99371E-005 9.99371E-005 0.945311
9.99551E-005 9.99551E-005 9.99551E-005 9.99551E-005 9.99551E-005 0.0186336 0.0584819 0.00643802 0.915947
9.99372E-005 0.0692725 9.99372E-005 9.99372E-005 9.99372E-005 9.99372E-005 9.99372E-005 9.99372E-005 0.930028
0.0298935 0.00443157 9.99551E-005 9.99551E-005 9.99551E-005 9.99551E-005 0.0107767 9.99551E-005 0.954398
9.99372E-005 9.99372E-005 9.99372E-005 9.99372E-005 0.0260572 9.99372E-005 9.99372E-005 9.99372E-005 0.973243
9.99641E-005 0.032442 9.99641E-005 9.99641E-005 9.99641E-005 0.0305516 0.0197724 0.0220434 0.894791
0.00646801 0.0354048 9.99551E-005 9.99551E-005 9.99551E-005 9.99551E-005 9.99551E-005 0.00956639 0.948061
9.99641E-005 0.0174922 9.99641E-005 9.99641E-005 0.0153767 0.00984853 0.0585862 9.99641E-005 0.898296
9.99372E-005 9.99372E-005 9.99372E-005 0.0457521 9.99372E-005 9.99372E-005 9.99372E-005 9.99372E-005 0.953548
9.99641E-005 9.99641E-005 0.096798 9.99641E-005 0.038941 0.0048751 9.99641E-005 0.00753463 0.851451
9.99372E-005 9.99372E-005 9.99372E-005 9.99372E-005 0.0329631 9.99372E-005 9.99372E-005 9.99372E-005 0.966337
9.99551E-005 9.99551E-005 9.99551E-005 0.0398834 9.99551E-005 0.0322459 9.99551E-005 0.0132611 0.91411
9.99461E-005 0.320454 9.99461E-005 9.99461E-005 0.55867 9.99461E-005 9.99461E-005 9.99461E-005 0.120276
9.9973E-005 0.164758 9.9973E-005 9.9973E-005 0.575648 0.0145369 0.0724108 0.0848976 0.0874487
9.99551E-005 0.238092 9.99551E-005 9.99551E-005 0.475669 9.99551E-005 9.99551E-005 0.0121273 0.273612
0.0408442 0.0567272 9.996E-005 0.0158206 9.996E-005 9.996E-005 0.885292 0.000915908 9.996E-005
9.993E-005 9.993E-005 9.993E-005 9.993E-005 9.993E-005 9.993E-005 0.999201 9.993E-005 9.993E-005
0.0375122 9.99461E-005 0.065873 9.99461E-005 9.99461E-005 9.99461E-005 0.896015 9.99461E-005 9.99461E-005
9.9937E-005 9.9937E-005 9.9937E-005 9.9937E-005 9.9937E-005 9.9937E-005 0.986341 0.0129597 9.9937E-005
0.0964017 0.0101894 9.99461E-005 9.99461E-005 9.99461E-005 9.99461E-005 0.892809 9.99461E-005 9.99461E-005
9.993E-005 9.993E-005 9.993E-005 9.993E-005 9.993E-005 9.993E-005 0.999201 9.993E-005 9.993E-005
0.189724 0.037312 0.0202298 0.0947676 9.9982E-005 0.0130083 0.570971 0.0737878 9.9982E-005
0.981967 9.99372E-005 9.99372E-005 9.99372E-005 9.99372E-005 0.0173332 9.99372E-005 9.99372E-005 9.99372E-005
0.999201 9.993E-005 9.993E-005 9.993E-005 9.993E-005 9.993E-005 9.993E-005 9.993E-005 9.993E-005
0.867032 0.0333023 9.99551E-005 0.0333031 9.99551E-005 9.99551E-005 9.99551E-005 0.0658626 9.99551E-005
9.99462E-005 9.99462E-005 9.99462E-005 9.99462E-005 9.99462E-005 9.99462E-005 0.408919 0.10885 0.481632
0.0442087 9.9982E-005 0.149786 0.428507 9.9982E-005 0.0935757 0.146113 0.0882064 0.0494031
0.00389743 0.049492 9.99819E-005 0.120688 9.99819E-005 0.726273 0.0133733 0.0116042 0.0744717
9.99461E-005 9.99461E-005 0.121668 9.99461E-005 0.823853 9.99461E-005 9.99461E-005 9.99461E-005 0.0538799
9.99551E-005 0.0300133 0.0636661 0.0653641 0.840457 9.99551E-005 9.99551E-005 9.99551E-005 9.99551E-005
9.99367E-005 9.99367E-005 9.99367E-005 9.99367E-005 9.99367E-005 0.65421 9.99367E-005 9.99367E-005 0.345091
9.99731E-005 0.00810413 0.0396123 9.99731E-005 0.00458896 9.99731E-005 0.00760926 9.99731E-005 0.939685
0.0200643 9.99462E-005 9.99462E-005 9.99462E-005 9.99462E-005 9.99462E-005 0.0116987 9.99462E-005 0.967637
9.99731E-005 0.00878143 9.99731E-005 0.0157807 9.99731E-005 0.0623657 0.01533 0.00813035 0.889312
0.0126686 9.99372E-005 9.99372E-005 9.99372E-005 9.99372E-005 9.99372E-005 9.99372E-005 9.99372E-005 0.986632
9.99461E-005 9.99461E-005 0.0415123 9.99461E-005 9.99461E-005 9.99461E-005 0.030195 9.99461E-005 0.927693
9.99462E-005 0.00307481 0.0635724 9.99462E-005 9.99462E-005 9.99462E-005 9.99462E-005 9.99462E-005 0.932753
9.99641E-005 0.0213159 0.0236626 9.99641E-005 9.99641E-005 9.99641E-005 0.0133983 0.0050129 0.936211
9.99372E-005 9.99372E-005 9.99372E-005 9.99372E-005 9.99372E-005 9.99372E-005 9.99372E-005 0.0117944 0.987506
0.0345459 0.00763066 9.99551E-005 9.99551E-005 0.0463587 9.99551E-005 9.99551E-005 9.99551E-005 0.910965
0.00417788 0.0517678 9.99462E-005 9.99462E-005 9.99462E-005 9.99462E-005 9.99462E-005 9.99462E-005 0.943455
0.00781843 9.99462E-005 9.99462E-005 9.99462E-005 0.0311766 9.99462E-005 9.99462E-005 9.99462E-005 0.960405
0.0118586 0.0249343 9.99551E-005 9.99551E-005 9.99551E-005 9.99551E-005 0.0177512 9.99551E-005 0.944956
0.0448589 0.00412414 9.99551E-005 9.99551E-005 9.99551E-005 9.99551E-005 0.0310188 9.99551E-005 0.919498
9.99462E-005 9.99462E-005 9.99462E-005 9.99462E-005 9.99462E-005 9.99462E-005 0.00845587 0.0356886 0.955256
9.99462E-005 9.99462E-005 0.0786001 9.99462E-005 9.99462E-005 0.0271791 9.99462E-005 9.99462E-005 0.893621
9.99731E-005 0.0826535 9.99731E-005 0.0990967 0.00427817 9.99731E-005 0.529198 0.261167 0.0233065
0.00235936 9.99641E-005 9.99641E-005 0.156877 0.165214 9.99641E-005 0.407452 0.267697 9.99641E-005
0.121763 0.0102553 9.99731E-005 0.25754 0.131878 9.99731E-005 0.193141 0.285122 9.99731E-005
0.998566 9.99372E-005 9.99372E-005 9.99372E-005 9.99372E-005 9.99372E-005 9.99372E-005 9.99372E-005 0.000734065
0.964304 9.99461E-005 0.0286624 9.99461E-005 9.99461E-005 9.99461E-005 9.99461E-005 0.00643408 9.99461E-005
0.916996 9.99462E-005 0.0562982 9.99462E-005 9.99462E-005 9.99462E-005 0.0261058 9.99462E-005 9.99462E-005
0.869947 9.99641E-005 0.0457263 9.99641E-005 0.00371334 9.99641E-005 0.0475891 0.0326246 9.99641E-005
9.99372E-005 9.99372E-005 0.0489585 9.99372E-005 0.950342 9.99372E-005 9.99372E-005 9.99372E-005 9.99372E-005
0.0137708 9.99551E-005 0.113622 9.99551E-005 0.870376 9.99551E-005 9.99551E-005 0.0017319 9.99551E-005
0.0596537 9.99462E-005 9.99462E-005 9.99462E-005 0.914565 9.99462E-005 0.0251818 9.99462E-005 9.99462E-005
0.00592398 9.99641E-005 9.99641E-005 0.0723624 0.188276 9.99641E-005 0.460568 0.272469 9.99641E-005
9.99641E-005 9.99641E-005 9.99641E-005 0.04675 0.226032 0.0156947 0.460753 0.25037 9.99641E-005
9.99641E-005 9.99641E-005 9.99641E-005 0.128645 0.223789 9.99641E-005 0.397563 0.202798 0.0468043
9.9973E-005 9.9973E-005 9.9973E-005 0.0161139 0.243647 0.0555543 0.423627 0.249085 0.0116729
