9.99192E-005 0.0041055 0.00306573 9.99192E-005 0.113414 9.99192E-005 0.00479155 9.99192E-005 9.99192E-005 9.99192E-005 9.99192E-005 0.873724 9.99192E-005 9.99192E-005
9.98922E-005 9.98922E-005 9.98922E-005 9.98922E-005 9.98922E-005 9.98922E-005 0.012249 9.98922E-005 9.98922E-005 9.98922E-005 9.98922E-005 0.986552 9.98922E-005 9.98922E-005
9.99012E-005 0.0762136 9.99012E-005 9.99012E-005 9.99012E-005 9.99012E-005 0.0319672 9.99012E-005 9.99012E-005 9.99012E-005 9.99012E-005 0.89072 9.99012E-005 9.99012E-005
0.0792264 9.99193E-005 0.0774196 9.99193E-005 0.0465693 9.99193E-005 9.99193E-005 9.99193E-005 9.99193E-005 0.137224 9.99193E-005 0.658661 9.99193E-005 9.99193E-005
9.9925E-005 9.9925E-005 0.060365 9.9925E-005 0.00549827 9.9925E-005 0.0220791 9.9925E-005 0.0491392 9.9925E-005 9.9925E-005 0.862019 9.9925E-005 9.9925E-005
9.98832E-005 9.98832E-005 9.98832E-005 9.98832E-005 9.98832E-005 9.98832E-005 9.98832E-005 9.98832E-005 9.98832E-005 9.98832E-005 9.98832E-005 0.998702 9.98832E-005 9.98832E-005
9.98832E-005 9.98832E-005 9.98832E-005 9.98832E-005 9.98832E-005 9.98832E-005 9.98832E-005 9.98832E-005 9.98832E-005 9.98832E-005 9.98832E-005 0.998702 9.98832E-005 9.98832E-005
0.0812592 9.99371E-005 0.000293609 0.0092149 9.99371E-005 9.99371E-005 9.99371E-005 9.99371E-005 0.0405795 0.129981 9.99371E-005 0.688149 0.0498233 9.99371E-005
0.0401257 9.99191E-005 9.99191E-005 9.99191E-005 9.99191E-005 0.00756331 9.99191E-005 0.0305295 9.99191E-005 0.176406 9.99191E-005 0.744476 9.99191E-005 9.99191E-005
0.0819017 9.99192E-005 0.0181641 9.99192E-005 9.99192E-005 0.089494 9.99192E-005 0.0309041 9.99192E-005 9.99192E-005 9.99192E-005 0.778637 9.99192E-005 9.99192E-005
9.99012E-005 9.99012E-005 9.99012E-005 9.99012E-005 9.99012E-005 9.99012E-005 9.99012E-005 0.0768442 9.99012E-005 9.99012E-005 9.99012E-005 0.855138 9.99012E-005 0.0669189
0.137867 0.0239269 0.00471299 9.99372E-005 0.0454539 9.99372E-005 0.0673211 9.99372E-005 0.155574 9.99372E-005 9.99372E-005 0.564445 9.99372E-005 9.99372E-005
0.0315514 0.0670738 0.0276552 9.99551E-005 9.99551E-005 9.99551E-005 9.99551E-005 0.00181801 0.0190653 0.088992 9.99551E-005 0.696863 0.039821 0.0266602
9.99283E-005 0.0857197 0.125084 9.99283E-005 0.154837 9.99283E-005 9.99283E-005 9.99283E-005 9.99283E-005 9.99283E-005 0.0219701 0.596211 9.99283E-005 0.0153787
0.0935225 0.0217083 0.123283 0.00139261 9.99552E-005 0.00274444 9.99552E-005 0.0584369 9.99552E-005 0.302396 0.0181544 0.377863 9.99552E-005 9.99552E-005
0.10335 0.164633 9.99551E-005 9.99551E-005 0.0662606 9.99551E-005 0.00432985 0.00301966 0.110291 0.0870476 9.99551E-005 0.441944 0.0186247 9.99551E-005
0.129998 0.0530222 0.0342912 0.0127797 0.165909 9.99371E-005 9.99371E-005 9.99371E-005 0.105938 9.99371E-005 9.99371E-005 0.497363 9.99371E-005 9.99371E-005
0.1049 0.174345 9.99371E-005 0.0123369 9.99371E-005 9.99371E-005 9.99371E-005 0.0279847 0.147894 0.0427141 9.99371E-005 0.489126 9.99371E-005 9.99371E-005
0.229979 0.0687299 9.99372E-005 9.99372E-005 0.0381739 9.99372E-005 0.550135 9.99372E-005 0.0629978 9.99372E-005 9.99372E-005 0.0478659 9.99372E-005 0.00141987
0.868967 9.99192E-005 0.0326698 9.99192E-005 0.047087 9.99192E-005 0.0280382 9.99192E-005 9.99192E-005 9.99192E-005 9.99192E-005 0.0223383 9.99192E-005 9.99192E-005
0.832543 9.99013E-005 0.0744991 9.99013E-005 9.99013E-005 9.99013E-005 0.0918593 9.99013E-005 9.99013E-005 9.99013E-005 9.99013E-005 9.99013E-005 9.99013E-005 9.99013E-005
0.609275 9.99282E-005 9.99282E-005 9.99282E-005 9.99282E-005 9.99282E-005 0.238524 9.99282E-005 0.0402857 0.0382588 9.99282E-005 0.037176 9.99282E-005 0.0356811
0.858289 9.99102E-005 9.99102E-005 9.99102E-005 9.99102E-005 9.99102E-005 0.0423912 0.0343778 9.99102E-005 9.99102E-005 9.99102E-005 9.99102E-005 9.99102E-005 0.0639431
9.98829E-005 9.98829E-005 9.98829E-005 9.98829E-005 9.98829E-005 9.98829E-005 0.998702 9.98829E-005 9.98829E-005 9.98829E-005 9.98829E-005 9.98829E-005 9.98829E-005 9.98829E-005
0.000992399 9.98922E-005 9.98922E-005 9.98922E-005 9.98922E-005 9.98922E-005 0.997809 9.98922E-005 9.98922E-005 9.98922E-005 9.98922E-005 9.98922E-005 9.98922E-005 9.98922E-005
9.98832E-005 9.98832E-005 9.98832E-005 9.98832E-005 9.98832E-005 9.98832E-005 0.998702 9.98832E-005 9.98832E-005 9.98832E-005 9.98832E-005 9.98832E-005 9.98832E-005 9.98832E-005
0.64716 9.99192E-005 9.99192E-005 9.99192E-005 9.99192E-005 0.0172943 0.0751894 9.99192E-005 0.133953 0.125503 9.99192E-005 9.99192E-005 9.99192E-005 9.99192E-005
0.203229 9.99191E-005 9.99191E-005 9.99191E-005 9.99191E-005 9.99191E-005 0.772886 9.99191E-005 9.99191E-005 0.00981261 0.00180397 0.0113688 9.99191E-005 9.99191E-005
0.862899 0.0484597 9.99192E-005 9.99192E-005 0.00114727 9.99192E-005 0.0263869 9.99192E-005 9.99192E-005 0.0602079 9.99192E-005 9.99192E-005 9.99192E-005 9.99192E-005
9.98831E-005 9.98831E-005 9.98831E-005 9.98831E-005 9.98831E-005 9.98831E-005 0.998702 9.98831E-005 9.98831E-005 9.98831E-005 9.98831E-005 9.98831E-005 9.98831E-005 9.98831E-005
0.627655 9.99282E-005 9.99282E-005 9.99282E-005 9.99282E-005 9.99282E-005 0.18229 9.99282E-005 0.0125183 0.01322 9.99282E-005 0.0565519 0.106965 9.99282E-005
9.98922E-005 9.98922E-005 9.98922E-005 9.98922E-005 9.98922E-005 9.98922E-005 0.994762 0.00403913 9.98922E-005 9.98922E-005 9.98922E-005 9.98922E-005 9.98922E-005 9.98922E-005
0.768643 0.0876421 9.99103E-005 9.99103E-005 9.99103E-005 9.99103E-005 0.0845791 9.99103E-005 0.0581369 9.99103E-005 9.99103E-005 9.99103E-005 9.99103E-005 9.99103E-005
0.654848 9.99282E-005 9.99282E-005 9.99282E-005 9.99282E-005 9.99282E-005 0.262578 9.99282E-005 0.0241834 0.020125 0.0107713 9.99282E-005 9.99282E-005 0.0266947
0.613926 0.0247567 0.0630981 9.99282E-005 9.99282E-005 9.99282E-005 0.172966 9.99282E-005 9.99282E-005 0.108067 9.99282E-005 9.99282E-005 9.99282E-005 0.0163874
0.808815 9.99192E-005 0.0254034 9.99192E-005 9.99192E-005 9.99192E-005 0.135528 9.99192E-005 9.99192E-005 9.99192E-005 9.99192E-005 0.0245293 0.00482451 9.99192E-005
0.705942 9.99461E-005 9.99461E-005 0.0140351 0.0685174 0.00184165 0.101226 9.99461E-005 9.99461E-005 0.075532 0.0185137 0.0137924 9.99461E-005 9.99461E-005
0.0186859 9.99372E-005 9.99372E-005 9.99372E-005 0.011639 0.0207418 9.99372E-005 9.99372E-005 0.899289 9.99372E-005 9.99372E-005 0.0247811 0.00834402 0.0158194
9.98922E-005 9.98922E-005 0.186661 9.98922E-005 9.98922E-005 9.98922E-005 9.98922E-005 9.98922E-005 0.81214 9.98922E-005 9.98922E-005 9.98922E-005 9.98922E-005 9.98922E-005
9.99193E-005 0.0158036 9.99193E-005 9.99193E-005 9.99193E-005 0.014848 0.0131639 9.99193E-005 0.930018 9.99193E-005 0.0252671 9.99193E-005 9.99193E-005 9.99193E-005
9.98923E-005 9.98923E-005 9.98923E-005 0.00330482 9.98923E-005 9.98923E-005 9.98923E-005 9.98923E-005 0.995496 9.98923E-005 9.98923E-005 9.98923E-005 9.98923E-005 9.98923E-005
9.99192E-005 0.0515472 9.99192E-005 0.0119555 9.99192E-005 9.99192E-005 0.00394005 9.99192E-005 0.923795 9.99192E-005 0.00786343 9.99192E-005 9.99192E-005 9.99192E-005
9.99012E-005 9.99012E-005 0.0743837 9.99012E-005 0.00233419 9.99012E-005 9.99012E-005 9.99012E-005 0.922183 9.99012E-005 9.99012E-005 9.99012E-005 9.99012E-005 9.99012E-005
9.98923E-005 0.0661168 9.98923E-005 9.98923E-005 9.98923E-005 9.98923E-005 9.98923E-005 9.98923E-005 0.932685 9.98923E-005 9.98923E-005 9.98923E-005 9.98923E-005 9.98923E-005
0.0133429 0.056902 0.53329 0.0041327 9.99461E-005 9.99461E-005 0.0187522 9.99461E-005 0.274173 0.0887904 9.99461E-005 0.0100172 9.99461E-005 9.99461E-005
9.98922E-005 9.98922E-005 0.146212 9.98922E-005 9.98922E-005 9.98922E-005 9.98922E-005 9.98922E-005 0.852589 9.98922E-005 9.98922E-005 9.98922E-005 9.98922E-005 9.98922E-005
9.99551E-005 0.0440988 0.0728419 9.99551E-005 0.227612 0.0967224 0.04485 9.99551E-005 0.0112259 0.31718 9.99551E-005 0.0592672 0.125702 9.99551E-005
9.98801E-005 9.98801E-005 9.98801E-005 0.998702 9.98801E-005 9.98801E-005 9.98801E-005 9.98801E-005 9.98801E-005 9.98801E-005 9.98801E-005 9.98801E-005 9.98801E-005 9.98801E-005
9.99012E-005 9.99012E-005 9.99012E-005 0.013865 9.99012E-005 9.99012E-005 9.99012E-005 0.959865 0.025171 9.99012E-005 9.99012E-005 9.99012E-005 9.99012E-005 9.99012E-005
9.99102E-005 0.0506131 9.99102E-005 9.99102E-005 0.868888 9.99102E-005 9.99102E-005 9.99102E-005 9.99102E-005 0.0657656 0.0137343 9.99102E-005 9.99102E-005 9.99102E-005
9.9901E-005 9.9901E-005 9.9901E-005 9.9901E-005 0.172595 9.9901E-005 9.9901E-005 0.741457 9.9901E-005 0.0848487 9.9901E-005 9.9901E-005 9.9901E-005 9.9901E-005
9.9883E-005 9.9883E-005 9.9883E-005 9.9883E-005 0.998702 9.9883E-005 9.9883E-005 9.9883E-005 9.9883E-005 9.9883E-005 9.9883E-005 9.9883E-005 9.9883E-005 9.9883E-005
9.98923E-005 9.98923E-005 0.0365133 9.98923E-005 9.98923E-005 9.98923E-005 9.98923E-005 9.98923E-005 9.98923E-005 0.962288 9.98923E-005 9.98923E-005 9.98923E-005 9.98923E-005
9.99012E-005 9.99012E-005 9.99012E-005 9.99012E-005 9.99012E-005 9.99012E-005 9.99012E-005 9.99012E-005 0.0942503 0.879221 9.99012E-005 0.02543 9.99012E-005 9.99012E-005
9.98833E-005 9.98833E-005 9.98833E-005 9.98833E-005 0.998702 9.98833E-005 9.98833E-005 9.98833E-005 9.98833E-005 9.98833E-005 9.98833E-005 9.98833E-005 9.98833E-005 9.98833E-005
9.98833E-005 9.98833E-005 9.98833E-005 9.98833E-005 0.998702 9.98833E-005 9.98833E-005 9.98833E-005 9.98833E-005 9.98833E-005 9.98833E-005 9.98833E-005 9.98833E-005 9.98833E-005
9.99191E-005 0.0529522 9.99191E-005 9.99191E-005 0.105556 9.99191E-005 0.0242758 9.99191E-005 9.99191E-005 0.779997 0.03632 9.99191E-005 9.99191E-005 9.99191E-005
9.99012E-005 9.99012E-005 9.99012E-005 9.99012E-005 0.75951 9.99012E-005 9.99012E-005 9.99012E-005 9.99012E-005 0.231967 9.99012E-005 0.00742473 9.99012E-005 9.99012E-005
9.98832E-005 9.98832E-005 9.98832E-005 9.98832E-005 9.98832E-005 9.98832E-005 9.98832E-005 9.98832E-005 9.98832E-005 0.998702 9.98832E-005 9.98832E-005 9.98832E-005 9.98832E-005
9.98832E-005 9.98832E-005 9.98832E-005 9.98832E-005 9.98832E-005 9.98832E-005 9.98832E-005 9.98832E-005 9.98832E-005 0.998702 9.98832E-005 9.98832E-005 9.98832E-005 9.98832E-005
0.0206876 9.99013E-005 9.99013E-005 9.99013E-005 9.99013E-005 9.99013E-005 9.99013E-005 9.99013E-005 9.99013E-005 9.99013E-005 9.99013E-005 9.99013E-005 0.969532 0.00868193
0.0627928 9.99013E-005 0.0183899 9.99013E-005 9.99013E-005 9.99013E-005 9.99013E-005 9.99013E-005 9.99013E-005 9.99013E-005 9.99013E-005 9.99013E-005 0.917718 9.99013E-005
9.99193E-005 9.99193E-005 0.0706557 0.00865455 0.0241452 9.99193E-005 9.99193E-005 9.99193E-005 9.99193E-005 9.99193E-005 0.00504252 9.99193E-005 0.890603 9.99193E-005
9.99103E-005 9.99103E-005 9.99103E-005 9.99103E-005 9.99103E-005 9.99103E-005 9.99103E-005 0.0192234 9.99103E-005 9.99103E-005 0.356243 9.99103E-005 0.453669 0.169866
9.99192E-005 9.99192E-005 9.99192E-005 9.99192E-005 9.99192E-005 0.205459 0.0280902 9.99192E-005 9.99192E-005 9.99192E-005 0.357271 9.99192E-005 0.278756 0.129524
9.99013E-005 9.99013E-005 0.0186095 9.99013E-005 9.99013E-005 9.99013E-005 9.99013E-005 9.99013E-005 9.99013E-005 0.00289679 0.977395 9.99013E-005 9.99013E-005 9.99013E-005
9.98831E-005 9.98831E-005 9.98831E-005 9.98831E-005 9.98831E-005 9.98831E-005 9.98831E-005 9.98831E-005 9.98831E-005 9.98831E-005 0.998702 9.98831E-005 9.98831E-005 9.98831E-005
0.0140352 9.99282E-005 0.0023901 9.99282E-005 0.0271492 9.99282E-005 9.99282E-005 9.99282E-005 9.99282E-005 9.99282E-005 0.408392 9.99282E-005 0.387695 0.159539
9.99191E-005 9.99191E-005 9.99191E-005 9.99191E-005 9.99191E-005 0.00832128 9.99191E-005 9.99191E-005 9.99191E-005 0.0959661 0.403277 9.99191E-005 0.267548 0.223989
0.00354039 0.0167658 9.99192E-005 9.99192E-005 9.99192E-005 9.99192E-005 9.99192E-005 0.00440194 0.0240788 9.99192E-005 0.950314 9.99192E-005 9.99192E-005 9.99192E-005
9.98833E-005 9.98833E-005 9.98833E-005 9.98833E-005 9.98833E-005 9.98833E-005 9.98833E-005 9.98833E-005 9.98833E-005 9.98833E-005 0.998702 9.98833E-005 9.98833E-005 9.98833E-005
0.0305948 9.99103E-005 9.99103E-005 9.99103E-005 9.99103E-005 9.99103E-005 9.99103E-005 9.99103E-005 9.99103E-005 9.99103E-005 0.344612 9.99103E-005 0.49255 0.131245
9.99013E-005 9.99013E-005 0.0154592 9.99013E-005 0.0111351 9.99013E-005 9.99013E-005 9.99013E-005 9.99013E-005 9.99013E-005 0.972307 9.99013E-005 9.99013E-005 9.99013E-005
9.99012E-005 9.99012E-005 9.99012E-005 0.010015 9.99012E-005 9.99012E-005 9.99012E-005 9.99012E-005 9.99012E-005 0.000188292 0.988698 9.99012E-005 9.99012E-005 9.99012E-005
9.98923E-005 9.98923E-005 0.00292907 9.98923E-005 9.98923E-005 9.98923E-005 9.98923E-005 9.98923E-005 9.98923E-005 9.98923E-005 0.995872 9.98923E-005 9.98923E-005 9.98923E-005
9.99013E-005 9.99013E-005 9.99013E-005 9.99013E-005 9.99013E-005 0.00707827 9.99013E-005 9.99013E-005 9.99013E-005 9.99013E-005 0.937059 9.99013E-005 0.0547636 9.99013E-005
9.99012E-005 9.99012E-005 9.99012E-005 9.99012E-005 9.99012E-005 0.0053939 0.0273828 9.99012E-005 9.99012E-005 9.99012E-005 0.966124 9.99012E-005 9.99012E-005 9.99012E-005
0.878205 0.0634034 9.99103E-005 9.99103E-005 9.99103E-005 9.99103E-005 9.99103E-005 9.99103E-005 0.0558731 9.99103E-005 9.99103E-005 9.99103E-005 9.99103E-005 0.00151982
9.99192E-005 9.99192E-005 9.99192E-005 0.00172296 9.99192E-005 9.99192E-005 0.00525351 0.00479429 0.986298 9.99192E-005 9.99192E-005 0.00103245 9.99192E-005 9.99192E-005
9.99012E-005 9.99012E-005 0.126015 9.99012E-005 9.99012E-005 9.99012E-005 0.0392822 9.99012E-005 0.833604 9.99012E-005 9.99012E-005 9.99012E-005 9.99012E-005 9.99012E-005
9.99012E-005 9.99012E-005 9.99012E-005 9.99012E-005 0.0208179 0.961755 9.99012E-005 9.99012E-005 9.99012E-005 9.99012E-005 0.0163279 9.99012E-005 9.99012E-005 9.99012E-005
9.99103E-005 9.99103E-005 9.99103E-005 9.99103E-005 9.99103E-005 0.823852 9.99103E-005 0.0255468 9.99103E-005 9.99103E-005 0.0407056 9.99103E-005 9.99103E-005 0.108897
9.99103E-005 9.99103E-005 9.99103E-005 9.99103E-005 9.99103E-005 0.843185 9.99103E-005 0.00579707 9.99103E-005 9.99103E-005 0.0163153 9.99103E-005 9.99103E-005 0.133704
9.99103E-005 9.99103E-005 9.99103E-005 9.99103E-005 9.99103E-005 0.956365 9.99103E-005 9.99103E-005 0.0304735 0.00906019 9.99103E-005 9.99103E-005 9.99103E-005 0.00310244
9.99282E-005 9.99282E-005 9.99282E-005 9.99282E-005 0.00562275 0.499075 9.99282E-005 0.000841561 9.99282E-005 0.0226307 9.99282E-005 9.99282E-005 0.0269484 0.444083
9.99192E-005 9.99192E-005 9.99192E-005 9.99192E-005 0.0136151 0.702887 0.0202748 9.99192E-005 9.99192E-005 9.99192E-005 9.99192E-005 9.99192E-005 0.0191875 0.243137
0.0119415 9.99193E-005 9.99193E-005 9.99193E-005 9.99193E-005 0.589563 0.0313326 0.0215771 9.99193E-005 9.99193E-005 9.99193E-005 9.99193E-005 9.99193E-005 0.344687
9.99282E-005 9.99282E-005 0.0165838 9.99282E-005 0.0352002 0.58559 9.99282E-005 9.99282E-005 9.99282E-005 9.99282E-005 0.0117231 0.00130634 9.99282E-005 0.348797
0.0601434 9.99192E-005 9.99192E-005 0.002238 9.99192E-005 0.788229 9.99192E-005 9.99192E-005 9.99192E-005 0.0284025 9.99192E-005 9.99192E-005 9.99192E-005 0.120088
9.99281E-005 9.99281E-005 9.99281E-005 0.00308894 0.0333387 0.876521 9.99281E-005 9.99281E-005 0.0274633 9.99281E-005 9.99281E-005 0.00604448 9.99281E-005 0.0527442
9.98924E-005 0.00979476 9.98924E-005 9.98924E-005 9.98924E-005 0.989007 9.98924E-005 9.98924E-005 9.98924E-005 9.98924E-005 9.98924E-005 9.98924E-005 9.98924E-005 9.98924E-005
9.99193E-005 9.99193E-005 9.99193E-005 0.00989888 0.101523 0.78929 9.99193E-005 0.0193994 9.99193E-005 9.99193E-005 9.99193E-005 9.99193E-005 9.99193E-005 0.0789891
9.98901E-005 9.98901E-005 9.98901E-005 9.98901E-005 9.98901E-005 0.841502 9.98901E-005 9.98901E-005 9.98901E-005 0.0953959 9.98901E-005 9.98901E-005 9.98901E-005 0.0620038
9.99102E-005 9.99102E-005 9.99102E-005 9.99102E-005 0.00640911 0.87253 9.99102E-005 9.99102E-005 9.99102E-005 9.99102E-005 0.0226875 9.99102E-005 9.99102E-005 0.0973743
9.99282E-005 9.99282E-005 0.00100522 9.99282E-005 9.99282E-005 0.889776 9.99282E-005 0.00709182 9.99282E-005 0.0213483 9.99282E-005 9.99282E-005 0.0248214 0.0551577
9.99282E-005 0.0464121 9.99282E-005 9.99282E-005 0.00325011 0.576275 0.0186776 0.0409127 9.99282E-005 9.99282E-005 9.99282E-005 9.99282E-005 9.99282E-005 0.313673
9.99103E-005 9.99103E-005 9.99103E-005 9.99103E-005 9.99103E-005 0.862483 9.99103E-005 0.0116474 9.99103E-005 9.99103E-005 0.0530389 9.99103E-005 9.99103E-005 0.0718319
9.99193E-005 9.99193E-005 0.0309476 9.99193E-005 9.99193E-005 0.807583 9.99193E-005 0.0161908 9.99193E-005 9.99193E-005 9.99193E-005 0.00122018 9.99193E-005 0.14316
9.99014E-005 9.99014E-005 9.99014E-005 0.00296358 0.0265282 0.969409 9.99014E-005 9.99014E-005 9.99014E-005 9.99014E-005 9.99014E-005 9.99014E-005 9.99014E-005 9.99014E-005
0.0562718 9.99282E-005 9.99282E-005 0.00544349 9.99282E-005 0.424414 9.99282E-005 0.0117178 9.99282E-005 9.99282E-005 0.0124583 9.99282E-005 9.99282E-005 0.488895
0.0065145 9.99282E-005 9.99282E-005 0.00252279 9.99282E-005 0.548769 9.99282E-005 0.00751612 9.99282E-005 9.99282E-005 0.00598401 9.99282E-005 9.99282E-005 0.427894
0.00293653 0.0547813 9.99103E-005 9.99103E-005 9.99103E-005 0.932559 9.99103E-005 9.99103E-005 9.99103E-005 9.99103E-005 0.00872391 9.99103E-005 9.99103E-005 9.99103E-005
9.99192E-005 9.99192E-005 9.99192E-005 9.99192E-005 9.99192E-005 0.327932 9.99192E-005 0.0202134 9.99192E-005 0.0323359 9.99192E-005 0.00507306 9.99192E-005 0.613546
9.99102E-005 9.99102E-005 9.99102E-005 0.0064712 0.128945 0.862708 9.99102E-005 9.99102E-005 9.99102E-005 0.000877191 9.99102E-005 9.99102E-005 9.99102E-005 9.99102E-005
9.99012E-005 9.99012E-005 9.99012E-005 9.99012E-005 9.99012E-005 0.703394 9.99012E-005 9.99012E-005 9.99012E-005 9.99012E-005 9.99012E-005 9.99012E-005 0.0329835 0.262524
9.99371E-005 9.99371E-005 9.99371E-005 0.00573632 0.0252961 0.819731 0.0241956 0.0272324 9.99371E-005 9.99371E-005 9.99371E-005 0.0126257 9.99371E-005 0.0844839
9.99102E-005 9.99102E-005 9.99102E-005 9.99102E-005 9.99102E-005 0.115884 9.99102E-005 9.99102E-005 9.99102E-005 9.99102E-005 0.323002 9.99102E-005 0.529502 0.0306132
0.253243 9.99371E-005 9.99371E-005 9.99371E-005 0.0106041 0.0735 9.99371E-005 0.0231022 9.99371E-005 9.99371E-005 0.186069 9.99371E-005 0.410628 0.0421543
9.99283E-005 9.99283E-005 9.99283E-005 9.99283E-005 0.0200783 0.269463 0.0161909 9.99283E-005 9.99283E-005 9.99283E-005 0.236605 9.99283E-005 0.419096 0.0377669
0.124647 0.690165 9.99192E-005 9.99192E-005 9.99192E-005 9.99192E-005 9.99192E-005 9.99192E-005 0.130328 0.0225202 0.0314395 9.99192E-005 9.99192E-005 9.99192E-005
9.98829E-005 0.998702 9.98829E-005 9.98829E-005 9.98829E-005 9.98829E-005 9.98829E-005 9.98829E-005 9.98829E-005 9.98829E-005 9.98829E-005 9.98829E-005 9.98829E-005 9.98829E-005
9.99013E-005 0.921592 9.99013E-005 9.99013E-005 0.0433654 9.99013E-005 9.99013E-005 9.99013E-005 0.0339436 9.99013E-005 9.99013E-005 9.99013E-005 9.99013E-005 9.99013E-005
9.98921E-005 0.994406 9.98921E-005 9.98921E-005 9.98921E-005 9.98921E-005 0.00439521 9.98921E-005 9.98921E-005 9.98921E-005 9.98921E-005 9.98921E-005 9.98921E-005 9.98921E-005
9.99013E-005 0.928786 0.0605295 9.99013E-005 9.99013E-005 9.99013E-005 9.99013E-005 9.99013E-005 0.00958579 9.99013E-005 9.99013E-005 9.99013E-005 9.99013E-005 9.99013E-005
9.98833E-005 0.998702 9.98833E-005 9.98833E-005 9.98833E-005 9.98833E-005 9.98833E-005 9.98833E-005 9.98833E-005 9.98833E-005 9.98833E-005 9.98833E-005 9.98833E-005 9.98833E-005
0.12168 0.537584 0.0181683 0.0121494 9.99551E-005 9.99551E-005 0.0331801 9.99551E-005 0.158476 0.0349844 0.0261999 0.0570777 9.99551E-005 9.99551E-005
9.98921E-005 9.98921E-005 0.996458 0.00234315 9.98921E-005 9.98921E-005 9.98921E-005 9.98921E-005 9.98921E-005 9.98921E-005 9.98921E-005 9.98921E-005 9.98921E-005 9.98921E-005
9.9883E-005 9.9883E-005 0.998702 9.9883E-005 9.9883E-005 9.9883E-005 9.9883E-005 9.9883E-005 9.9883E-005 9.9883E-005 9.9883E-005 9.9883E-005 9.9883E-005 9.9883E-005
9.99461E-005 0.00767476 0.773482 0.00838312 9.99461E-005 9.99461E-005 0.0728412 9.99461E-005 0.0739293 9.99461E-005 0.0294203 0.0235061 9.99461E-005 0.0101637
0.359765 0.125953 0.0577159 9.99192E-005 9.99192E-005 0.299046 9.99192E-005 9.99192E-005 9.99192E-005 9.99192E-005 9.99192E-005 9.99192E-005 9.99192E-005 0.15662
0.142313 0.0620387 0.0286231 0.00204623 9.99551E-005 9.99551E-005 0.0333075 0.0432888 9.99551E-005 0.302822 9.99551E-005 0.368174 9.99551E-005 0.0168867
9.9901E-005 9.9901E-005 9.9901E-005 9.9901E-005 9.9901E-005 9.9901E-005 0.0230642 0.869712 9.9901E-005 9.9901E-005 9.9901E-005 0.106125 9.9901E-005 9.9901E-005
9.99102E-005 9.99102E-005 9.99102E-005 0.00644528 9.99102E-005 0.068262 9.99102E-005 9.99102E-005 9.99102E-005 0.0550687 9.99102E-005 9.99102E-005 0.869225 9.99102E-005
9.99102E-005 9.99102E-005 9.99102E-005 9.99102E-005 9.99102E-005 9.99102E-005 9.99102E-005 9.99102E-005 9.99102E-005 0.0863383 0.0119104 0.045823 0.854929 9.99102E-005
9.99009E-005 9.99009E-005 9.99009E-005 9.99009E-005 9.99009E-005 0.0190766 9.99009E-005 0.927569 9.99009E-005 9.99009E-005 9.99009E-005 9.99009E-005 9.99009E-005 0.0522551
9.99014E-005 9.99014E-005 9.99014E-005 9.99014E-005 9.99014E-005 0.651982 9.99014E-005 9.99014E-005 9.99014E-005 0.0893023 9.99014E-005 9.99014E-005 9.99014E-005 0.257617
9.98833E-005 9.98833E-005 9.98833E-005 9.98833E-005 9.98833E-005 9.98833E-005 9.98833E-005 9.98833E-005 9.98833E-005 9.98833E-005 9.98833E-005 9.98833E-005 9.98833E-005 0.998702
9.99461E-005 9.99461E-005 9.99461E-005 0.00319793 9.99461E-005 0.597834 0.00890208 0.0394731 0.00416117 0.0450485 9.99461E-005 0.00695264 9.99461E-005 0.29383
9.9883E-005 9.9883E-005 9.9883E-005 9.9883E-005 9.9883E-005 9.9883E-005 9.9883E-005 9.9883E-005 9.9883E-005 9.9883E-005 9.9883E-005 9.9883E-005 9.9883E-005 0.998702
9.99102E-005 9.99102E-005 9.99102E-005 0.0223676 9.99102E-005 0.925869 9.99102E-005 9.99102E-005 9.99102E-005 0.0457002 9.99102E-005 9.99102E-005 9.99102E-005 0.00506369
9.99103E-005 9.99103E-005 9.99103E-005 9.99103E-005 9.99103E-005 0.859631 9.99103E-005 0.0175978 9.99103E-005 0.0508972 9.99103E-005 9.99103E-005 9.99103E-005 0.0708753
9.99192E-005 0.00331998 9.99192E-005 9.99192E-005 9.99192E-005 0.839788 9.99192E-005 9.99192E-005 9.99192E-005 0.102943 0.00283085 9.99192E-005 9.99192E-005 0.0502185
9.98831E-005 9.98831E-005 9.98831E-005 9.98831E-005 9.98831E-005 9.98831E-005 9.98831E-005 9.98831E-005 9.98831E-005 9.98831E-005 9.98831E-005 9.98831E-005 9.98831E-005 0.998702
9.99282E-005 9.99282E-005 0.0179493 9.99282E-005 0.00848273 0.811592 9.99282E-005 0.0247582 0.0182799 9.99282E-005 9.99282E-005 9.99282E-005 9.99282E-005 0.118139
9.99282E-005 9.99282E-005 0.00062236 9.99282E-005 9.99282E-005 0.806657 0.000979342 9.99282E-005 9.99282E-005 0.00782062 0.0392704 9.99282E-005 9.99282E-005 0.14385
9.99014E-005 9.99014E-005 9.99014E-005 9.99014E-005 9.99014E-005 0.209311 9.99014E-005 9.99014E-005 9.99014E-005 9.99014E-005 9.99014E-005 9.99014E-005 0.0190453 0.770544
9.99012E-005 9.99012E-005 9.99012E-005 9.99012E-005 9.99012E-005 0.0860902 9.99012E-005 9.99012E-005 9.99012E-005 9.99012E-005 0.0207917 9.99012E-005 9.99012E-005 0.892019
0.0491315 9.99102E-005 9.99102E-005 0.00429168 9.99102E-005 0.114368 9.99102E-005 9.99102E-005 9.99102E-005 9.99102E-005 9.99102E-005 9.99102E-005 9.99102E-005 0.83121
9.99103E-005 9.99103E-005 9.99103E-005 9.99103E-005 0.0243559 0.840594 0.0252202 9.99103E-005 9.99103E-005 9.99103E-005 9.99103E-005 9.99103E-005 9.99103E-005 0.108831
9.99192E-005 9.99192E-005 9.99192E-005 9.99192E-005 0.0379182 0.352563 9.99192E-005 0.0509304 9.99192E-005 0.0166586 9.99192E-005 9.99192E-005 9.99192E-005 0.54103
0.590431 0.117656 0.0833775 9.99372E-005 9.99372E-005 9.99372E-005 0.0575049 9.99372E-005 9.99372E-005 9.99372E-005 0.0586842 0.0635089 9.99372E-005 0.0281381
0.765819 9.99282E-005 9.99282E-005 9.99282E-005 0.0197774 0.000155365 0.0285009 9.99282E-005 0.100817 9.99282E-005 9.99282E-005 0.0841307 9.99282E-005 9.99282E-005
0.609088 9.99461E-005 9.99461E-005 9.99461E-005 9.99461E-005 9.99461E-005 0.0937347 0.0108571 0.122558 0.00351195 0.0190927 0.124239 0.016318 9.99461E-005
9.98923E-005 9.98923E-005 0.848991 9.98923E-005 9.98923E-005 9.98923E-005 9.98923E-005 9.98923E-005 0.149811 9.98923E-005 9.98923E-005 9.98923E-005 9.98923E-005 9.98923E-005
9.99012E-005 9.99012E-005 0.860844 9.99012E-005 9.99012E-005 9.99012E-005 0.0180049 9.99012E-005 0.120053 9.99012E-005 9.99012E-005 9.99012E-005 9.99012E-005 9.99012E-005
0.0166721 9.99013E-005 0.946355 9.99013E-005 0.0358744 9.99013E-005 9.99013E-005 9.99013E-005 9.99013E-005 9.99013E-005 9.99013E-005 9.99013E-005 9.99013E-005 9.99013E-005
9.99192E-005 0.017825 0.327306 9.99192E-005 0.0315388 9.99192E-005 0.0388869 9.99192E-005 0.583544 9.99192E-005 9.99192E-005 9.99192E-005 9.99192E-005 9.99192E-005
9.98923E-005 9.98923E-005 0.0134746 9.98923E-005 9.98923E-005 9.98923E-005 9.98923E-005 9.98923E-005 9.98923E-005 9.98923E-005 9.98923E-005 9.98923E-005 0.985327 9.98923E-005
9.99012E-005 9.99012E-005 9.99012E-005 9.99012E-005 9.99012E-005 9.99012E-005 9.99012E-005 9.99012E-005 0.0116567 0.015909 9.99012E-005 9.99012E-005 0.971335 9.99012E-005
9.99192E-005 0.010685 0.0479916 9.99192E-005 0.0285753 9.99192E-005 9.99192E-005 0.0055489 9.99192E-005 9.99192E-005 9.99192E-005 9.99192E-005 0.9063 9.99192E-005
0.761712 0.0508445 0.0774723 0.00168886 0.00586034 9.99641E-005 0.0482467 9.99641E-005 9.99641E-005 0.00388896 0.0141243 0.0147128 9.99641E-005 0.0210496
0.88786 9.99103E-005 0.052325 9.99103E-005 9.99103E-005 9.99103E-005 9.99103E-005 0.00670642 9.99103E-005 0.0521098 9.99103E-005 9.99103E-005 9.99103E-005 9.99103E-005
0.651044 0.00178766 9.99461E-005 9.99461E-005 0.131692 0.0292407 0.00269287 9.99461E-005 0.102015 9.99461E-005 9.99461E-005 0.044841 0.0360869 9.99461E-005
0.87476 9.99282E-005 0.000620194 0.00244164 9.99282E-005 0.0242565 9.99282E-005 0.00923613 9.99282E-005 9.99282E-005 9.99282E-005 9.99282E-005 0.0878863 9.99282E-005
