0.0494303 9.99731E-005 0.0152077 0.011331 9.99731E-005 9.99731E-005 0.00166959 0.922061
9.994E-005 9.994E-005 9.994E-005 9.994E-005 9.994E-005 9.994E-005 9.994E-005 0.9993
9.99551E-005 9.99551E-005 9.99551E-005 0.0208298 0.0684278 9.99551E-005 9.99551E-005 0.910243
0.0968606 0.136137 9.99731E-005 0.0172867 0.0055409 9.99731E-005 9.99731E-005 0.743875
0.115242 9.99461E-005 9.99461E-005 9.99461E-005 9.99461E-005 9.99461E-005 9.99461E-005 0.884158
9.994E-005 9.994E-005 9.994E-005 9.994E-005 9.994E-005 9.994E-005 9.994E-005 0.9993
9.994E-005 9.994E-005 9.994E-005 9.994E-005 9.994E-005 9.994E-005 9.994E-005 0.9993
0.0594482 0.102833 0.00499686 9.9982E-005 0.00178448 9.9982E-005 0.0310589 0.799679
9.99551E-005 0.058939 9.99551E-005 9.99551E-005 9.99551E-005 0.0747647 9.99551E-005 0.865797
9.99551E-005 9.99551E-005 9.99551E-005 9.99551E-005 0.0137362 0.100688 9.99551E-005 0.885076
9.99551E-005 9.99551E-005 0.0504131 9.99551E-005 9.99551E-005 0.0518652 9.99551E-005 0.897222
0.166099 0.0176459 9.99821E-005 0.106375 0.0910965 9.99821E-005 0.00279636 0.615787
0.0784895 0.12003 9.9991E-005 0.0207621 0.109289 0.00198405 0.0102323 0.659113
0.154017 0.0318598 9.99821E-005 9.99821E-005 0.0841912 0.0455159 0.0233374 0.660879
0.0958826 0.243146 0.0760199 0.0441789 0.0805884 0.00393625 0.0431962 0.413052
9.9982E-005 0.103702 0.0116811 0.0376847 0.340298 9.9982E-005 0.0144413 0.491993
0.0997727 0.101679 9.99731E-005 0.0351237 0.169341 9.99731E-005 9.99731E-005 0.593783
0.102806 9.9973E-005 0.0619182 0.00777501 0.324369 9.9973E-005 9.9973E-005 0.502832
0.027533 0.00856355 9.9991E-005 0.667419 0.190075 0.00327832 0.00841481 0.0946158
0.0675367 9.9982E-005 0.00257926 0.354457 0.371036 0.0334518 9.9982E-005 0.170739
0.0395541 0.0564373 0.0174158 0.444922 0.441371 9.99731E-005 9.99731E-005 9.99731E-005
0.0268225 9.9991E-005 0.0101524 0.506469 0.232892 0.0570782 0.0122567 0.154229
9.9973E-005 9.9973E-005 0.0903736 0.382796 0.375941 0.0876028 9.9973E-005 0.0629868
9.994E-005 9.994E-005 9.994E-005 0.9993 9.994E-005 9.994E-005 9.994E-005 9.994E-005
9.994E-005 9.994E-005 9.994E-005 0.9993 9.994E-005 9.994E-005 9.994E-005 9.994E-005
9.994E-005 9.994E-005 9.994E-005 0.9993 9.994E-005 9.994E-005 9.994E-005 9.994E-005
0.0561548 0.111845 9.9991E-005 0.337775 0.380154 0.0457172 0.0126055 0.0556492
9.9964E-005 9.9964E-005 9.9964E-005 0.903956 0.0317548 9.9964E-005 0.0113646 0.052525
9.9982E-005 0.109008 0.0460864 0.331375 0.486321 9.9982E-005 0.00424525 0.0227648
9.994E-005 9.994E-005 9.994E-005 0.9993 9.994E-005 9.994E-005 9.994E-005 9.994E-005
9.99731E-005 0.0847909 9.99731E-005 0.454785 0.256982 9.99731E-005 0.0164663 0.186676
9.994E-005 9.994E-005 9.994E-005 0.9993 9.994E-005 9.994E-005 9.994E-005 9.994E-005
9.9982E-005 0.0142186 9.9982E-005 0.401946 0.537682 0.0135599 0.00676842 0.0256248
0.0452601 9.99821E-005 9.99821E-005 0.548279 0.234782 0.0463905 0.0189125 0.106176
0.0434475 9.9991E-005 0.000201697 0.444904 0.370998 0.0826679 0.0304393 0.0272417
9.99731E-005 0.0519652 9.99731E-005 0.446697 0.345391 9.99731E-005 0.0229806 0.132666
9.9991E-005 0.0932827 0.043865 0.38262 0.296789 0.027615 0.00876405 0.146964
0.672225 9.99731E-005 9.99731E-005 9.99731E-005 0.173445 0.0445552 0.0120189 0.0974556
0.9993 9.994E-005 9.994E-005 9.994E-005 9.994E-005 9.994E-005 9.994E-005 9.994E-005
0.798108 9.99731E-005 9.99731E-005 0.00960348 0.130736 0.0270839 0.0341689 9.99731E-005
0.82915 9.99551E-005 0.00318106 9.99551E-005 0.167169 9.99551E-005 9.99551E-005 9.99551E-005
0.789185 9.99641E-005 9.99641E-005 0.0138695 0.165844 9.99641E-005 0.0307012 9.99641E-005
0.944255 0.016139 9.99551E-005 9.99551E-005 0.0391058 9.99551E-005 9.99551E-005 9.99551E-005
0.755147 9.99461E-005 9.99461E-005 9.99461E-005 0.244254 9.99461E-005 9.99461E-005 9.99461E-005
0.854465 0.0816779 9.99641E-005 0.0228596 0.0405975 9.99641E-005 9.99641E-005 9.99641E-005
0.947098 9.99551E-005 9.99551E-005 9.99551E-005 0.0508493 9.99551E-005 0.00155247 9.99551E-005
0.113335 0.700067 9.99731E-005 0.017293 9.99731E-005 0.0661466 9.99731E-005 0.102859
9.994E-005 9.994E-005 0.9993 9.994E-005 9.994E-005 9.994E-005 9.994E-005 9.994E-005
0.0444472 9.99548E-005 0.916416 9.99548E-005 9.99548E-005 0.0386374 9.99548E-005 9.99548E-005
0.0182987 0.926671 9.99641E-005 9.99641E-005 0.0474904 9.99641E-005 0.00713985 9.99641E-005
9.99548E-005 0.33019 0.544599 9.99548E-005 9.99548E-005 0.124711 9.99548E-005 9.99548E-005
0.0201358 0.968384 9.99551E-005 0.0109802 9.99551E-005 9.99551E-005 9.99551E-005 9.99551E-005
0.072359 0.854848 9.9982E-005 0.018058 0.00699144 0.0160075 0.0315361 9.9982E-005
0.13876 0.78561 0.000732593 0.0360115 9.99731E-005 9.99731E-005 9.99731E-005 0.0385858
9.99552E-005 0.917462 9.99552E-005 9.99552E-005 9.99552E-005 0.0165231 9.99552E-005 0.0655157
0.00666495 0.927914 9.99551E-005 9.99551E-005 9.99551E-005 9.99551E-005 9.99551E-005 0.0649217
9.9973E-005 0.811163 9.9973E-005 0.0528906 0.0694589 0.0191671 0.0470206 9.9973E-005
9.99641E-005 0.886379 0.0112794 9.99641E-005 9.99641E-005 9.99641E-005 0.00359811 0.0983435
9.99461E-005 0.988737 9.99461E-005 9.99461E-005 9.99461E-005 0.0106635 9.99461E-005 9.99461E-005
9.99461E-005 0.992669 9.99461E-005 9.99461E-005 0.0067315 9.99461E-005 9.99461E-005 9.99461E-005
9.999E-005 0.564553 0.000908382 0.0614518 0.0589268 0.0586386 0.246747 0.00867534
9.9982E-005 0.565079 0.00321754 0.038615 0.117952 0.0150845 0.259852 9.9982E-005
0.0397124 0.64371 9.9991E-005 0.0192836 0.0671637 0.00119905 0.227137 0.00169428
9.99731E-005 0.196686 0.0206631 0.0143969 9.99731E-005 0.200558 0.567396 9.99731E-005
9.99731E-005 0.147793 9.99731E-005 0.0460379 0.00116333 0.326203 0.478504 9.99731E-005
9.994E-005 9.994E-005 9.994E-005 9.994E-005 9.994E-005 9.994E-005 0.9993 9.994E-005
9.994E-005 9.994E-005 9.994E-005 9.994E-005 9.994E-005 9.994E-005 0.9993 9.994E-005
0.00950888 0.176574 9.9991E-005 0.0181939 0.0318977 0.168464 0.582865 0.012397
9.99551E-005 0.219802 9.99551E-005 9.99551E-005 9.99551E-005 0.240694 0.539004 9.99551E-005
9.99461E-005 9.99461E-005 9.99461E-005 9.99461E-005 0.0371695 9.99461E-005 0.962231 9.99461E-005
9.994E-005 9.994E-005 9.994E-005 9.994E-005 9.994E-005 9.994E-005 0.9993 9.994E-005
9.99731E-005 0.254118 0.0185885 0.0482394 9.99731E-005 0.139577 0.539177 9.99731E-005
9.994E-005 9.994E-005 9.994E-005 9.994E-005 9.994E-005 9.994E-005 0.9993 9.994E-005
9.994E-005 9.994E-005 9.994E-005 9.994E-005 9.994E-005 9.994E-005 0.9993 9.994E-005
9.994E-005 9.994E-005 9.994E-005 9.994E-005 9.994E-005 9.994E-005 0.9993 9.994E-005
9.994E-005 9.994E-005 9.994E-005 9.994E-005 9.994E-005 9.994E-005 0.9993 9.994E-005
9.99461E-005 9.99461E-005 9.99461E-005 0.0263446 9.99461E-005 9.99461E-005 0.973056 9.99461E-005
0.00563204 9.99821E-005 0.0255235 0.298166 0.574994 0.0412206 9.99821E-005 0.054264
0.875218 9.9973E-005 0.00866343 0.00963289 0.0713527 9.9973E-005 9.9973E-005 0.0348333
0.946168 9.99551E-005 9.99551E-005 0.0457651 9.99551E-005 9.99551E-005 9.99551E-005 0.00756723
9.99551E-005 9.99551E-005 9.99551E-005 0.00218112 9.99551E-005 0.946042 0.0512774 9.99551E-005
9.99551E-005 9.99551E-005 0.00392138 9.99551E-005 9.99551E-005 0.927482 0.0680965 9.99551E-005
9.99462E-005 9.99462E-005 9.99462E-005 9.99462E-005 9.99462E-005 0.950885 0.048515 9.99462E-005
9.99551E-005 0.00824754 9.99551E-005 9.99551E-005 0.0380214 0.953231 9.99551E-005 9.99551E-005
9.99552E-005 0.0456485 9.99552E-005 9.99552E-005 9.99552E-005 0.947566 0.00628569 9.99552E-005
9.99551E-005 0.00888551 9.99551E-005 0.0336644 9.99551E-005 0.95695 9.99551E-005 9.99551E-005
9.99641E-005 9.99641E-005 9.99641E-005 0.0640588 0.00504494 0.928276 0.00222061 9.99641E-005
9.99641E-005 0.0974028 9.99641E-005 9.99641E-005 9.99641E-005 0.887251 0.0108267 0.0041195
9.99641E-005 0.0522383 9.99641E-005 0.0264678 0.0113474 0.909547 9.99641E-005 9.99641E-005
9.99551E-005 0.054331 9.99551E-005 9.99551E-005 9.99551E-005 0.915474 9.99551E-005 0.0296949
9.99552E-005 9.99552E-005 9.99552E-005 0.00211282 0.0277663 0.969621 9.99552E-005 9.99552E-005
9.99641E-005 9.99641E-005 0.0635739 0.00896439 9.99641E-005 0.876429 0.0506326 9.99641E-005
9.99462E-005 0.0658395 9.99462E-005 9.99462E-005 9.99462E-005 0.933561 9.99462E-005 9.99462E-005
9.99461E-005 9.99461E-005 9.99461E-005 9.99461E-005 9.99461E-005 0.959588 0.0398127 9.99461E-005
9.99731E-005 0.00947212 9.99731E-005 9.99731E-005 0.00113842 0.966484 0.0139919 0.00861404
9.99641E-005 9.99641E-005 0.0315112 0.0151343 0.0516206 0.901334 9.99641E-005 9.99641E-005
9.99462E-005 9.99462E-005 9.99462E-005 9.99462E-005 9.99462E-005 0.911491 0.0879097 9.99462E-005
0.0354316 9.99731E-005 9.99731E-005 9.99731E-005 0.000803322 0.95034 0.011898 0.00122678
9.99552E-005 0.0448211 9.99552E-005 9.99552E-005 9.99552E-005 0.95048 0.00419862 9.99552E-005
9.99731E-005 9.99731E-005 0.0319685 0.0309264 0.0175367 0.881467 0.0378012 9.99731E-005
9.99731E-005 9.99731E-005 0.0135511 0.0112409 0.00187393 0.93359 0.0394443 9.99731E-005
9.99641E-005 9.99641E-005 0.00521973 9.99641E-005 0.0693478 0.894613 0.0304193 9.99641E-005
9.99461E-005 9.99461E-005 9.99461E-005 9.99461E-005 9.99461E-005 0.959487 9.99461E-005 0.0399138
9.99551E-005 0.137812 9.99551E-005 0.00891297 9.99551E-005 0.852775 9.99551E-005 9.99551E-005
9.99461E-005 9.99461E-005 9.99461E-005 9.99461E-005 9.99461E-005 0.983623 0.0157772 9.99461E-005
9.9973E-005 0.0499895 0.0135102 0.0106151 9.9973E-005 0.902533 9.9973E-005 0.0230522
9.99731E-005 0.200696 9.99731E-005 0.0194761 0.0148566 0.215893 0.548779 9.99731E-005
9.9982E-005 0.24327 0.0350833 0.121144 0.121959 0.141066 0.337278 9.9982E-005
0.0109288 0.228823 9.99821E-005 0.0392459 0.00697188 0.315176 0.398655 9.99821E-005
0.0565187 9.99731E-005 0.00217322 9.99731E-005 0.879523 9.99731E-005 0.0443162 0.0171688
9.994E-005 9.994E-005 9.994E-005 9.994E-005 0.9993 9.994E-005 9.994E-005 9.994E-005
0.0303859 0.027805 9.99641E-005 0.000881753 0.940528 9.99641E-005 9.99641E-005 9.99641E-005
9.9946E-005 9.9946E-005 9.9946E-005 0.008442 0.990958 9.9946E-005 9.9946E-005 9.9946E-005
0.0998342 9.99461E-005 9.99461E-005 9.99461E-005 0.899566 9.99461E-005 9.99461E-005 9.99461E-005
0.0113474 9.99461E-005 9.99461E-005 9.99461E-005 0.988053 9.99461E-005 9.99461E-005 9.99461E-005
0.199458 0.0312236 0.0194055 0.086213 0.565415 9.9991E-005 0.0212937 0.076891
0.981105 9.99461E-005 0.018295 9.99461E-005 9.99461E-005 9.99461E-005 9.99461E-005 9.99461E-005
0.9993 9.994E-005 9.994E-005 9.994E-005 9.994E-005 9.994E-005 9.994E-005 9.994E-005
0.877905 9.99641E-005 9.99641E-005 0.071896 9.99641E-005 9.99641E-005 0.0453891 0.00441047
9.99551E-005 9.99551E-005 9.99551E-005 0.124987 0.393445 0.481068 9.99551E-005 9.99551E-005
0.0450156 0.11115 0.0932197 0.0936101 0.137438 0.0656813 9.9991E-005 0.453785
0.00490119 9.99819E-005 0.728266 0.0381479 9.99819E-005 0.0532082 0.0622997 0.112977
9.99641E-005 0.717628 9.99641E-005 0.00118496 9.99641E-005 0.117155 0.163632 9.99641E-005
9.99641E-005 0.665365 9.99641E-005 0.0184924 9.99641E-005 9.99641E-005 0.238648 0.0770947
9.99457E-005 9.99457E-005 0.661429 9.99457E-005 9.99457E-005 0.337971 9.99457E-005 9.99457E-005
9.99731E-005 0.0228293 9.99731E-005 0.00620583 0.0165238 0.947206 0.00693482 9.99731E-005
0.0334973 9.99552E-005 9.99552E-005 9.99552E-005 0.000701473 0.965301 9.99552E-005 9.99552E-005
9.9982E-005 9.9982E-005 0.0575785 0.00998849 0.000746256 0.887883 0.0194937 0.0241104
0.0108842 9.99462E-005 9.99462E-005 9.99462E-005 9.99462E-005 0.988516 9.99462E-005 9.99462E-005
9.99641E-005 0.0561782 0.000571895 9.99641E-005 0.0240887 0.918761 9.99641E-005 9.99641E-005
9.99551E-005 0.0713722 9.99551E-005 9.99551E-005 9.99551E-005 0.90973 0.0183982 9.99551E-005
0.0153702 9.99641E-005 9.99641E-005 9.99641E-005 0.00528689 0.941592 0.037351 9.99641E-005
9.99462E-005 9.99462E-005 9.99462E-005 0.00983439 9.99462E-005 0.989566 9.99462E-005 9.99462E-005
0.0436474 9.99641E-005 9.99641E-005 9.99641E-005 9.99641E-005 0.937014 0.0140458 0.00489274
9.99551E-005 0.01303 9.99551E-005 9.99551E-005 9.99551E-005 0.933947 0.0525234 9.99551E-005
0.0107656 9.99552E-005 9.99552E-005 9.99552E-005 0.0156044 0.97313 9.99552E-005 9.99552E-005
0.0193787 9.99641E-005 9.99641E-005 9.99641E-005 0.0160845 0.937628 0.0265094 9.99641E-005
0.0402222 9.99731E-005 9.99731E-005 0.00495775 0.0261231 0.914791 0.0136063 9.99731E-005
9.99551E-005 0.022824 9.99551E-005 0.0390691 9.99551E-005 0.937607 9.99551E-005 9.99551E-005
9.99641E-005 0.0592347 0.0274298 0.00173079 9.99641E-005 0.911205 9.99641E-005 9.99641E-005
0.0115285 9.99821E-005 9.99821E-005 0.284926 0.488764 0.0273622 0.0773277 0.109892
0.00629689 9.9982E-005 9.9982E-005 0.290349 0.409752 0.0472179 0.0253702 0.220813
0.143633 9.9982E-005 9.9982E-005 0.3171 0.182457 0.00749601 0.0742708 0.274843
0.992756 9.99462E-005 9.99462E-005 9.99462E-005 9.99462E-005 0.00664408 9.99462E-005 9.99462E-005
0.99031 9.99462E-005 9.99462E-005 0.00909044 9.99462E-005 9.99462E-005 9.99462E-005 9.99462E-005
0.926668 0.0391332 9.99552E-005 9.99552E-005 0.0336988 9.99552E-005 9.99552E-005 9.99552E-005
0.846801 0.0517242 9.9973E-005 0.0213772 0.0767664 9.9973E-005 9.9973E-005 0.00303087
9.99552E-005 0.789181 9.99552E-005 0.0264053 9.99552E-005 9.99552E-005 0.183913 9.99552E-005
9.99641E-005 0.734268 9.99641E-005 0.0190743 0.0477391 9.99641E-005 0.198519 9.99641E-005
0.0106773 0.53392 0.0202366 0.0123294 0.148164 0.0150931 0.25948 9.9991E-005
0.0109662 0.0694293 9.9991E-005 0.327912 0.429669 0.0277864 0.0161858 0.11795
9.9982E-005 0.0789813 0.0405804 0.318724 0.49627 9.9982E-005 0.00511324 0.0601305
9.9991E-005 0.0485776 0.00415929 0.225587 0.378902 0.100504 0.0299907 0.21218
9.9982E-005 9.9982E-005 0.0819047 0.303912 0.418196 0.0749683 0.0293283 0.09149
