9.99641E-005 0.0106332 9.99641E-005 0.925763 9.99641E-005 0.0504376 0.0127662 9.99641E-005
9.99461E-005 0.0101452 9.99461E-005 0.989255 9.99461E-005 9.99461E-005 9.99461E-005 9.99461E-005
0.135552 0.0281695 9.99551E-005 0.835779 9.99551E-005 9.99551E-005 9.99551E-005 9.99551E-005
0.00957196 9.99821E-005 9.99821E-005 0.72627 0.126732 0.0648941 0.0170773 0.0552544
0.0222635 9.99551E-005 9.99551E-005 0.902129 9.99551E-005 0.0751082 9.99551E-005 9.99551E-005
9.994E-005 9.994E-005 9.994E-005 0.9993 9.994E-005 9.994E-005 9.994E-005 9.994E-005
9.994E-005 9.994E-005 9.994E-005 0.9993 9.994E-005 9.994E-005 9.994E-005 9.994E-005
9.997E-005 9.997E-005 9.997E-005 0.748469 0.115595 0.0356952 0.0144837 0.0854576
9.996E-005 9.996E-005 0.0663641 0.816797 0.0728501 9.996E-005 9.996E-005 0.0435884
9.99551E-005 9.99551E-005 0.0827483 0.819065 0.0976871 9.99551E-005 9.99551E-005 9.99551E-005
9.99462E-005 9.99462E-005 0.0639627 0.935438 9.99462E-005 9.99462E-005 9.99462E-005 9.99462E-005
0.0452726 0.0773233 9.99731E-005 0.604325 0.109502 0.163278 9.99731E-005 9.99731E-005
0.120181 0.0204735 0.0124161 0.65465 0.0568101 0.048449 0.0131061 0.0739142
0.162069 9.99731E-005 0.0528841 0.683695 9.99731E-005 0.0748337 0.026218 9.99731E-005
0.0627132 9.9991E-005 0.0184685 0.377006 0.149994 0.073604 0.0732184 0.244896
0.240423 9.9982E-005 9.9982E-005 0.49574 0.172656 0.0103015 0.0246901 0.0559891
0.135566 0.0139474 9.9982E-005 0.573236 0.102753 0.10463 9.9982E-005 0.0696675
0.242328 9.9973E-005 9.9973E-005 0.482121 0.129696 0.0820543 9.9973E-005 0.0635016
0.108305 0.556998 9.99731E-005 0.0696749 0.244026 0.0206966 9.99731E-005 9.99731E-005
9.996E-005 0.0535046 9.996E-005 0.0445634 0.883292 0.0182404 9.996E-005 9.996E-005
9.99461E-005 0.121261 9.99461E-005 9.99461E-005 0.87814 9.99461E-005 9.99461E-005 9.99461E-005
0.00633814 0.259914 0.0250457 0.0641162 0.644286 9.99731E-005 9.99731E-005 9.99731E-005
9.99551E-005 0.0613425 0.0291527 9.99551E-005 0.909005 9.99551E-005 9.99551E-005 9.99551E-005
9.994E-005 0.9993 9.994E-005 9.994E-005 9.994E-005 9.994E-005 9.994E-005 9.994E-005
9.994E-005 0.9993 9.994E-005 9.994E-005 9.994E-005 9.994E-005 9.994E-005 9.994E-005
9.994E-005 0.9993 9.994E-005 9.994E-005 9.994E-005 9.994E-005 9.994E-005 9.994E-005
0.0221324 0.105553 0.0409611 0.0298096 0.687616 0.0923806 0.0140616 0.00748547
9.99551E-005 0.763375 9.99551E-005 9.99551E-005 0.227767 9.99551E-005 0.00835881 9.99551E-005
0.0306241 0.0389143 9.99641E-005 9.99641E-005 0.892789 9.99641E-005 9.99641E-005 0.0372729
9.994E-005 0.9993 9.994E-005 9.994E-005 9.994E-005 9.994E-005 9.994E-005 9.994E-005
9.99641E-005 0.184185 9.99641E-005 0.0724018 0.742402 9.99641E-005 0.000611399 9.99641E-005
9.994E-005 0.9993 9.994E-005 9.994E-005 9.994E-005 9.994E-005 9.994E-005 9.994E-005
0.126095 0.136878 9.99551E-005 9.99551E-005 0.736528 9.99551E-005 9.99551E-005 9.99551E-005
9.99551E-005 0.280628 9.99551E-005 9.99551E-005 0.698364 9.99551E-005 0.0205079 9.99551E-005
0.0120946 0.176939 0.0133472 9.9982E-005 0.744221 0.031044 0.0221549 9.9982E-005
9.99551E-005 0.148205 9.99551E-005 0.0168271 0.834468 9.99551E-005 9.99551E-005 9.99551E-005
9.99731E-005 0.135823 0.00130221 0.0232327 0.745649 9.99731E-005 9.99731E-005 0.0936931
0.0808295 9.99821E-005 0.0606546 0.0667242 0.0467166 0.743994 0.000881316 9.99821E-005
9.994E-005 9.994E-005 9.994E-005 9.994E-005 9.994E-005 0.9993 9.994E-005 9.994E-005
0.0982369 0.0295917 0.00336915 0.00666751 9.99821E-005 0.815742 0.0461932 9.99821E-005
0.129509 9.99551E-005 0.00937581 9.99551E-005 9.99551E-005 0.860616 9.99551E-005 9.99551E-005
0.216166 0.0213983 9.99641E-005 9.99641E-005 9.99641E-005 0.732143 0.0298932 9.99641E-005
0.0470689 0.00838722 9.99551E-005 9.99551E-005 9.99551E-005 0.944044 9.99551E-005 9.99551E-005
0.201466 9.99461E-005 9.99461E-005 9.99461E-005 9.99461E-005 0.797935 9.99461E-005 9.99461E-005
0.0379019 0.0252589 9.99731E-005 0.0445393 9.99731E-005 0.832337 9.99731E-005 0.0596633
0.0474806 0.0194064 9.99551E-005 9.99551E-005 9.99551E-005 0.932613 9.99551E-005 9.99551E-005
0.0667589 0.0423208 0.147135 0.147734 9.9991E-005 0.0988321 0.0648399 0.432279
9.994E-005 9.994E-005 9.994E-005 9.994E-005 9.994E-005 9.994E-005 9.994E-005 0.9993
9.99642E-005 9.99642E-005 0.150197 9.99642E-005 0.0147815 0.055818 9.99642E-005 0.778803
0.192695 9.9973E-005 0.0665 9.9973E-005 9.9973E-005 0.0041511 0.108623 0.627731
9.9946E-005 9.9946E-005 0.192854 9.9946E-005 9.9946E-005 9.9946E-005 9.9946E-005 0.806546
9.9982E-005 0.0470746 0.0085266 0.0641493 9.9982E-005 0.054434 0.10707 0.718546
0.00666263 9.9982E-005 0.0811367 9.9982E-005 0.168648 0.0673051 0.126599 0.549449
0.00537868 0.0213494 0.0722418 0.101304 9.9991E-005 0.166471 0.0945234 0.538632
9.9982E-005 0.00121855 0.110745 0.160011 9.9982E-005 0.000390665 0.0910506 0.636384
0.0277789 9.9982E-005 0.0542767 0.114019 9.9982E-005 0.0397694 0.0578765 0.706079
0.16073 0.0614969 0.0861104 9.9982E-005 9.9982E-005 0.00773748 0.141669 0.542057
0.0531289 9.9973E-005 0.00347211 0.10924 9.9973E-005 9.9973E-005 0.141045 0.692814
0.0494867 0.00970978 0.110199 0.0124374 9.9982E-005 9.9982E-005 0.111911 0.706055
0.0524026 9.9973E-005 0.0562791 9.9973E-005 0.0949032 9.9973E-005 0.108288 0.687827
9.997E-005 9.997E-005 0.120598 0.0254247 0.243125 9.997E-005 0.301717 0.308836
0.0134 9.9982E-005 0.0502603 0.00787363 0.287923 9.9982E-005 0.315587 0.324756
0.0393897 0.00703345 0.0754089 0.0618576 0.101451 0.0511582 0.297466 0.366235
0.00537505 0.00922831 0.217603 9.99821E-005 0.0410694 9.99821E-005 0.614437 0.112088
0.0403384 0.0735419 0.38676 9.99641E-005 9.99641E-005 9.99641E-005 0.49896 9.99641E-005
9.994E-005 9.994E-005 9.994E-005 9.994E-005 9.994E-005 9.994E-005 0.9993 9.994E-005
9.994E-005 9.994E-005 9.994E-005 9.994E-005 9.994E-005 9.994E-005 0.9993 9.994E-005
9.99731E-005 9.99731E-005 0.206949 9.99731E-005 0.126711 0.0102521 0.604622 0.0511656
9.99641E-005 9.99641E-005 0.280441 9.99641E-005 0.0373138 9.99641E-005 0.590224 0.0916207
0.0232728 9.99461E-005 9.99461E-005 9.99461E-005 9.99461E-005 9.99461E-005 0.976128 9.99461E-005
9.994E-005 9.994E-005 9.994E-005 9.994E-005 9.994E-005 9.994E-005 0.9993 9.994E-005
9.99641E-005 9.99641E-005 0.174991 9.99641E-005 0.163099 9.99641E-005 0.566092 0.0954183
9.994E-005 9.994E-005 9.994E-005 9.994E-005 9.994E-005 9.994E-005 0.9993 9.994E-005
9.994E-005 9.994E-005 9.994E-005 9.994E-005 9.994E-005 9.994E-005 0.9993 9.994E-005
9.994E-005 9.994E-005 9.994E-005 9.994E-005 9.994E-005 9.994E-005 0.9993 9.994E-005
9.994E-005 9.994E-005 9.994E-005 9.994E-005 9.994E-005 9.994E-005 0.9993 9.994E-005
9.99461E-005 0.0252543 9.99461E-005 9.99461E-005 9.99461E-005 9.99461E-005 0.974146 9.99461E-005
0.0558494 9.99462E-005 9.99462E-005 9.99462E-005 0.943551 9.99462E-005 9.99462E-005 9.99462E-005
0.138359 0.021458 9.99551E-005 9.99551E-005 9.99551E-005 0.839683 9.99551E-005 9.99551E-005
0.0218152 0.0427296 9.99551E-005 9.99551E-005 9.99551E-005 0.934955 9.99551E-005 9.99551E-005
9.99551E-005 0.00651335 0.957064 9.99551E-005 9.99551E-005 9.99551E-005 0.0359226 9.99551E-005
9.99462E-005 9.99462E-005 0.932013 9.99462E-005 9.99462E-005 9.99462E-005 0.0673878 9.99462E-005
9.99462E-005 9.99462E-005 0.979459 9.99462E-005 9.99462E-005 9.99462E-005 0.0199416 9.99462E-005
0.034646 9.99461E-005 0.964754 9.99461E-005 9.99461E-005 9.99461E-005 9.99461E-005 9.99461E-005
9.99552E-005 9.99552E-005 0.934835 9.99552E-005 9.99552E-005 9.99552E-005 0.0198255 0.04484
9.99551E-005 0.0306824 0.966885 9.99551E-005 9.99551E-005 9.99551E-005 0.00193265 9.99551E-005
9.99641E-005 0.028531 0.933846 9.99641E-005 0.0330408 9.99641E-005 0.00418236 9.99641E-005
9.99641E-005 9.99641E-005 0.946014 0.0241085 9.99641E-005 0.0237044 0.00577348 9.99641E-005
9.995E-005 0.00477939 0.933792 9.995E-005 0.0609287 9.995E-005 9.995E-005 9.995E-005
0.00952587 9.99641E-005 0.936115 0.037245 9.99641E-005 9.99641E-005 9.99641E-005 0.0167146
0.0157572 9.99462E-005 0.983643 9.99462E-005 9.99462E-005 9.99462E-005 9.99462E-005 9.99462E-005
9.99552E-005 9.99552E-005 0.916444 9.99552E-005 9.99552E-005 9.99552E-005 0.002546 0.0805103
9.99551E-005 9.99551E-005 0.981661 0.0171947 9.99551E-005 9.99551E-005 9.99551E-005 0.000644469
9.99461E-005 9.99461E-005 0.963867 9.99461E-005 9.99461E-005 9.99461E-005 0.0355337 9.99461E-005
9.99551E-005 9.99551E-005 0.970606 0.00376146 0.0251323 9.99551E-005 9.99551E-005 9.99551E-005
0.0827851 9.99551E-005 0.911077 9.99551E-005 0.00563812 9.99551E-005 9.99551E-005 9.99551E-005
9.99461E-005 9.99461E-005 0.929712 9.99461E-005 9.99461E-005 9.99461E-005 0.0696888 9.99461E-005
9.99641E-005 9.99641E-005 0.946638 0.00628287 9.99641E-005 0.0460844 0.000594755 9.99641E-005
9.99552E-005 9.99552E-005 0.976251 9.99552E-005 9.99552E-005 9.99552E-005 0.0159669 0.00728239
9.995E-005 9.995E-005 0.89803 9.995E-005 0.0813605 9.995E-005 0.0201093 9.995E-005
9.99551E-005 9.99551E-005 0.949685 9.99551E-005 0.0213605 9.99551E-005 0.0284552 9.99551E-005
0.0791345 9.99551E-005 0.913443 9.99551E-005 9.99551E-005 9.99551E-005 0.00692285 9.99551E-005
9.99461E-005 9.99461E-005 0.956642 0.0427578 9.99461E-005 9.99461E-005 9.99461E-005 9.99461E-005
9.99551E-005 0.020816 0.871056 9.99551E-005 9.99551E-005 9.99551E-005 9.99551E-005 0.107628
0.00361719 9.995E-005 0.98205 9.995E-005 9.995E-005 9.995E-005 0.013833 9.995E-005
9.996E-005 0.00308099 0.908177 0.0337333 9.996E-005 9.996E-005 9.996E-005 0.0546084
0.0452146 0.0057325 0.255872 9.998E-005 0.052968 9.998E-005 0.582989 0.0570237
0.0061151 0.00972559 0.181688 9.998E-005 0.359232 9.998E-005 0.329594 0.113445
0.00854663 0.035344 0.367765 9.99821E-005 0.111504 9.99821E-005 0.421671 0.0549702
0.750675 9.997E-005 9.997E-005 0.0346924 0.111628 0.0638197 0.0388853 9.997E-005
0.9993 9.994E-005 9.994E-005 9.994E-005 9.994E-005 9.994E-005 9.994E-005 9.994E-005
0.994422 9.99462E-005 9.99462E-005 9.99462E-005 9.99462E-005 9.99462E-005 9.99462E-005 0.0049784
0.9993 9.994E-005 9.994E-005 9.994E-005 9.994E-005 9.994E-005 9.994E-005 9.994E-005
0.925782 9.99461E-005 9.99461E-005 9.99461E-005 9.99461E-005 0.0736185 9.99461E-005 9.99461E-005
0.9993 9.994E-005 9.994E-005 9.994E-005 9.994E-005 9.994E-005 9.994E-005 9.994E-005
0.522853 0.0391809 9.999E-005 0.0703674 0.135331 0.181663 0.028233 0.0222723
9.994E-005 9.994E-005 9.994E-005 9.994E-005 9.994E-005 0.9993 9.994E-005 9.994E-005
9.994E-005 9.994E-005 9.994E-005 9.994E-005 9.994E-005 0.9993 9.994E-005 9.994E-005
9.99641E-005 0.0770746 0.0074437 9.99641E-005 9.99641E-005 0.892672 0.0224102 9.99641E-005
0.159584 0.0208855 0.45063 9.997E-005 0.355651 0.0129491 9.997E-005 9.997E-005
0.0812249 0.0557192 0.0710462 0.430383 0.151319 0.0366415 9.999E-005 0.173566
0.0234238 0.0543737 0.167604 0.0990924 0.0615476 9.999E-005 0.0257669 0.568091
0.0227575 0.0124682 0.169076 9.9982E-005 0.0702841 9.9982E-005 0.247003 0.478212
9.998E-005 0.00469266 0.0601994 0.154025 0.084385 9.998E-005 0.359913 0.336585
9.99462E-005 9.99462E-005 0.612605 9.99462E-005 9.99462E-005 9.99462E-005 9.99462E-005 0.386796
9.997E-005 0.00324858 0.95445 0.00487623 9.997E-005 0.00744806 0.029677 9.997E-005
9.99462E-005 9.99462E-005 0.953865 9.99462E-005 9.99462E-005 0.0455353 9.99462E-005 9.99462E-005
9.99731E-005 0.00116083 0.918603 0.0369472 0.0302943 9.99731E-005 0.0126947 9.99731E-005
9.99462E-005 9.99462E-005 0.988407 9.99462E-005 9.99462E-005 0.0109929 9.99462E-005 9.99462E-005
0.0185005 0.000111221 0.940422 9.99641E-005 9.99641E-005 9.99641E-005 9.99641E-005 0.0405665
0.00202582 9.99731E-005 0.947218 0.000158121 9.99731E-005 9.99731E-005 0.0210746 0.029224
0.0397599 0.00199426 0.93764 0.000704921 9.99731E-005 9.99731E-005 0.0196014 9.99731E-005
0.00508626 0.000447037 0.993967 9.99551E-005 9.99551E-005 9.99551E-005 9.99551E-005 9.99551E-005
0.0179722 9.99641E-005 0.940116 9.99641E-005 9.99641E-005 0.0352933 0.00621912 9.99641E-005
9.99551E-005 9.99551E-005 0.945882 9.99551E-005 9.99551E-005 0.00384449 0.0497739 9.99551E-005
0.000907134 9.99641E-005 0.968069 9.99641E-005 0.0303216 0.000302481 9.99641E-005 9.99641E-005
9.99551E-005 9.99551E-005 0.944458 9.99551E-005 0.0355199 9.99551E-005 0.0195226 9.99551E-005
9.99461E-005 9.99461E-005 0.893383 9.99461E-005 0.106018 9.99461E-005 9.99461E-005 9.99461E-005
0.0144967 0.0338849 0.942086 9.99641E-005 9.99641E-005 9.99641E-005 9.99641E-005 0.00913296
9.99552E-005 0.00218021 0.917468 9.99552E-005 9.99552E-005 9.99552E-005 9.99552E-005 0.0798519
0.154497 0.070525 9.99731E-005 0.0509173 0.666665 9.99731E-005 0.0570961 9.99731E-005
0.0265571 0.0558082 9.99731E-005 0.102103 0.812636 0.00259603 9.99731E-005 9.99731E-005
9.99731E-005 0.103129 9.99731E-005 0.168389 0.591754 0.117291 0.0191372 9.99731E-005
9.994E-005 9.994E-005 9.994E-005 9.994E-005 9.994E-005 0.9993 9.994E-005 9.994E-005
9.99461E-005 0.0212469 9.99461E-005 9.99461E-005 9.99461E-005 0.978153 9.99461E-005 9.99461E-005
0.0174146 9.99552E-005 9.99552E-005 9.99552E-005 0.053653 0.928433 9.99552E-005 9.99552E-005
0.0509174 0.0395971 9.99731E-005 9.99731E-005 9.99731E-005 0.884598 0.00450996 0.0200772
9.9973E-005 9.9973E-005 0.0574818 0.0653128 0.134622 9.9973E-005 0.281025 0.461258
0.0774868 0.0189349 0.0729733 0.0364851 0.0352254 9.999E-005 0.289286 0.469508
0.0268166 9.999E-005 0.0500048 0.00133217 0.214571 0.0511061 0.329427 0.326642
0.0800752 0.0665104 9.998E-005 0.0324229 0.779726 0.0357154 0.00535027 9.998E-005
0.027142 0.00534234 9.997E-005 9.997E-005 0.946201 0.00333693 9.997E-005 0.017678
0.0461574 0.0163991 0.0690705 0.127326 0.717284 9.9991E-005 0.0225262 0.00113658
9.99641E-005 0.00372974 0.0361916 9.99641E-005 0.951631 9.99641E-005 0.00804796 9.99641E-005
