9.9982E-005 9.9982E-005 0.0568049 0.913224 0.00777229 0.0219987
9.996E-005 9.996E-005 9.996E-005 0.9995 9.996E-005 9.996E-005
9.99641E-005 9.99641E-005 9.99641E-005 0.968731 9.99641E-005 0.0308692
0.0182777 9.9991E-005 0.0933053 0.750501 0.0889661 0.0488495
9.99731E-005 9.99731E-005 0.10756 0.885714 9.99731E-005 0.00642607
9.996E-005 9.996E-005 9.996E-005 0.9995 9.996E-005 9.996E-005
9.9964E-005 9.9964E-005 9.9964E-005 0.986321 9.9964E-005 0.0132792
0.0459236 9.9991E-005 0.0769683 0.777704 0.0955454 0.00375931
9.9973E-005 0.0652206 9.9973E-005 0.8986 0.0358794 9.9973E-005
9.99641E-005 0.0941188 9.99641E-005 0.905481 9.99641E-005 9.99641E-005
9.99641E-005 0.0897635 9.99641E-005 0.909837 9.99641E-005 9.99641E-005
0.00535612 9.9991E-005 0.208067 0.637996 0.00311925 0.145362
0.00810759 0.0363476 0.0901349 0.780862 0.0518803 0.0326673
0.0282353 0.0513258 0.2164 0.70144 0.00249923 9.9991E-005
0.0833627 0.0166946 0.135291 0.455985 0.234337 0.0743293
0.0237602 9.9991E-005 0.195662 0.602257 0.122021 0.0561995
9.99821E-005 9.99821E-005 0.213368 0.654025 0.0521718 0.0802353
9.9982E-005 9.9982E-005 0.304383 0.552715 0.0918154 0.0508868
9.9982E-005 0.00761311 0.136707 0.129768 9.9982E-005 0.725713
9.99821E-005 0.0376351 0.212998 0.329736 9.99821E-005 0.419431
9.99821E-005 9.99821E-005 0.238618 0.203137 0.0451426 0.512903
0.00194018 0.0672244 0.151303 0.23172 9.9991E-005 0.547713
9.999E-005 0.127679 0.173154 0.217353 0.0301435 0.45157
9.996E-005 9.996E-005 9.996E-005 9.996E-005 9.996E-005 0.9995
9.996E-005 9.996E-005 9.996E-005 9.996E-005 9.996E-005 0.9995
9.996E-005 9.996E-005 9.996E-005 9.996E-005 9.996E-005 0.9995
0.0109719 0.101748 0.262752 0.214366 0.0163297 0.393833
0.00746804 9.9973E-005 9.9973E-005 0.0334069 9.9973E-005 0.958825
0.0140878 9.9991E-005 0.175361 0.254114 0.144295 0.412043
9.996E-005 9.996E-005 9.996E-005 9.996E-005 9.996E-005 0.9995
0.0387915 0.0180008 0.127312 0.274522 0.0454803 0.495893
9.996E-005 9.996E-005 9.996E-005 9.996E-005 9.996E-005 0.9995
0.0193524 0.0155634 0.280149 0.237221 9.9991E-005 0.447614
0.0298428 0.0444141 0.123841 0.198328 9.9991E-005 0.603473
0.0175825 0.0911937 0.227009 0.159695 9.9991E-005 0.50442
0.043639 9.9982E-005 0.162527 0.288018 9.9982E-005 0.505615
0.016586 0.0467644 0.120135 0.277278 0.10257 0.436666
0.0168059 0.0480965 0.816525 0.115925 9.9991E-005 0.00254758
9.996E-005 9.996E-005 0.9995 9.996E-005 9.996E-005 9.996E-005
0.0425701 0.0197348 0.892375 9.99821E-005 9.99821E-005 0.0451206
9.99641E-005 0.00197918 0.997621 9.99641E-005 9.99641E-005 9.99641E-005
0.0178666 9.9991E-005 0.910107 0.0195265 0.0157603 0.0366397
9.996E-005 9.996E-005 0.9995 9.996E-005 9.996E-005 9.996E-005
9.99641E-005 9.99641E-005 0.992157 0.00744275 9.99641E-005 9.99641E-005
9.9982E-005 9.9982E-005 0.883307 0.02601 0.0508745 0.0396084
9.99641E-005 9.99641E-005 0.996407 9.99641E-005 9.99641E-005 0.00319286
0.0788718 0.145305 0.120648 0.11977 0.49548 0.0399241
9.996E-005 9.996E-005 9.996E-005 9.996E-005 0.9995 9.996E-005
9.99821E-005 0.16238 0.0396052 9.99821E-005 0.788526 0.00928877
0.126372 0.0445565 0.128449 0.0299375 0.670586 9.9991E-005
9.9964E-005 0.217342 9.9964E-005 9.9964E-005 0.782258 9.9964E-005
0.114862 0.0221649 0.0480147 9.9991E-005 0.792106 0.0227526
0.147004 0.0829866 0.086161 0.0260558 0.615752 0.0420405
0.0977462 0.0749817 0.122272 0.0860314 0.588141 0.0308276
0.083276 0.103341 9.9982E-005 0.108654 0.704529 9.9982E-005
0.0695076 0.0230609 0.0290785 0.114274 0.763979 9.9991E-005
0.178423 0.0673694 0.0660215 0.0381343 0.583966 0.0660859
0.130464 0.0089052 9.9982E-005 0.116378 0.744053 9.9982E-005
0.108444 0.101434 9.9982E-005 0.0287103 0.761212 9.9982E-005
0.110329 0.0646361 0.00778877 0.0554018 0.736894 0.0249506
0.309413 0.123102 0.0213611 0.0987566 0.37558 0.0717866
0.337139 0.0741252 0.0573398 0.0881673 0.376029 0.0671991
0.313925 0.0645191 0.0937551 0.0818409 0.417228 0.028732
0.595228 0.247535 9.9991E-005 0.0192746 0.102918 0.0349437
0.514436 0.382857 0.0257775 9.9991E-005 0.00801233 0.0688167
0.9995 9.996E-005 9.996E-005 9.996E-005 9.996E-005 9.996E-005
0.9995 9.996E-005 9.996E-005 9.996E-005 9.996E-005 9.996E-005
0.57359 0.247398 0.0293778 0.0566013 0.0616706 0.0313616
0.5936 0.283303 9.9982E-005 9.9982E-005 0.110953 0.0119439
0.994323 9.99641E-005 0.00527687 9.99641E-005 9.99641E-005 9.99641E-005
0.9995 9.996E-005 9.996E-005 9.996E-005 9.996E-005 9.996E-005
0.583785 0.188886 9.9991E-005 0.0703703 0.108222 0.0486363
0.9995 9.996E-005 9.996E-005 9.996E-005 9.996E-005 9.996E-005
0.9995 9.996E-005 9.996E-005 9.996E-005 9.996E-005 9.996E-005
0.9995 9.996E-005 9.996E-005 9.996E-005 9.996E-005 9.996E-005
0.9995 9.996E-005 9.996E-005 9.996E-005 9.996E-005 9.996E-005
0.986677 9.9964E-005 9.9964E-005 9.9964E-005 9.9964E-005 0.0129234
0.00363845 0.0568868 0.303747 0.288779 0.000759959 0.346188
9.9973E-005 9.9973E-005 0.928359 0.0264491 9.9973E-005 0.0448922
9.99641E-005 9.99641E-005 0.942983 9.99641E-005 9.99641E-005 0.0566175
0.0455072 0.954093 9.99641E-005 9.99641E-005 9.99641E-005 9.99641E-005
0.0512497 0.94835 9.99641E-005 9.99641E-005 9.99641E-005 9.99641E-005
0.0164207 0.983179 9.99641E-005 9.99641E-005 9.99641E-005 9.99641E-005
9.99641E-005 0.98297 0.0166302 9.99641E-005 9.99641E-005 9.99641E-005
0.0193135 0.931213 9.99731E-005 9.99731E-005 0.0491739 9.99731E-005
0.00166135 0.970554 9.9973E-005 9.9973E-005 9.9973E-005 0.0274848
0.0211581 0.932026 9.99731E-005 9.99731E-005 9.99731E-005 0.0465163
0.0245496 0.939903 9.99821E-005 0.0342884 0.00105903 9.99821E-005
9.99731E-005 0.938329 0.00732302 9.99731E-005 9.99731E-005 0.0540482
9.99641E-005 0.958628 9.99641E-005 0.0409721 9.99641E-005 9.99641E-005
0.000785717 0.99457 0.00405586 9.99821E-005 9.99821E-005 0.000388087
0.0188926 0.89186 9.99731E-005 9.99731E-005 0.0889471 9.99731E-005
9.99641E-005 0.977412 9.99641E-005 9.99641E-005 0.0221885 9.99641E-005
0.0382698 0.96133 9.99641E-005 9.99641E-005 9.99641E-005 9.99641E-005
0.00698606 0.981603 9.99731E-005 0.011111 9.99731E-005 9.99731E-005
9.9982E-005 0.93352 0.0023317 0.0308574 9.9982E-005 0.0330909
0.0709606 0.928639 9.99641E-005 9.99641E-005 9.99641E-005 9.99641E-005
9.99731E-005 0.966946 0.0267196 0.00603482 9.99731E-005 9.99731E-005
0.0114186 0.980147 9.99731E-005 9.99731E-005 0.00813427 9.99731E-005
0.0201747 0.929876 9.99731E-005 9.99731E-005 9.99731E-005 0.0496495
0.0146672 0.977712 9.99731E-005 9.99731E-005 9.99731E-005 0.00732077
0.05634 0.911355 0.0137591 0.0183458 9.99821E-005 9.99821E-005
9.99641E-005 0.968588 9.99641E-005 0.0310124 9.99641E-005 9.99641E-005
9.99731E-005 0.889698 9.99731E-005 9.99731E-005 0.0966634 0.0133388
0.0212001 0.9784 9.99641E-005 9.99641E-005 9.99641E-005 9.99641E-005
9.9982E-005 0.925241 9.9982E-005 0.00325484 0.0444063 0.026898
0.605478 0.262795 9.9991E-005 0.00101182 0.0724035 0.0582124
0.381763 0.196181 0.0328793 0.0579046 0.155603 0.17567
0.424493 0.381756 0.00666406 0.0395132 0.0811016 0.0664721
0.0745195 9.99821E-005 0.583696 0.298569 9.99821E-005 0.0430151
9.99731E-005 0.0162707 0.700032 0.283397 9.99731E-005 9.99731E-005
0.0221115 9.9991E-005 0.672646 0.256977 0.0147759 0.0333892
0.012802 9.9982E-005 0.599839 0.331488 9.9982E-005 0.0556714
0.0199741 9.99821E-005 0.767949 0.20374 9.99821E-005 0.00813672
9.99731E-005 9.99731E-005 0.671851 0.316526 9.99731E-005 0.0113239
0.0494889 9.9991E-005 0.546346 0.268015 0.0216196 0.11443
9.99641E-005 9.99641E-005 0.995627 9.99641E-005 9.99641E-005 0.00397278
9.996E-005 9.996E-005 0.9995 9.996E-005 9.996E-005 9.996E-005
0.0256333 9.99731E-005 0.878968 9.99731E-005 9.99731E-005 0.0950986
9.99731E-005 0.507387 0.308234 9.99731E-005 9.99731E-005 0.184079
9.9991E-005 0.0642826 0.0919349 0.484784 0.215889 0.14301
0.0255229 0.217634 0.00201229 0.167234 0.514787 0.0728101
0.248 0.177773 0.0145456 9.9991E-005 0.521613 0.0379681
0.365776 0.0356169 9.9991E-005 0.14855 0.436205 0.0137508
9.99642E-005 0.666188 9.99642E-005 9.99642E-005 0.333412 9.99642E-005
0.0194981 0.969041 0.0111605 9.99731E-005 9.99731E-005 9.99731E-005
9.99641E-005 0.96735 0.0322505 9.99641E-005 9.99641E-005 9.99641E-005
9.9982E-005 0.915214 9.9982E-005 0.041429 0.0321773 0.0109799
9.996E-005 0.9995 9.996E-005 9.996E-005 9.996E-005 9.996E-005
9.99641E-005 0.947031 9.99641E-005 9.99641E-005 0.0525694 9.99641E-005
0.0271536 0.932821 9.99731E-005 9.99731E-005 0.0397252 9.99731E-005
0.0350178 0.946931 0.0177509 9.99731E-005 9.99731E-005 9.99731E-005
9.99641E-005 0.992391 9.99641E-005 9.99641E-005 9.99641E-005 0.00720877
0.0118066 0.955699 0.0321947 9.99731E-005 9.99731E-005 9.99731E-005
0.0526648 0.943802 9.99731E-005 9.99731E-005 9.99731E-005 0.00323343
9.99641E-005 0.987273 0.0123273 9.99641E-005 9.99641E-005 9.99641E-005
0.0309043 0.965219 0.00357696 9.99731E-005 9.99731E-005 9.99731E-005
9.99731E-005 0.939819 0.0426534 9.99731E-005 9.99731E-005 0.0172279
9.99731E-005 0.951157 9.99731E-005 9.99731E-005 0.00550571 0.0430377
9.99641E-005 0.926161 9.99641E-005 9.99641E-005 0.0734395 9.99641E-005
0.0678453 0.0502485 0.233906 0.304642 9.9991E-005 0.343258
0.000957701 0.0559287 0.20951 0.3687 9.9991E-005 0.364804
0.0476623 0.0246988 0.254765 0.302863 9.9991E-005 0.369911
9.996E-005 9.996E-005 0.9995 9.996E-005 9.996E-005 9.996E-005
9.996E-005 9.996E-005 0.9995 9.996E-005 9.996E-005 9.996E-005
9.99642E-005 9.99642E-005 0.990247 9.99642E-005 9.99642E-005 0.0093531
9.99731E-005 9.99731E-005 0.923253 9.99731E-005 0.0165616 0.0598858
0.310564 0.0789667 0.00153383 0.0913491 0.469144 0.0484434
0.315278 0.0491354 0.0288169 0.0650867 0.493211 0.0484727
0.324126 0.074977 0.107913 0.0863792 0.371681 0.0349236
0.048366 0.0445107 0.229751 0.302373 9.9991E-005 0.374899
0.00566543 0.0358135 0.236622 0.264179 0.0808406 0.376879
0.0421366 0.101982 0.194643 0.333896 0.0509072 0.276435
0.0411357 0.104874 0.221965 0.244939 0.0266202 0.360467
