9.98833E-005 9.98833E-005 9.98833E-005 9.98833E-005 9.98833E-005 0.998702 9.98833E-005 9.98833E-005 9.98833E-005 9.98833E-005 9.98833E-005 9.98833E-005 9.98833E-005 9.98833E-005
9.98921E-005 9.98921E-005 9.98921E-005 9.98921E-005 9.98921E-005 0.765586 9.98921E-005 9.98921E-005 9.98921E-005 9.98921E-005 9.98921E-005 9.98921E-005 0.233216 9.98921E-005
9.99012E-005 9.99012E-005 9.99012E-005 0.0232916 9.99012E-005 0.972089 9.99012E-005 0.00352059 9.99012E-005 9.99012E-005 9.99012E-005 9.99012E-005 9.99012E-005 9.99012E-005
9.99193E-005 0.0510925 9.99193E-005 9.99193E-005 9.99193E-005 0.438125 0.0998348 9.99193E-005 0.0480279 9.99193E-005 9.99193E-005 9.99193E-005 0.362021 9.99193E-005
9.98922E-005 0.0344098 9.98922E-005 9.98922E-005 9.98922E-005 0.964392 9.98922E-005 9.98922E-005 9.98922E-005 9.98922E-005 9.98922E-005 9.98922E-005 9.98922E-005 9.98922E-005
9.9892E-005 9.9892E-005 9.9892E-005 9.9892E-005 9.9892E-005 0.558981 9.9892E-005 9.9892E-005 9.9892E-005 9.9892E-005 9.9892E-005 9.9892E-005 0.43982 9.9892E-005
9.98831E-005 9.98831E-005 9.98831E-005 9.98831E-005 9.98831E-005 0.998702 9.98831E-005 9.98831E-005 9.98831E-005 9.98831E-005 9.98831E-005 9.98831E-005 9.98831E-005 9.98831E-005
0.0163868 0.0354206 0.0237036 9.99192E-005 9.99192E-005 0.0827258 9.99192E-005 9.99192E-005 9.99192E-005 9.99192E-005 9.99192E-005 9.99192E-005 0.840864 9.99192E-005
9.98828E-005 9.98828E-005 9.98828E-005 9.98828E-005 9.98828E-005 9.98828E-005 9.98828E-005 9.98828E-005 9.98828E-005 9.98828E-005 9.98828E-005 9.98828E-005 0.998702 9.98828E-005
9.9883E-005 9.9883E-005 9.9883E-005 9.9883E-005 9.9883E-005 9.9883E-005 9.9883E-005 9.9883E-005 9.9883E-005 9.9883E-005 9.9883E-005 9.9883E-005 0.998702 9.9883E-005
9.99102E-005 9.99102E-005 9.99102E-005 9.99102E-005 9.99102E-005 0.559355 9.99102E-005 9.99102E-005 9.99102E-005 9.99102E-005 0.061375 0.0301595 0.348111 9.99102E-005
9.99283E-005 0.122431 9.99283E-005 9.99283E-005 9.99283E-005 0.658457 0.00496638 0.0264125 0.18605 0.000883857 9.99283E-005 9.99283E-005 9.99283E-005 9.99283E-005
9.99461E-005 0.044357 0.11521 0.077695 0.0376737 0.692391 0.00132623 9.99461E-005 9.99461E-005 9.99461E-005 0.00507534 9.99461E-005 0.0256719 9.99461E-005
9.99373E-005 0.0916204 9.99373E-005 0.076879 9.99373E-005 0.605945 0.041704 9.99373E-005 9.99373E-005 0.007614 9.99373E-005 0.0582351 0.117303 9.99373E-005
9.99552E-005 0.0599357 0.0680876 0.0792081 9.99552E-005 9.99552E-005 0.0998325 0.0409259 9.99552E-005 0.0284694 0.0179652 9.99552E-005 0.588164 0.0169115
9.99372E-005 0.0162152 9.99372E-005 0.184658 9.99372E-005 0.552237 0.0831216 9.99372E-005 0.122221 0.0116732 0.0291743 9.99372E-005 9.99372E-005 9.99372E-005
0.0112422 0.0792887 9.99372E-005 0.0883452 9.99372E-005 0.448054 0.0482395 9.99372E-005 0.0991544 9.99372E-005 9.99372E-005 9.99372E-005 0.224976 9.99372E-005
0.0269063 0.0690772 9.99461E-005 0.206602 9.99461E-005 0.562597 0.00143203 9.99461E-005 0.106965 0.00616395 0.0196564 9.99461E-005 9.99461E-005 9.99461E-005
9.99372E-005 0.0203907 9.99372E-005 0.0888034 9.99372E-005 0.0884638 0.00308476 0.543213 0.21829 9.99372E-005 9.99372E-005 0.0370552 9.99372E-005 9.99372E-005
9.99103E-005 0.00733969 9.99103E-005 9.99103E-005 9.99103E-005 0.0914873 9.99103E-005 0.0266091 0.873565 9.99103E-005 9.99103E-005 9.99103E-005 9.99103E-005 9.99103E-005
9.99013E-005 0.0176287 9.99013E-005 9.99013E-005 9.99013E-005 9.99013E-005 9.99013E-005 0.0883669 0.892905 9.99013E-005 9.99013E-005 9.99013E-005 9.99013E-005 9.99013E-005
0.00673651 9.99192E-005 9.99192E-005 9.99192E-005 0.0443375 0.123333 9.99192E-005 0.249328 0.575367 9.99192E-005 9.99192E-005 9.99192E-005 9.99192E-005 9.99192E-005
9.99281E-005 9.99281E-005 9.99281E-005 9.99281E-005 0.00642973 9.99281E-005 9.99281E-005 0.0264079 0.871735 9.99281E-005 0.0376183 0.0483256 0.00868399 9.99281E-005
9.9883E-005 9.9883E-005 9.9883E-005 9.9883E-005 9.9883E-005 9.9883E-005 9.9883E-005 0.998702 9.9883E-005 9.9883E-005 9.9883E-005 9.9883E-005 9.9883E-005 9.9883E-005
9.98922E-005 9.98922E-005 9.98922E-005 9.98922E-005 9.98922E-005 9.98922E-005 9.98922E-005 0.997487 0.00131423 9.98922E-005 9.98922E-005 9.98922E-005 9.98922E-005 9.98922E-005
9.98832E-005 9.98832E-005 9.98832E-005 9.98832E-005 9.98832E-005 9.98832E-005 9.98832E-005 0.998702 9.98832E-005 9.98832E-005 9.98832E-005 9.98832E-005 9.98832E-005 9.98832E-005
9.99282E-005 0.059952 9.99282E-005 9.99282E-005 9.99282E-005 9.99282E-005 0.0281473 0.0697445 0.702345 9.99282E-005 9.99282E-005 9.99282E-005 0.0731704 0.0658412
9.99192E-005 9.99192E-005 9.99192E-005 9.99192E-005 9.99192E-005 0.0203584 9.99192E-005 0.745596 0.220848 0.0119636 9.99192E-005 9.99192E-005 9.99192E-005 0.000335303
9.99282E-005 9.99282E-005 9.99282E-005 0.0270807 9.99282E-005 0.0060988 0.0431918 0.030833 0.891555 9.99282E-005 0.000441181 9.99282E-005 9.99282E-005 9.99282E-005
9.98832E-005 9.98832E-005 9.98832E-005 9.98832E-005 9.98832E-005 9.98832E-005 9.98832E-005 0.998702 9.98832E-005 9.98832E-005 9.98832E-005 9.98832E-005 9.98832E-005 9.98832E-005
9.99192E-005 9.99192E-005 0.0674579 9.99192E-005 9.99192E-005 0.0604992 9.99192E-005 0.158661 0.643904 9.99192E-005 9.99192E-005 9.99192E-005 0.0685784 9.99192E-005
9.98922E-005 9.98922E-005 9.98922E-005 9.98922E-005 9.98922E-005 9.98922E-005 9.98922E-005 0.997266 9.98922E-005 9.98922E-005 0.00153504 9.98922E-005 9.98922E-005 9.98922E-005
0.00881156 9.99102E-005 9.99102E-005 0.117811 9.99102E-005 9.99102E-005 9.99102E-005 0.0949642 0.777414 9.99102E-005 9.99102E-005 9.99102E-005 9.99102E-005 9.99102E-005
9.99103E-005 9.99103E-005 9.99103E-005 9.99103E-005 9.99103E-005 9.99103E-005 9.99103E-005 0.261259 0.63911 9.99103E-005 9.99103E-005 0.0294558 0.069176 9.99103E-005
9.99282E-005 9.99282E-005 0.0567376 0.0355396 0.0249391 9.99282E-005 9.99282E-005 0.14544 0.66093 9.99282E-005 9.99282E-005 9.99282E-005 0.0756138 9.99282E-005
9.99012E-005 9.99012E-005 9.99012E-005 9.99012E-005 9.99012E-005 0.0623662 9.99012E-005 0.107732 0.828803 9.99012E-005 9.99012E-005 9.99012E-005 9.99012E-005 9.99012E-005
0.00499576 9.99282E-005 9.99282E-005 9.99282E-005 9.99282E-005 0.0345105 0.103743 0.0829155 0.752326 9.99282E-005 9.99282E-005 0.0207095 9.99282E-005 9.99282E-005
9.99282E-005 0.696508 0.0454183 0.0737164 9.99282E-005 0.10289 9.99282E-005 9.99282E-005 0.0421587 9.99282E-005 9.99282E-005 9.99282E-005 9.99282E-005 0.0385085
9.99012E-005 0.986509 9.99012E-005 9.99012E-005 9.99012E-005 9.99012E-005 9.99012E-005 9.99012E-005 9.99012E-005 9.99012E-005 0.0110711 0.00132068 9.99012E-005 9.99012E-005
9.99282E-005 0.762916 9.99282E-005 0.102673 9.99282E-005 0.0431454 9.99282E-005 0.018185 9.99282E-005 0.0109936 9.99282E-005 9.99282E-005 9.99282E-005 0.0612869
0.0195559 0.841015 9.99192E-005 0.123282 9.99192E-005 9.99192E-005 9.99192E-005 9.99192E-005 9.99192E-005 9.99192E-005 0.0126805 9.99192E-005 9.99192E-005 0.00256723
0.014101 0.73926 9.99282E-005 0.199543 9.99282E-005 9.99282E-005 0.0019072 0.0230299 9.99282E-005 0.0213589 9.99282E-005 9.99282E-005 9.99282E-005 9.99282E-005
9.99102E-005 0.948395 9.99102E-005 0.0210315 9.99102E-005 9.99102E-005 0.0216033 0.00797096 9.99102E-005 9.99102E-005 9.99102E-005 9.99102E-005 9.99102E-005 9.99102E-005
9.99013E-005 0.785361 9.99013E-005 0.20947 9.99013E-005 9.99013E-005 9.99013E-005 9.99013E-005 9.99013E-005 0.00407039 9.99013E-005 9.99013E-005 9.99013E-005 9.99013E-005
0.00349923 0.758531 0.0029835 0.101206 9.99461E-005 9.99461E-005 0.0580513 0.0308071 9.99461E-005 9.99461E-005 9.99461E-005 0.000561076 0.0437613 9.99461E-005
9.99103E-005 0.942582 9.99103E-005 0.0433999 9.99103E-005 9.99103E-005 9.99103E-005 0.0116613 9.99103E-005 9.99103E-005 9.99103E-005 9.99103E-005 9.99103E-005 0.00135769
9.99372E-005 0.0650526 0.204067 9.99372E-005 0.0678326 9.99372E-005 0.449943 0.0334828 9.99372E-005 9.99372E-005 9.99372E-005 9.99372E-005 0.164949 0.0139731
0.998702 9.98831E-005 9.98831E-005 9.98831E-005 9.98831E-005 9.98831E-005 9.98831E-005 9.98831E-005 9.98831E-005 9.98831E-005 9.98831E-005 9.98831E-005 9.98831E-005 9.98831E-005
0.00696834 0.0129438 9.99012E-005 9.99012E-005 9.99012E-005 9.99012E-005 9.99012E-005 9.99012E-005 9.99012E-005 9.99012E-005 0.978989 9.99012E-005 9.99012E-005 9.99012E-005
9.99014E-005 9.99014E-005 9.99014E-005 0.059847 9.99014E-005 9.99014E-005 0.884855 9.99014E-005 9.99014E-005 9.99014E-005 9.99014E-005 9.99014E-005 0.0541995 9.99014E-005
9.9892E-005 9.9892E-005 9.9892E-005 9.9892E-005 9.9892E-005 9.9892E-005 0.272306 9.9892E-005 9.9892E-005 9.9892E-005 0.726495 9.9892E-005 9.9892E-005 9.9892E-005
9.98923E-005 9.98923E-005 9.98923E-005 9.98923E-005 9.98923E-005 9.98923E-005 0.984036 0.0147652 9.98923E-005 9.98923E-005 9.98923E-005 9.98923E-005 9.98923E-005 9.98923E-005
9.99282E-005 0.00859666 0.0178237 9.99282E-005 0.066136 9.99282E-005 0.779015 9.99282E-005 0.111124 0.0165058 9.99282E-005 9.99282E-005 9.99282E-005 9.99282E-005
0.0106128 0.100702 0.0715938 9.99371E-005 9.99371E-005 0.0679965 0.677747 0.0317953 9.99371E-005 9.99371E-005 9.99371E-005 0.0388536 9.99371E-005 9.99371E-005
9.99013E-005 9.99013E-005 9.99013E-005 9.99013E-005 9.99013E-005 0.0597476 0.901516 9.99013E-005 9.99013E-005 9.99013E-005 9.99013E-005 9.99013E-005 9.99013E-005 0.0376375
0.00303782 9.99103E-005 9.99103E-005 9.99103E-005 9.99103E-005 0.0541062 0.931518 9.99103E-005 9.99103E-005 9.99103E-005 9.99103E-005 0.0103391 9.99103E-005 9.99103E-005
9.99191E-005 9.99191E-005 9.99191E-005 0.0612932 0.0360798 9.99191E-005 0.798966 0.0501849 9.99191E-005 0.0525773 9.99191E-005 9.99191E-005 9.99191E-005 9.99191E-005
9.99013E-005 9.99013E-005 9.99013E-005 9.99013E-005 9.99013E-005 0.0511486 0.944254 9.99013E-005 9.99013E-005 0.0034982 9.99013E-005 9.99013E-005 9.99013E-005 9.99013E-005
9.99012E-005 9.99012E-005 9.99012E-005 9.99012E-005 0.0329292 9.99012E-005 0.954151 9.99012E-005 9.99012E-005 9.99012E-005 9.99012E-005 0.0118212 9.99012E-005 9.99012E-005
9.99102E-005 9.99102E-005 9.99102E-005 9.99102E-005 9.99102E-005 9.99102E-005 0.880717 9.99102E-005 0.0114884 9.99102E-005 9.99102E-005 9.99102E-005 0.0541397 0.052656
9.99192E-005 9.99192E-005 0.922956 9.99192E-005 0.0325856 0.0018894 9.99192E-005 9.99192E-005 0.0331826 0.0084874 9.99192E-005 9.99192E-005 9.99192E-005 9.99192E-005
9.99192E-005 9.99192E-005 0.931664 0.0147523 9.99192E-005 9.99192E-005 9.99192E-005 9.99192E-005 0.0404957 0.0106081 9.99192E-005 9.99192E-005 0.00158086 9.99192E-005
0.0134527 0.0299522 0.882969 9.99282E-005 9.99282E-005 9.99282E-005 0.0199762 9.99282E-005 9.99282E-005 0.0218491 9.99282E-005 9.99282E-005 0.0310016 9.99282E-005
9.99192E-005 9.99192E-005 0.433591 9.99192E-005 0.167724 9.99192E-005 9.99192E-005 9.99192E-005 9.99192E-005 0.378511 0.0105715 0.00870415 9.99192E-005 9.99192E-005
9.99192E-005 9.99192E-005 0.290378 9.99192E-005 0.332345 9.99192E-005 9.99192E-005 0.0220853 9.99192E-005 0.353518 9.99192E-005 0.000775162 9.99192E-005 9.99192E-005
9.99014E-005 9.99014E-005 9.99014E-005 9.99014E-005 9.99014E-005 0.00551496 9.99014E-005 9.99014E-005 9.99014E-005 0.979767 9.99014E-005 9.99014E-005 9.99014E-005 0.013619
9.98832E-005 9.98832E-005 9.98832E-005 9.98832E-005 9.98832E-005 9.98832E-005 9.98832E-005 9.98832E-005 9.98832E-005 0.998702 9.98832E-005 9.98832E-005 9.98832E-005 9.98832E-005
9.99192E-005 9.99192E-005 0.344704 9.99192E-005 0.131107 9.99192E-005 9.99192E-005 9.99192E-005 0.0458377 0.436809 9.99192E-005 0.0406426 9.99192E-005 9.99192E-005
9.99282E-005 9.99282E-005 0.317631 9.99282E-005 0.165487 9.99282E-005 0.0114939 9.99282E-005 9.99282E-005 0.416605 9.99282E-005 0.0565216 9.99282E-005 0.0314622
9.98923E-005 9.98923E-005 9.98923E-005 0.0557987 9.98923E-005 9.98923E-005 9.98923E-005 9.98923E-005 9.98923E-005 0.943003 9.98923E-005 9.98923E-005 9.98923E-005 9.98923E-005
9.98833E-005 9.98833E-005 9.98833E-005 9.98833E-005 9.98833E-005 9.98833E-005 9.98833E-005 9.98833E-005 9.98833E-005 0.998702 9.98833E-005 9.98833E-005 9.98833E-005 9.98833E-005
9.99282E-005 9.99282E-005 0.42439 9.99282E-005 0.0716075 9.99282E-005 9.99282E-005 9.99282E-005 0.0694017 0.374373 9.99282E-005 0.0233227 9.99282E-005 0.0361055
9.99013E-005 0.00121408 9.99013E-005 9.99013E-005 9.99013E-005 9.99013E-005 0.0207963 9.99013E-005 9.99013E-005 0.976891 9.99013E-005 9.99013E-005 9.99013E-005 9.99013E-005
0.00731083 9.99011E-005 9.99011E-005 9.99011E-005 9.99011E-005 9.99011E-005 9.99011E-005 9.99011E-005 9.99011E-005 0.949924 9.99011E-005 9.99011E-005 0.0416658 9.99011E-005
9.98834E-005 9.98834E-005 9.98834E-005 9.98834E-005 9.98834E-005 9.98834E-005 9.98834E-005 9.98834E-005 9.98834E-005 0.998702 9.98834E-005 9.98834E-005 9.98834E-005 9.98834E-005
9.99012E-005 9.99012E-005 9.99012E-005 9.99012E-005 9.99012E-005 9.99012E-005 9.99012E-005 9.99012E-005 9.99012E-005 0.932104 9.99012E-005 0.0266836 0.0401137 9.99012E-005
9.99012E-005 9.99012E-005 9.99012E-005 9.99012E-005 9.99012E-005 9.99012E-005 9.99012E-005 0.0295838 9.99012E-005 0.963528 9.99012E-005 9.99012E-005 9.99012E-005 0.00578976
9.99193E-005 0.00165733 9.99193E-005 0.0792821 9.99193E-005 9.99193E-005 9.99193E-005 9.99193E-005 0.902525 9.99193E-005 9.99193E-005 0.0137379 0.00189877 9.99193E-005
0.000675457 0.832228 9.99192E-005 0.0861473 9.99192E-005 9.99192E-005 9.99192E-005 0.0193164 9.99192E-005 9.99192E-005 9.99192E-005 9.99192E-005 0.0607336 9.99192E-005
9.99012E-005 0.90164 9.99012E-005 9.99012E-005 9.99012E-005 9.99012E-005 9.99012E-005 0.0329806 9.99012E-005 9.99012E-005 9.99012E-005 9.99012E-005 0.0642807 9.99012E-005
9.99012E-005 9.99012E-005 9.99012E-005 9.99012E-005 0.577082 9.99012E-005 9.99012E-005 9.99012E-005 9.99012E-005 0.0162525 9.99012E-005 9.99012E-005 9.99012E-005 0.405566
9.99102E-005 9.99102E-005 9.99102E-005 9.99102E-005 0.626152 9.99102E-005 9.99102E-005 9.99102E-005 9.99102E-005 0.038907 0.00543054 9.99102E-005 9.99102E-005 0.328512
9.99192E-005 9.99192E-005 9.99192E-005 9.99192E-005 0.331889 9.99192E-005 9.99192E-005 9.99192E-005 9.99192E-005 0.0252907 0.00479799 0.0104696 9.99192E-005 0.626653
9.99012E-005 9.99012E-005 9.99012E-005 0.00367799 9.99012E-005 9.99012E-005 9.99012E-005 9.99012E-005 9.99012E-005 9.99012E-005 9.99012E-005 0.05422 9.99012E-005 0.941003
9.99193E-005 9.99193E-005 0.00567361 9.99193E-005 0.898689 9.99193E-005 0.0258075 9.99193E-005 9.99193E-005 9.99193E-005 9.99193E-005 0.0371701 9.99193E-005 0.0317607
9.99192E-005 9.99192E-005 0.00536379 9.99192E-005 0.617342 9.99192E-005 9.99192E-005 0.00811819 9.99192E-005 9.99192E-005 9.99192E-005 0.0115889 9.99192E-005 0.356688
9.99283E-005 9.99283E-005 9.99283E-005 9.99283E-005 0.640639 9.99283E-005 9.99283E-005 0.0381689 9.99283E-005 0.00738195 0.014331 0.0574038 9.99283E-005 0.241276
9.99193E-005 9.99193E-005 9.99193E-005 9.99193E-005 0.574561 0.0140499 0.0332227 9.99193E-005 9.99193E-005 9.99193E-005 9.99193E-005 0.093318 9.99193E-005 0.283949
0.00519845 9.99192E-005 9.99192E-005 9.99192E-005 0.704804 9.99192E-005 0.00212036 9.99192E-005 0.0380435 9.99192E-005 9.99192E-005 9.99192E-005 9.99192E-005 0.248934
9.99012E-005 9.99012E-005 9.99012E-005 9.99012E-005 9.99012E-005 0.0210954 9.99012E-005 9.99012E-005 9.99012E-005 9.99012E-005 9.99012E-005 0.0218319 9.99012E-005 0.955974
9.98833E-005 9.98833E-005 9.98833E-005 9.98833E-005 9.98833E-005 9.98833E-005 9.98833E-005 9.98833E-005 9.98833E-005 9.98833E-005 9.98833E-005 9.98833E-005 9.98833E-005 0.998702
0.00448218 9.99372E-005 9.99372E-005 9.99372E-005 0.177098 9.99372E-005 0.0353077 9.99372E-005 9.99372E-005 0.0224014 0.0367942 0.045308 9.99372E-005 0.677909
9.99012E-005 9.99012E-005 9.99012E-005 9.99012E-005 0.478799 9.99012E-005 0.0172208 9.99012E-005 9.99012E-005 9.99012E-005 9.99012E-005 9.99012E-005 9.99012E-005 0.502881
9.99102E-005 9.99102E-005 9.99102E-005 9.99102E-005 0.0187891 9.99102E-005 9.99102E-005 9.99102E-005 9.99102E-005 0.0381431 9.99102E-005 0.0801762 9.99102E-005 0.861892
9.99102E-005 9.99102E-005 0.0413958 9.99102E-005 9.99102E-005 9.99102E-005 9.99102E-005 9.99102E-005 9.99102E-005 9.99102E-005 0.00521569 0.0690456 9.99102E-005 0.883344
9.99281E-005 9.99281E-005 9.99281E-005 0.0393845 0.429933 9.99281E-005 9.99281E-005 0.00544911 9.99281E-005 9.99281E-005 0.0513505 0.08075 9.99281E-005 0.392333
9.99102E-005 9.99102E-005 9.99102E-005 9.99102E-005 0.259696 9.99102E-005 9.99102E-005 9.99102E-005 9.99102E-005 0.0491613 0.00245809 9.99102E-005 9.99102E-005 0.687686
9.99282E-005 0.00230257 9.99282E-005 9.99282E-005 0.413311 9.99282E-005 9.99282E-005 9.99282E-005 9.99282E-005 0.00411331 9.99282E-005 0.0846885 0.0101202 0.484665
9.99014E-005 9.99014E-005 9.99014E-005 9.99014E-005 0.0499845 9.99014E-005 9.99014E-005 9.99014E-005 9.99014E-005 9.99014E-005 9.99014E-005 0.0490478 9.99014E-005 0.899869
9.99371E-005 9.99371E-005 9.99371E-005 9.99371E-005 0.771497 9.99371E-005 9.99371E-005 9.99371E-005 0.0269259 0.0197902 0.00892852 0.0988341 0.0184992 0.0548256
9.99013E-005 9.99013E-005 9.99013E-005 9.99013E-005 0.922502 9.99013E-005 9.99013E-005 9.99013E-005 9.99013E-005 9.99013E-005 9.99013E-005 0.0353605 9.99013E-005 0.0410389
9.99013E-005 9.99013E-005 9.99013E-005 0.0238204 9.99013E-005 9.99013E-005 9.99013E-005 9.99013E-005 9.99013E-005 0.0243729 9.99013E-005 9.99013E-005 9.99013E-005 0.950708
9.98922E-005 9.98922E-005 9.98922E-005 9.98922E-005 0.987074 9.98922E-005 9.98922E-005 9.98922E-005 9.98922E-005 9.98922E-005 9.98922E-005 0.0117272 9.98922E-005 9.98922E-005
0.0052261 9.99371E-005 9.99371E-005 9.99371E-005 0.0847054 9.99371E-005 0.084102 0.0136574 9.99371E-005 9.99371E-005 0.00956693 0.0523499 9.99371E-005 0.749693
9.99192E-005 9.99192E-005 0.000952069 9.99192E-005 0.59186 9.99192E-005 9.99192E-005 9.99192E-005 9.99192E-005 0.00115016 9.99192E-005 0.0314483 9.99192E-005 0.37369
0.00473697 9.99371E-005 9.99371E-005 9.99371E-005 0.155751 9.99371E-005 9.99371E-005 0.0132696 9.99371E-005 9.99371E-005 0.0321345 0.0585037 0.0227002 0.712204
9.99012E-005 9.99012E-005 0.512073 9.99012E-005 0.147507 9.99012E-005 9.99012E-005 9.99012E-005 9.99012E-005 0.33932 9.99012E-005 9.99012E-005 9.99012E-005 9.99012E-005
9.99281E-005 9.99281E-005 0.426459 9.99281E-005 0.113603 9.99281E-005 9.99281E-005 0.000663705 0.235705 0.181258 0.0415112 9.99281E-005 9.99281E-005 9.99281E-005
9.99193E-005 9.99193E-005 0.381174 9.99193E-005 0.107547 9.99193E-005 9.99193E-005 9.99193E-005 0.0294588 0.264048 9.99193E-005 9.99193E-005 9.99193E-005 0.216874
0.00504807 0.0436745 9.99372E-005 0.782549 9.99372E-005 0.0554354 9.99372E-005 9.99372E-005 0.0523152 0.0580676 0.00221075 9.99372E-005 9.99372E-005 9.99372E-005
9.98829E-005 9.98829E-005 9.98829E-005 0.998702 9.98829E-005 9.98829E-005 9.98829E-005 9.98829E-005 9.98829E-005 9.98829E-005 9.98829E-005 9.98829E-005 9.98829E-005 9.98829E-005
9.99013E-005 9.99013E-005 9.99013E-005 0.95621 9.99013E-005 9.99013E-005 0.0295791 0.0131124 9.99013E-005 9.99013E-005 9.99013E-005 9.99013E-005 9.99013E-005 9.99013E-005
9.98921E-005 9.98921E-005 9.98921E-005 0.995776 9.98921E-005 9.98921E-005 9.98921E-005 0.00302518 9.98921E-005 9.98921E-005 9.98921E-005 9.98921E-005 9.98921E-005 9.98921E-005
9.98923E-005 0.0883904 9.98923E-005 0.910411 9.98923E-005 9.98923E-005 9.98923E-005 9.98923E-005 9.98923E-005 9.98923E-005 9.98923E-005 9.98923E-005 9.98923E-005 9.98923E-005
9.98833E-005 9.98833E-005 9.98833E-005 0.998702 9.98833E-005 9.98833E-005 9.98833E-005 9.98833E-005 9.98833E-005 9.98833E-005 9.98833E-005 9.98833E-005 9.98833E-005 9.98833E-005
0.0188784 0.198697 0.00649626 0.478254 9.99551E-005 0.145337 0.00541552 0.0349643 0.0829978 0.0284597 9.99551E-005 9.99551E-005 9.99551E-005 9.99551E-005
0.00621054 0.978949 9.99102E-005 9.99102E-005 9.99102E-005 9.99102E-005 9.99102E-005 0.0113042 9.99102E-005 9.99102E-005 0.00253688 9.99102E-005 9.99102E-005 9.99102E-005
9.98833E-005 0.998702 9.98833E-005 9.98833E-005 9.98833E-005 9.98833E-005 9.98833E-005 9.98833E-005 9.98833E-005 9.98833E-005 9.98833E-005 9.98833E-005 9.98833E-005 9.98833E-005
0.0151231 0.841069 9.99372E-005 0.00965281 0.0195229 0.027672 9.99372E-005 0.0760274 9.99372E-005 0.0102329 9.99372E-005 9.99372E-005 9.99372E-005 9.99372E-005
9.99282E-005 0.0332854 9.99282E-005 0.157658 0.241989 9.99282E-005 9.99282E-005 9.99282E-005 0.350134 9.99282E-005 9.99282E-005 0.0722724 9.99282E-005 0.143862
0.0130103 0.0349803 9.9964E-005 0.0652618 0.0475577 0.00695242 0.0863442 0.0648376 0.0622241 9.9964E-005 0.0106131 9.9964E-005 0.607819 9.9964E-005
9.9901E-005 9.9901E-005 9.9901E-005 9.9901E-005 9.9901E-005 0.113639 9.9901E-005 0.00459089 9.9901E-005 9.9901E-005 0.880671 9.9901E-005 9.9901E-005 9.9901E-005
0.00965689 9.99012E-005 0.881866 9.99012E-005 9.99012E-005 9.99012E-005 9.99012E-005 9.99012E-005 9.99012E-005 9.99012E-005 9.99012E-005 9.99012E-005 9.99012E-005 0.107379
9.99102E-005 9.99102E-005 0.895505 9.99102E-005 9.99102E-005 0.0649798 0.00961201 9.99102E-005 9.99102E-005 0.0289044 9.99102E-005 9.99102E-005 9.99102E-005 9.99102E-005
9.99009E-005 9.99009E-005 9.99009E-005 9.99009E-005 0.0423557 9.99009E-005 9.99009E-005 9.99009E-005 9.99009E-005 9.99009E-005 0.929872 0.0266735 9.99009E-005 9.99009E-005
9.99193E-005 9.99193E-005 9.99193E-005 9.99193E-005 0.434913 9.99193E-005 0.0289399 9.99193E-005 9.99193E-005 0.0161574 9.99193E-005 0.105931 9.99193E-005 0.413159
9.99103E-005 9.99103E-005 9.99103E-005 0.00435954 0.0544028 9.99103E-005 9.99103E-005 9.99103E-005 9.99103E-005 9.99103E-005 9.99103E-005 0.858353 9.99103E-005 0.0818855
0.00574907 9.996E-005 0.00297279 9.996E-005 0.261365 0.00231906 9.996E-005 0.00788439 0.0186166 9.996E-005 0.0511358 0.155834 0.0195368 0.474187
9.98829E-005 9.98829E-005 9.98829E-005 9.98829E-005 9.98829E-005 9.98829E-005 9.98829E-005 9.98829E-005 9.98829E-005 9.98829E-005 9.98829E-005 0.998702 9.98829E-005 9.98829E-005
0.012241 9.99281E-005 9.99281E-005 0.0206968 0.0485173 9.99281E-005 0.00245865 9.99281E-005 9.99281E-005 9.99281E-005 9.99281E-005 0.023064 9.99281E-005 0.892223
9.99282E-005 9.99282E-005 0.0347563 9.99282E-005 0.378305 9.99282E-005 9.99282E-005 9.99282E-005 9.99282E-005 0.0138656 9.99282E-005 0.0520854 0.000757956 0.51943
9.99192E-005 9.99192E-005 9.99192E-005 9.99192E-005 0.397414 0.00287282 9.99192E-005 9.99192E-005 9.99192E-005 0.0146713 9.99192E-005 0.0189785 9.99192E-005 0.565164
9.98829E-005 9.98829E-005 9.98829E-005 9.98829E-005 9.98829E-005 9.98829E-005 9.98829E-005 9.98829E-005 9.98829E-005 9.98829E-005 9.98829E-005 0.998702 9.98829E-005 9.98829E-005
9.99282E-005 0.0243431 9.99282E-005 9.99282E-005 0.481358 9.99282E-005 9.99282E-005 9.99282E-005 9.99282E-005 0.00501561 0.00865159 0.0519507 9.99282E-005 0.427881
9.99192E-005 9.99192E-005 9.99192E-005 9.99192E-005 0.459387 9.99192E-005 9.99192E-005 0.000352994 9.99192E-005 0.02918 9.99192E-005 0.0620716 9.99192E-005 0.448109
9.98834E-005 9.98834E-005 9.98834E-005 9.98834E-005 0.998702 9.98834E-005 9.98834E-005 9.98834E-005 9.98834E-005 9.98834E-005 9.98834E-005 9.98834E-005 9.98834E-005 9.98834E-005
9.98832E-005 9.98832E-005 9.98832E-005 9.98832E-005 0.998702 9.98832E-005 9.98832E-005 9.98832E-005 9.98832E-005 9.98832E-005 9.98832E-005 9.98832E-005 9.98832E-005 9.98832E-005
0.00163148 9.99102E-005 9.99102E-005 9.99102E-005 0.96616 9.99102E-005 9.99102E-005 9.99102E-005 0.0295589 9.99102E-005 9.99102E-005 9.99102E-005 0.00165095 9.99102E-005
9.99192E-005 9.99192E-005 9.99192E-005 9.99192E-005 0.529121 9.99192E-005 9.99192E-005 0.0220353 9.99192E-005 9.99192E-005 0.0135867 0.000335806 9.99192E-005 0.434022
9.99192E-005 9.99192E-005 9.99192E-005 9.99192E-005 0.509878 9.99192E-005 0.0280532 9.99192E-005 9.99192E-005 9.99192E-005 0.0433601 0.125428 9.99192E-005 0.292381
9.993E-005 0.00774507 9.993E-005 0.156032 9.993E-005 9.993E-005 9.993E-005 0.0582992 0.614717 0.0523929 9.993E-005 0.0119153 0.0981984 9.993E-005
9.9919E-005 9.9919E-005 9.9919E-005 0.0136218 9.9919E-005 9.9919E-005 9.9919E-005 0.00571662 0.789256 9.9919E-005 9.9919E-005 9.9919E-005 0.190406 9.9919E-005
9.99192E-005 0.0744185 9.99192E-005 9.99192E-005 9.99192E-005 9.99192E-005 9.99192E-005 0.0809872 0.546988 0.00655162 9.99192E-005 9.99192E-005 0.290155 9.99192E-005
9.99013E-005 0.987491 9.99013E-005 9.99013E-005 0.0060551 9.99013E-005 0.00535462 9.99013E-005 9.99013E-005 9.99013E-005 9.99013E-005 9.99013E-005 9.99013E-005 9.99013E-005
9.98923E-005 0.978898 9.98923E-005 9.98923E-005 9.98923E-005 9.98923E-005 9.98923E-005 0.0199037 9.98923E-005 9.98923E-005 9.98923E-005 9.98923E-005 9.98923E-005 9.98923E-005
9.99014E-005 0.934606 9.99014E-005 9.99014E-005 9.99014E-005 9.99014E-005 0.0401344 9.99014E-005 0.0241606 9.99014E-005 9.99014E-005 9.99014E-005 9.99014E-005 9.99014E-005
9.99282E-005 0.852557 0.0528247 0.027585 9.99282E-005 0.0240559 0.0205001 0.0216783 9.99282E-005 9.99282E-005 9.99282E-005 9.99282E-005 9.99282E-005 9.99282E-005
9.98924E-005 9.98924E-005 0.986086 9.98924E-005 9.98924E-005 9.98924E-005 9.98924E-005 9.98924E-005 9.98924E-005 9.98924E-005 9.98924E-005 9.98924E-005 0.0127154 9.98924E-005
9.99013E-005 9.99013E-005 0.995073 9.99013E-005 9.99013E-005 9.99013E-005 9.99013E-005 0.000949388 9.99013E-005 9.99013E-005 9.99013E-005 0.00287834 9.99013E-005 9.99013E-005
9.99103E-005 0.00502434 0.955 0.0386048 9.99103E-005 9.99103E-005 9.99103E-005 9.99103E-005 0.000371948 9.99103E-005 9.99103E-005 9.99103E-005 9.99103E-005 9.99103E-005
0.00534822 9.99462E-005 9.99462E-005 0.0451304 9.99462E-005 0.0816858 0.0250225 0.022704 0.79758 0.00343952 9.99462E-005 0.0184897 9.99462E-005 9.99462E-005
0.00617246 9.99103E-005 0.0141409 9.99103E-005 9.99103E-005 9.99103E-005 9.99103E-005 9.99103E-005 0.857505 9.99103E-005 9.99103E-005 9.99103E-005 0.121182 9.99103E-005
9.99282E-005 9.99282E-005 9.99282E-005 0.0402104 0.0900789 0.193447 9.99282E-005 9.99282E-005 0.661903 0.00908727 9.99282E-005 9.99282E-005 9.99282E-005 0.00447318
0.00554946 9.99282E-005 0.0257595 9.99282E-005 9.99282E-005 0.0425106 9.99282E-005 9.99282E-005 0.847901 9.99282E-005 0.0275019 9.99282E-005 9.99282E-005 0.0499779
