0.940591 9.99641E-005 9.99641E-005 9.99641E-005 0.0295788 9.99641E-005 0.0294301
0.985203 9.99551E-005 9.99551E-005 9.99551E-005 9.99551E-005 9.99551E-005 0.0142969
0.95567 9.99551E-005 9.99551E-005 9.99551E-005 9.99551E-005 9.99551E-005 0.04383
0.75202 0.113231 9.99821E-005 0.0267975 0.0651995 0.0425519 9.99821E-005
0.866833 9.99641E-005 9.99641E-005 9.99641E-005 0.102773 9.99641E-005 0.0299941
0.9994 9.995E-005 9.995E-005 9.995E-005 9.995E-005 9.995E-005 9.995E-005
0.989606 9.9955E-005 9.9955E-005 9.9955E-005 9.9955E-005 9.9955E-005 0.00989403
0.738712 0.0847013 9.9982E-005 0.0263371 0.0646611 0.0853883 9.9982E-005
0.835325 0.0566447 0.0730411 9.9973E-005 9.9973E-005 0.0346896 9.9973E-005
0.839595 0.0697821 0.0902232 9.99641E-005 9.99641E-005 9.99641E-005 9.99641E-005
0.914971 9.99551E-005 0.0845293 9.99551E-005 9.99551E-005 9.99551E-005 9.99551E-005
0.605705 0.12416 9.99731E-005 9.99731E-005 0.20449 9.99731E-005 0.065346
0.702624 0.0981061 0.0213005 0.00899628 0.113253 0.0556207 9.9991E-005
0.674638 9.99731E-005 0.0445889 0.049354 0.231119 9.99731E-005 9.99731E-005
0.435648 0.141834 0.0349654 0.0672246 0.101268 0.21896 9.9991E-005
0.558002 0.164178 9.9982E-005 0.0274287 0.159662 0.0905292 9.9982E-005
0.637606 0.095735 9.9982E-005 9.9982E-005 0.185386 0.0675216 0.0135514
0.567912 0.128644 9.9973E-005 9.9973E-005 0.236799 0.0663455 9.9973E-005
0.0965288 0.24537 9.99731E-005 9.99731E-005 0.104986 9.99731E-005 0.552814
0.0113216 0.913841 9.99731E-005 9.99731E-005 0.023489 9.99731E-005 0.0510481
9.99551E-005 0.901019 9.99551E-005 9.99551E-005 9.99551E-005 9.99551E-005 0.0984808
0.0431646 0.645475 0.0175442 9.9991E-005 0.026378 0.00495018 0.262388
9.99641E-005 0.89554 0.0240232 9.99641E-005 9.99641E-005 9.99641E-005 0.0800367
9.995E-005 9.995E-005 9.995E-005 9.995E-005 9.995E-005 9.995E-005 0.9994
9.9955E-005 0.00597159 9.9955E-005 9.9955E-005 9.9955E-005 9.9955E-005 0.993529
9.995E-005 9.995E-005 9.995E-005 9.995E-005 9.995E-005 9.995E-005 0.9994
0.00493141 0.785981 0.0412882 0.00964305 0.0655815 0.0147727 0.0778021
0.0109229 0.212446 9.9973E-005 0.00598635 9.9973E-005 9.9973E-005 0.770345
9.99641E-005 0.913793 9.99641E-005 9.99641E-005 9.99641E-005 0.0413111 0.044496
9.995E-005 9.995E-005 9.995E-005 9.995E-005 9.995E-005 9.995E-005 0.9994
0.0992627 0.73102 9.99641E-005 9.99641E-005 9.99641E-005 9.99641E-005 0.169318
9.995E-005 9.995E-005 9.995E-005 9.995E-005 9.995E-005 9.995E-005 0.9994
9.99641E-005 0.833576 9.99641E-005 9.99641E-005 0.0565631 9.99641E-005 0.109461
9.99731E-005 0.737198 0.00482574 0.00223281 9.99731E-005 9.99731E-005 0.255443
9.9982E-005 0.762047 0.0213497 0.0263169 0.0340368 9.9982E-005 0.15605
0.0143051 0.838291 9.99641E-005 9.99641E-005 9.99641E-005 9.99641E-005 0.147004
0.020178 0.750992 0.0186669 9.9982E-005 9.9982E-005 0.0763844 0.133579
0.0879368 0.0987523 0.0417686 0.00927478 0.762068 9.99821E-005 9.99821E-005
9.995E-005 9.995E-005 9.995E-005 9.995E-005 0.9994 9.995E-005 9.995E-005
0.034326 0.032687 0.0138941 0.0410309 0.863712 9.9991E-005 0.0142506
0.0100366 9.99641E-005 0.00697167 9.99641E-005 0.982592 9.99641E-005 9.99641E-005
9.99731E-005 0.0289538 9.99731E-005 0.0216087 0.917173 9.99731E-005 0.031965
9.99551E-005 9.99551E-005 9.99551E-005 9.99551E-005 0.995904 0.0035964 9.99551E-005
9.99551E-005 0.0352706 9.99551E-005 9.99551E-005 0.96423 9.99551E-005 9.99551E-005
0.0328196 9.99731E-005 9.99731E-005 9.99731E-005 0.863455 0.0655543 0.0378714
9.99551E-005 9.99551E-005 9.99551E-005 9.99551E-005 0.977315 9.99551E-005 0.0221856
0.118846 9.9991E-005 0.125884 0.0615023 0.131889 0.497645 0.0641339
9.995E-005 9.995E-005 9.995E-005 9.995E-005 9.995E-005 0.9994 9.995E-005
9.99731E-005 0.0468005 0.16689 9.99731E-005 0.0259999 0.76001 9.99731E-005
0.0501211 9.9982E-005 0.0457439 0.127204 0.113686 0.663045 9.9982E-005
9.9955E-005 9.9955E-005 0.212379 9.9955E-005 9.9955E-005 0.787121 9.9955E-005
0.00813394 9.9982E-005 9.9982E-005 0.11307 0.0500615 0.780844 0.0476904
9.9991E-005 0.112583 0.0863942 0.125738 0.0785216 0.591479 0.00518363
0.0924242 9.9991E-005 0.0548472 0.0963852 0.13772 0.580778 0.0377452
0.138183 9.9973E-005 0.0951643 0.0774776 9.9973E-005 0.688875 9.9973E-005
0.103793 9.9982E-005 0.0335718 0.0534804 0.0456046 0.76335 9.9982E-005
0.0279472 9.9991E-005 0.0792936 0.144329 0.100963 0.583979 0.0633893
0.140871 9.9973E-005 0.0116718 0.143471 9.9973E-005 0.703686 9.9973E-005
0.0115673 9.9982E-005 0.0871628 0.101345 9.9982E-005 0.770445 0.02928
9.9973E-005 0.110362 0.0543393 0.10298 9.9973E-005 0.732019 9.9973E-005
9.9982E-005 0.258645 0.114097 0.305899 9.9982E-005 0.317153 0.00400523
9.9973E-005 0.283942 0.0262071 0.328258 9.9973E-005 0.361293 9.9973E-005
0.0343304 0.0873631 0.074735 0.309088 0.0879053 0.386763 0.0198148
9.99821E-005 0.0375586 0.213066 0.60732 9.99821E-005 0.120568 0.0212875
9.9982E-005 9.9982E-005 0.372217 0.521483 0.0350363 0.000959783 0.0701042
9.995E-005 9.995E-005 9.995E-005 0.9994 9.995E-005 9.995E-005 9.995E-005
9.995E-005 9.995E-005 9.995E-005 0.9994 9.995E-005 9.995E-005 9.995E-005
0.00811498 0.130736 0.204248 0.599485 9.9982E-005 0.0572163 9.9982E-005
9.99731E-005 0.0285254 0.300449 0.588311 9.99731E-005 0.0824146 9.99731E-005
9.99641E-005 0.00228854 9.99641E-005 0.995462 0.0018498 9.99641E-005 9.99641E-005
9.995E-005 9.995E-005 9.995E-005 0.9994 9.995E-005 9.995E-005 9.995E-005
9.99731E-005 0.176466 0.184652 0.559785 9.99731E-005 0.0787982 9.99731E-005
9.995E-005 9.995E-005 9.995E-005 0.9994 9.995E-005 9.995E-005 9.995E-005
9.995E-005 9.995E-005 9.995E-005 0.9994 9.995E-005 9.995E-005 9.995E-005
9.995E-005 9.995E-005 9.995E-005 0.9994 9.995E-005 9.995E-005 9.995E-005
9.995E-005 9.995E-005 9.995E-005 0.9994 9.995E-005 9.995E-005 9.995E-005
9.99551E-005 9.99551E-005 9.99551E-005 0.972307 9.99551E-005 9.99551E-005 0.0271932
9.99552E-005 0.967933 9.99552E-005 9.99552E-005 0.0315668 9.99552E-005 9.99552E-005
0.0201805 9.99641E-005 9.99641E-005 9.99641E-005 0.93662 9.99641E-005 0.0427998
9.99551E-005 9.99551E-005 9.99551E-005 9.99551E-005 0.94106 9.99551E-005 0.0584404
9.99551E-005 9.99551E-005 0.962476 0.0370244 9.99551E-005 9.99551E-005 9.99551E-005
9.99551E-005 9.99551E-005 0.937798 0.0617027 9.99551E-005 9.99551E-005 9.99551E-005
9.99551E-005 9.99551E-005 0.960193 0.0393073 9.99551E-005 9.99551E-005 9.99551E-005
9.99551E-005 9.99551E-005 0.97461 9.99551E-005 0.0248902 9.99551E-005 9.99551E-005
9.99641E-005 9.99641E-005 0.915581 0.0212243 9.99641E-005 0.0627948 9.99641E-005
9.99641E-005 9.99641E-005 0.958119 0.0039678 9.99641E-005 9.99641E-005 0.0375134
9.99731E-005 0.00643004 0.928318 0.0180417 9.99731E-005 9.99731E-005 0.0469099
0.00104698 9.99821E-005 0.917026 0.0221557 0.0132252 0.0463463 9.99821E-005
9.99731E-005 0.0578018 0.917647 9.99731E-005 9.99731E-005 0.0210009 0.0032501
0.0521965 9.99641E-005 0.936262 9.99641E-005 9.99641E-005 0.0111415 9.99641E-005
0.00453114 9.99731E-005 0.986727 9.99731E-005 0.00592266 9.99731E-005 0.0025191
9.99641E-005 9.99641E-005 0.897606 0.0144437 9.99641E-005 0.0875508 9.99641E-005
0.0152032 9.99551E-005 0.984297 9.99551E-005 9.99551E-005 9.99551E-005 9.99551E-005
9.99551E-005 9.99551E-005 0.973331 0.0261691 9.99551E-005 9.99551E-005 9.99551E-005
0.0190326 9.99551E-005 0.980468 9.99551E-005 9.99551E-005 9.99551E-005 9.99551E-005
9.9982E-005 0.0179867 0.927382 9.9982E-005 0.0213831 0.0111966 0.0218512
9.99551E-005 9.99551E-005 0.936521 0.0629792 9.99551E-005 9.99551E-005 9.99551E-005
9.99641E-005 9.99641E-005 0.96447 0.00668751 0.0284428 9.99641E-005 9.99641E-005
9.99641E-005 9.99641E-005 0.9792 0.00335541 9.99641E-005 0.0170444 9.99641E-005
9.99641E-005 0.0750417 0.895268 0.02929 9.99641E-005 9.99641E-005 9.99641E-005
9.99641E-005 0.00386513 0.969575 0.0261605 9.99641E-005 9.99641E-005 9.99641E-005
0.0260414 0.0161561 0.91565 0.0346709 0.00728114 9.99821E-005 9.99821E-005
0.026719 9.99551E-005 0.972781 9.99551E-005 9.99551E-005 9.99551E-005 9.99551E-005
9.99641E-005 9.99641E-005 0.880567 9.99641E-005 9.99641E-005 0.087762 0.0312714
9.99551E-005 9.99551E-005 0.97722 0.0222807 9.99551E-005 9.99551E-005 9.99551E-005
0.00952865 9.9973E-005 0.930893 9.9973E-005 9.9973E-005 0.0321338 0.0271443
9.9982E-005 0.0877133 0.259858 0.611647 9.9982E-005 0.025749 0.0148325
9.9973E-005 0.36267 0.169982 0.354563 9.9973E-005 0.112484 9.9973E-005
9.9991E-005 0.0585769 0.360307 0.426202 0.0283679 0.0880154 0.038431
0.179454 0.277281 9.99731E-005 0.0496852 0.49328 9.99731E-005 9.99731E-005
0.136382 0.166749 0.00292485 9.99731E-005 0.693645 9.99731E-005 9.99731E-005
0.202308 0.12886 9.99731E-005 0.021457 0.647075 9.99731E-005 9.99731E-005
0.188879 0.223937 9.9982E-005 0.0111742 0.575536 9.9982E-005 0.000273511
0.195693 0.0522942 9.99731E-005 0.0279834 0.723729 9.99731E-005 9.99731E-005
0.271314 0.0718802 9.99641E-005 9.99641E-005 0.656406 9.99641E-005 9.99641E-005
0.181444 0.201341 9.9991E-005 0.0483616 0.508644 0.0229947 0.0371142
9.99641E-005 9.99641E-005 9.99641E-005 9.99641E-005 0.971171 0.00568071 0.022748
9.99551E-005 9.99551E-005 9.99551E-005 9.99551E-005 0.991783 9.99551E-005 0.00771705
0.0225732 9.99731E-005 9.99731E-005 0.0244521 0.869943 9.99731E-005 0.0827313
9.99731E-005 0.394584 0.449861 9.99731E-005 0.150009 9.99731E-005 0.00524653
0.444312 0.172151 0.0780731 9.9991E-005 0.0803359 0.169863 0.0551642
0.155818 0.0839892 0.200077 0.0252169 9.9991E-005 0.500536 0.0342631
9.9982E-005 0.039347 0.155082 0.248785 9.9982E-005 0.51145 0.0451371
0.150723 0.0454345 0.0595324 0.331687 9.9982E-005 0.412423 9.9982E-005
9.99552E-005 9.99552E-005 0.662884 9.99552E-005 9.99552E-005 0.336617 9.99552E-005
9.99731E-005 9.99731E-005 0.949842 0.0237869 0.00897491 9.99731E-005 0.0170964
9.99552E-005 9.99552E-005 0.972565 9.99552E-005 0.0269352 9.99552E-005 9.99552E-005
0.0111848 0.0524324 0.92013 9.9982E-005 9.9982E-005 0.010952 0.00510057
9.995E-005 9.995E-005 0.9994 9.995E-005 9.995E-005 9.995E-005 9.995E-005
9.99641E-005 0.00203817 0.942089 9.99641E-005 9.99641E-005 0.0554732 9.99641E-005
9.99731E-005 9.99731E-005 0.932098 0.0268648 9.99731E-005 0.0383579 0.00237935
0.0121674 9.9982E-005 0.951132 0.0291031 0.00517514 9.9982E-005 0.00222242
9.99551E-005 9.99551E-005 0.998998 9.99551E-005 9.99551E-005 9.99551E-005 0.000502164
9.99641E-005 9.99641E-005 0.941814 0.0075936 0.0501921 9.99641E-005 9.99641E-005
9.99551E-005 9.99551E-005 0.93962 0.0598801 9.99551E-005 9.99551E-005 9.99551E-005
9.99552E-005 0.0224688 0.977031 9.99552E-005 9.99552E-005 9.99552E-005 9.99552E-005
9.99731E-005 0.0134478 0.954453 0.010184 0.0216157 9.99731E-005 9.99731E-005
9.99551E-005 0.0907035 0.908797 9.99551E-005 9.99551E-005 9.99551E-005 9.99551E-005
9.99641E-005 0.0051296 0.956596 9.99641E-005 9.99641E-005 9.99641E-005 0.0378747
9.99641E-005 9.99641E-005 0.942886 9.99641E-005 9.99641E-005 0.0525128 0.00420091
0.0669872 0.660561 9.99821E-005 0.0520533 0.119107 9.99821E-005 0.101092
0.0815901 0.839957 9.99731E-005 9.99731E-005 0.0403902 9.99731E-005 0.0377632
0.141249 0.612751 9.9982E-005 0.0331529 0.109095 9.9982E-005 0.103551
9.99552E-005 9.99552E-005 0.0143788 9.99552E-005 0.985121 9.99552E-005 9.99552E-005
9.99551E-005 9.99551E-005 9.99551E-005 9.99551E-005 0.965761 9.99551E-005 0.0337397
9.99552E-005 0.0604405 9.99552E-005 9.99552E-005 0.93906 9.99552E-005 9.99552E-005
9.99731E-005 0.00627494 9.99731E-005 0.0183255 0.924738 9.99731E-005 0.0503615
0.0575641 0.0827919 0.0421374 0.308261 9.9991E-005 0.503458 0.00568828
0.0307582 0.0312133 0.0623612 0.28632 0.0518579 0.501894 0.0355957
0.0453408 0.213613 0.071564 0.312469 0.0513412 0.305572 9.9991E-005
0.0437623 0.848896 0.00458658 0.00583901 0.0344735 9.9991E-005 0.0623423
9.99731E-005 0.94491 9.99731E-005 9.99731E-005 0.00594603 0.0353295 0.0135148
0.0996464 0.749815 0.0604158 0.0155815 0.0183952 0.0392995 0.0168469
9.99641E-005 0.940994 0.0445781 0.0140283 9.99641E-005 9.99641E-005 9.99641E-005
