9.99641E-005 9.99641E-005 9.99641E-005 0.0159563 0.0149418 0.910412 0.00975132 0.0110238 0.0375147 9.99641E-005
9.99281E-005 9.99281E-005 9.99281E-005 0.00372253 9.99281E-005 0.995478 9.99281E-005 9.99281E-005 9.99281E-005 9.99281E-005
9.99371E-005 9.99371E-005 9.99371E-005 0.0358201 9.99371E-005 0.864438 9.99371E-005 9.99371E-005 0.0990419 9.99371E-005
0.00873041 0.138478 0.0853222 0.00404114 0.0707087 0.692319 9.99641E-005 9.99641E-005 9.99641E-005 9.99641E-005
9.99461E-005 9.99461E-005 9.99461E-005 0.014513 0.0611234 0.870274 9.99461E-005 9.99461E-005 0.0534895 9.99461E-005
9.99201E-005 9.99201E-005 9.99201E-005 9.99201E-005 9.99201E-005 0.999101 9.99201E-005 9.99201E-005 9.99201E-005 9.99201E-005
9.99281E-005 9.99281E-005 9.99281E-005 0.00655493 9.99281E-005 0.992646 9.99281E-005 9.99281E-005 9.99281E-005 9.99281E-005
0.132036 0.00269754 0.059879 9.99731E-005 0.0381574 0.747857 9.99731E-005 0.00935266 0.00972037 9.99731E-005
9.99461E-005 0.0926339 0.0868804 9.99461E-005 9.99461E-005 0.77413 9.99461E-005 9.99461E-005 9.99461E-005 0.0457557
9.99371E-005 9.99371E-005 0.113884 9.99371E-005 9.99371E-005 0.796454 9.99371E-005 9.99371E-005 9.99371E-005 0.088962
9.99371E-005 9.99371E-005 9.99371E-005 9.99371E-005 9.99371E-005 0.873677 9.99371E-005 0.0519922 9.99371E-005 0.0736313
0.02085 9.99641E-005 0.13993 0.0682188 0.147422 0.596894 9.99641E-005 9.99641E-005 0.0262846 9.99641E-005
0.132827 0.0248199 0.00460799 0.011587 0.0669196 0.670065 9.99731E-005 9.99731E-005 0.0888739 9.99731E-005
9.99642E-005 0.0644129 9.99642E-005 9.99642E-005 0.131335 0.627837 0.0311802 9.99642E-005 0.11299 0.0318455
0.101387 0.178809 0.13878 9.9991E-005 0.0939943 0.381548 0.00951172 0.0565122 0.0341131 0.00524548
0.00542162 0.103408 0.148154 9.99641E-005 9.99641E-005 0.498512 0.0155834 9.99641E-005 0.228521 9.99641E-005
9.99551E-005 0.0915564 0.132427 9.99551E-005 0.0889285 0.584849 9.99551E-005 9.99551E-005 0.101739 9.99551E-005
9.99551E-005 9.99551E-005 0.0709212 9.99551E-005 0.0787544 0.505792 9.99551E-005 0.0647915 0.279242 9.99551E-005
9.99731E-005 0.0376298 0.268115 0.530234 0.023025 0.0585218 0.00482772 9.99731E-005 0.0773469 9.99731E-005
9.99461E-005 9.99461E-005 0.854727 0.0527089 0.0229779 0.0689861 9.99461E-005 9.99461E-005 9.99461E-005 9.99461E-005
9.99372E-005 9.99372E-005 0.870794 0.110903 9.99372E-005 9.99372E-005 9.99372E-005 9.99372E-005 0.0176038 9.99372E-005
0.00508599 9.99731E-005 0.583189 0.282294 0.00600145 0.0944929 9.99731E-005 0.0034112 9.99731E-005 0.0252252
9.99461E-005 9.99461E-005 0.869415 0.0546701 9.99461E-005 9.99461E-005 9.99461E-005 0.0434375 9.99461E-005 0.031878
9.99201E-005 9.99201E-005 9.99201E-005 0.999101 9.99201E-005 9.99201E-005 9.99201E-005 9.99201E-005 9.99201E-005 9.99201E-005
9.99201E-005 9.99201E-005 9.99201E-005 0.999101 9.99201E-005 9.99201E-005 9.99201E-005 9.99201E-005 9.99201E-005 9.99201E-005
9.99201E-005 9.99201E-005 9.99201E-005 0.999101 9.99201E-005 9.99201E-005 9.99201E-005 9.99201E-005 9.99201E-005 9.99201E-005
9.99551E-005 0.11803 0.738618 0.0784179 0.0465731 9.99551E-005 0.0178613 9.99551E-005 9.99551E-005 9.99551E-005
0.00872105 9.99551E-005 0.221862 0.760737 9.99551E-005 0.00527312 0.00290731 9.99551E-005 9.99551E-005 9.99551E-005
9.99461E-005 0.0726912 0.904557 0.0151221 9.99461E-005 9.99461E-005 9.99461E-005 9.99461E-005 0.00703017 9.99461E-005
9.99201E-005 9.99201E-005 9.99201E-005 0.999101 9.99201E-005 9.99201E-005 9.99201E-005 9.99201E-005 9.99201E-005 9.99201E-005
0.0820865 9.99461E-005 0.664898 0.170317 9.99461E-005 0.0820987 9.99461E-005 9.99461E-005 9.99461E-005 9.99461E-005
9.99201E-005 9.99201E-005 9.99201E-005 0.999101 9.99201E-005 9.99201E-005 9.99201E-005 9.99201E-005 9.99201E-005 9.99201E-005
9.99372E-005 9.99372E-005 0.770194 0.115896 9.99372E-005 9.99372E-005 9.99372E-005 9.99372E-005 0.11321 9.99372E-005
9.99551E-005 9.99551E-005 0.718922 0.263825 9.99551E-005 0.00457188 0.0067796 9.99551E-005 9.99551E-005 0.00540085
0.0110933 9.99731E-005 0.74257 0.154544 0.0223981 9.99731E-005 0.0102864 9.99731E-005 0.0261108 0.0326975
9.99371E-005 9.99371E-005 0.820073 0.144553 9.99371E-005 0.0346744 9.99371E-005 9.99371E-005 9.99371E-005 9.99371E-005
9.99641E-005 0.0820008 0.767248 0.108974 9.99641E-005 0.0363148 0.00135636 0.00370622 9.99641E-005 9.99641E-005
9.99641E-005 9.99641E-005 0.0718989 9.99641E-005 0.700087 0.0833079 0.0174407 9.99641E-005 0.0899001 0.0369652
9.99201E-005 9.99201E-005 9.99201E-005 9.99201E-005 0.999101 9.99201E-005 9.99201E-005 9.99201E-005 9.99201E-005 9.99201E-005
9.99641E-005 9.99641E-005 9.99641E-005 0.0147398 0.776873 0.000392711 0.0378298 9.99641E-005 0.143557 0.0262084
9.99372E-005 9.99372E-005 9.99372E-005 9.99372E-005 0.822194 9.99372E-005 9.99372E-005 0.0147748 0.162331 9.99372E-005
9.99461E-005 9.99461E-005 9.99461E-005 0.0206489 0.759185 9.99461E-005 0.0279892 9.99461E-005 0.191577 9.99461E-005
9.99371E-005 0.0215602 9.99371E-005 9.99371E-005 0.93615 9.99371E-005 9.99371E-005 9.99371E-005 0.0415905 9.99371E-005
9.99282E-005 9.99282E-005 9.99282E-005 9.99282E-005 0.779925 9.99282E-005 9.99282E-005 9.99282E-005 0.219276 9.99282E-005
0.00932753 0.0561993 0.00110031 0.0235884 0.836993 9.99652E-005 9.99652E-005 9.99652E-005 0.0723919 9.99652E-005
9.99371E-005 9.99371E-005 9.99371E-005 0.00516132 0.928295 9.99371E-005 9.99371E-005 9.99371E-005 0.065844 9.99371E-005
0.168988 0.517199 9.99731E-005 0.0375313 0.0671458 0.110876 9.99731E-005 9.99731E-005 0.0242876 0.0736718
9.99201E-005 9.99201E-005 9.99201E-005 9.99201E-005 9.99201E-005 9.99201E-005 9.99201E-005 0.999101 9.99201E-005 9.99201E-005
9.99368E-005 9.99368E-005 9.99368E-005 9.99368E-005 0.0454848 9.99368E-005 9.99368E-005 0.926146 9.99368E-005 0.0276694
9.99372E-005 0.911117 9.99372E-005 9.99372E-005 9.99372E-005 9.99372E-005 0.00449816 9.99372E-005 0.0836851 9.99372E-005
0.00814106 0.325991 9.99458E-005 9.99458E-005 9.99458E-005 9.99458E-005 9.99458E-005 0.520601 9.99458E-005 0.144667
9.99372E-005 0.969051 9.99372E-005 0.0276562 0.00259288 9.99372E-005 9.99372E-005 9.99372E-005 9.99372E-005 9.99372E-005
0.0243693 0.801382 0.122326 9.99641E-005 0.00620191 9.99641E-005 0.0164544 9.99641E-005 9.99641E-005 0.0288664
0.0607848 0.732409 0.00555064 0.0262467 0.120055 0.0298125 9.99731E-005 0.024841 9.99731E-005 9.99731E-005
9.99372E-005 0.9142 9.99372E-005 9.99372E-005 9.99372E-005 0.0592081 9.99372E-005 9.99372E-005 9.99372E-005 0.0258926
9.99282E-005 0.971479 9.99282E-005 9.99282E-005 9.99282E-005 0.0277214 9.99282E-005 9.99282E-005 9.99282E-005 9.99282E-005
9.99461E-005 0.848947 9.99461E-005 0.0592819 9.99461E-005 9.99461E-005 0.0430461 9.99461E-005 0.048125 9.99461E-005
9.99372E-005 0.933975 9.99372E-005 9.99372E-005 9.99372E-005 0.0591501 0.00617577 9.99372E-005 9.99372E-005 9.99372E-005
9.99201E-005 0.999101 9.99201E-005 9.99201E-005 9.99201E-005 9.99201E-005 9.99201E-005 9.99201E-005 9.99201E-005 9.99201E-005
9.99282E-005 0.948965 0.0502352 9.99282E-005 9.99282E-005 9.99282E-005 9.99282E-005 9.99282E-005 9.99282E-005 9.99282E-005
0.939465 9.99461E-005 0.0167766 0.00916365 9.99461E-005 0.0339954 9.99461E-005 9.99461E-005 9.99461E-005 9.99461E-005
0.89205 9.99461E-005 0.088289 9.99461E-005 9.99461E-005 9.99461E-005 0.0100273 9.99461E-005 0.00903373 9.99461E-005
0.889432 0.0143629 9.99551E-005 9.99551E-005 0.0613549 0.0175798 9.99551E-005 9.99551E-005 0.0167704 9.99551E-005
0.564641 9.99372E-005 9.99372E-005 9.99372E-005 9.99372E-005 9.99372E-005 0.319814 9.99372E-005 9.99372E-005 0.114845
0.364682 9.99461E-005 9.99461E-005 0.0373024 9.99461E-005 9.99461E-005 0.320447 9.99461E-005 9.99461E-005 0.276969
9.99283E-005 9.99283E-005 9.99283E-005 9.99283E-005 0.0109984 9.99283E-005 0.988202 9.99283E-005 9.99283E-005 9.99283E-005
9.99201E-005 9.99201E-005 9.99201E-005 9.99201E-005 9.99201E-005 9.99201E-005 0.999101 9.99201E-005 9.99201E-005 9.99201E-005
0.436139 9.99551E-005 0.0190634 9.99551E-005 0.0180733 9.99551E-005 0.405071 9.99551E-005 9.99551E-005 0.121154
0.41431 9.99371E-005 9.99371E-005 9.99371E-005 9.99371E-005 9.99371E-005 0.370211 9.99371E-005 9.99371E-005 0.214779
9.99371E-005 9.99371E-005 0.00590976 9.99371E-005 9.99371E-005 9.99371E-005 0.951476 9.99371E-005 0.041915 9.99371E-005
9.99201E-005 9.99201E-005 9.99201E-005 9.99201E-005 9.99201E-005 9.99201E-005 0.999101 9.99201E-005 9.99201E-005 9.99201E-005
0.615556 9.99461E-005 0.00884516 9.99461E-005 9.99461E-005 9.99461E-005 0.312435 9.99461E-005 9.99461E-005 0.0625645
9.99282E-005 0.013138 9.99282E-005 9.99282E-005 9.99282E-005 9.99282E-005 0.986063 9.99282E-005 9.99282E-005 9.99282E-005
0.00102316 0.0107257 9.99371E-005 9.99371E-005 9.99371E-005 9.99371E-005 0.987552 9.99371E-005 9.99371E-005 9.99371E-005
9.99282E-005 9.99282E-005 9.99282E-005 9.99282E-005 9.99282E-005 9.99282E-005 0.993293 0.00590802 9.99282E-005 9.99282E-005
0.0710935 9.99371E-005 9.99371E-005 9.99371E-005 9.99371E-005 9.99371E-005 0.928003 9.99371E-005 9.99371E-005 0.000203575
9.99281E-005 9.99281E-005 9.99281E-005 0.0364882 9.99281E-005 9.99281E-005 0.962712 9.99281E-005 9.99281E-005 9.99281E-005
9.99283E-005 9.99283E-005 0.954997 9.99283E-005 9.99283E-005 9.99283E-005 9.99283E-005 9.99283E-005 0.0442038 9.99283E-005
0.00217971 9.99641E-005 9.99641E-005 0.0278308 0.84443 0.0159591 9.99641E-005 0.0114194 0.0977816 9.99641E-005
9.99461E-005 9.99461E-005 9.99461E-005 0.0488589 0.932047 0.0103005 9.99461E-005 9.99461E-005 0.00819407 9.99461E-005
9.99372E-005 9.99372E-005 9.99372E-005 0.017972 9.99372E-005 9.99372E-005 0.047085 9.99372E-005 9.99372E-005 0.934243
9.99372E-005 9.99372E-005 9.99372E-005 9.99372E-005 9.99372E-005 9.99372E-005 0.0652403 0.00509328 9.99372E-005 0.928967
9.99282E-005 9.99282E-005 9.99282E-005 9.99282E-005 9.99282E-005 9.99282E-005 0.0420186 9.99282E-005 9.99282E-005 0.957182
9.99372E-005 0.014896 9.99372E-005 9.99372E-005 9.99372E-005 9.99372E-005 9.99372E-005 9.99372E-005 0.0402688 0.944136
0.0269461 0.0403927 9.99372E-005 9.99372E-005 9.99372E-005 9.99372E-005 9.99372E-005 9.99372E-005 9.99372E-005 0.931962
0.0369655 9.99371E-005 9.99371E-005 0.024348 9.99371E-005 9.99371E-005 9.99371E-005 9.99371E-005 9.99371E-005 0.937987
9.99462E-005 9.99462E-005 9.99462E-005 0.0461908 9.99462E-005 9.99462E-005 0.0134551 9.99462E-005 0.016215 0.92354
0.0418407 0.0642417 9.99552E-005 9.99552E-005 0.0108088 9.99552E-005 0.000773124 9.99552E-005 9.99552E-005 0.881836
9.99372E-005 0.0350567 0.0642807 9.99372E-005 9.99372E-005 9.99372E-005 9.99372E-005 9.99372E-005 9.99372E-005 0.899963
0.0132363 0.0499617 9.99641E-005 0.00236862 9.99641E-005 0.00918326 9.99641E-005 9.99641E-005 0.00455918 0.920291
0.00128948 9.99396E-005 9.99396E-005 9.99396E-005 9.99396E-005 9.99396E-005 9.99396E-005 9.99396E-005 0.0302765 0.967734
9.99462E-005 0.0360832 9.99462E-005 9.99462E-005 9.99462E-005 9.99462E-005 0.0459354 0.0572079 9.99462E-005 0.860174
9.99201E-005 0.0852931 9.99201E-005 9.99201E-005 9.99201E-005 9.99201E-005 9.99201E-005 9.99201E-005 9.99201E-005 0.913908
9.99371E-005 0.0149747 9.99371E-005 9.99371E-005 9.99371E-005 9.99371E-005 0.0393682 9.99371E-005 9.99371E-005 0.944957
0.0698154 9.99282E-005 9.99282E-005 9.99282E-005 9.99282E-005 9.99282E-005 9.99282E-005 9.99282E-005 9.99282E-005 0.929385
9.99521E-005 9.99521E-005 9.99521E-005 0.012646 9.99521E-005 9.99521E-005 9.99521E-005 0.0208903 0.070802 0.895062
9.99282E-005 9.99282E-005 9.99282E-005 9.99282E-005 9.99282E-005 9.99282E-005 0.071351 9.99282E-005 9.99282E-005 0.92785
9.99462E-005 9.99462E-005 9.99462E-005 9.99462E-005 0.0341877 0.0164914 0.00568448 9.99462E-005 9.99462E-005 0.943037
0.043422 9.99283E-005 9.99283E-005 9.99283E-005 9.99283E-005 9.99283E-005 9.99283E-005 9.99283E-005 9.99283E-005 0.955779
9.99461E-005 9.99461E-005 0.101756 9.99461E-005 9.99461E-005 9.99461E-005 0.0261948 0.00191911 9.99461E-005 0.869531
9.99462E-005 9.99462E-005 0.0261345 9.99462E-005 9.99462E-005 0.00643059 0.0205106 9.99462E-005 9.99462E-005 0.946325
0.0371135 9.99462E-005 9.99462E-005 9.99462E-005 9.99462E-005 9.99462E-005 0.0125103 9.99462E-005 0.0591938 0.890583
9.99282E-005 9.99282E-005 9.99282E-005 9.99282E-005 9.99282E-005 0.0522814 9.99282E-005 9.99282E-005 9.99282E-005 0.946919
0.0106237 0.119586 9.99461E-005 0.0159517 9.99461E-005 9.99461E-005 9.99461E-005 9.99461E-005 9.99461E-005 0.853239
0.0579288 9.99372E-005 9.99372E-005 9.99372E-005 9.99372E-005 9.99372E-005 9.99372E-005 9.99372E-005 0.00433476 0.937037
0.0393959 9.99551E-005 9.99551E-005 0.0236166 9.99551E-005 0.024116 9.99551E-005 0.0221943 9.99551E-005 0.890177
0.620303 9.99371E-005 9.99371E-005 9.99371E-005 9.99371E-005 9.99371E-005 0.280477 9.99371E-005 9.99371E-005 0.0985203
0.519292 9.9955E-005 0.243014 9.9955E-005 9.9955E-005 9.9955E-005 0.149627 0.0042644 9.9955E-005 0.0833025
0.488583 9.99462E-005 9.99462E-005 0.0145254 9.99462E-005 9.99462E-005 0.232901 9.99462E-005 9.99462E-005 0.263391
9.99641E-005 9.99641E-005 0.123792 9.99641E-005 0.0375073 0.00540035 0.0396603 0.00730508 0.785935 9.99641E-005
9.99201E-005 9.99201E-005 9.99201E-005 9.99201E-005 9.99201E-005 9.99201E-005 9.99201E-005 9.99201E-005 0.999101 9.99201E-005
0.000112506 0.0435026 9.99372E-005 9.99372E-005 9.99372E-005 9.99372E-005 9.99372E-005 9.99372E-005 0.955685 9.99372E-005
9.99281E-005 9.99281E-005 9.99281E-005 0.00139591 9.99281E-005 9.99281E-005 9.99281E-005 9.99281E-005 0.997805 9.99281E-005
9.99282E-005 9.99282E-005 9.99282E-005 9.99282E-005 0.0455265 9.99282E-005 9.99282E-005 9.99282E-005 0.953674 9.99282E-005
9.99201E-005 9.99201E-005 9.99201E-005 9.99201E-005 9.99201E-005 9.99201E-005 9.99201E-005 9.99201E-005 0.999101 9.99201E-005
0.0103386 9.99821E-005 0.0707315 0.0481482 0.185839 0.0928397 0.0214709 0.0301789 0.540254 9.99821E-005
9.99282E-005 9.99282E-005 9.99282E-005 9.99282E-005 0.978491 9.99282E-005 9.99282E-005 0.0207093 9.99282E-005 9.99282E-005
9.99201E-005 9.99201E-005 9.99201E-005 9.99201E-005 0.999101 9.99201E-005 9.99201E-005 9.99201E-005 9.99201E-005 9.99201E-005
0.00719316 9.99551E-005 9.99551E-005 0.0547923 0.865466 0.045114 0.0269351 9.99551E-005 9.99551E-005 9.99551E-005
9.99552E-005 9.99552E-005 0.317343 0.00507159 0.0427701 9.99552E-005 9.99552E-005 9.99552E-005 0.181367 0.452949
9.9982E-005 0.123382 0.195575 0.0503632 0.0324703 0.414718 9.9982E-005 0.0789896 0.0530459 0.0512557
9.99639E-005 9.99639E-005 9.99639E-005 0.0269827 9.99639E-005 0.107242 0.0425163 0.732077 0.019708 0.0710746
0.883503 0.0834511 9.99371E-005 9.99371E-005 9.99371E-005 9.99371E-005 9.99371E-005 9.99371E-005 9.99371E-005 0.0323465
0.88021 0.0319112 9.99461E-005 9.99461E-005 9.99461E-005 0.083801 0.00347825 9.99461E-005 9.99461E-005 9.99461E-005
9.99276E-005 9.99276E-005 9.99276E-005 9.99276E-005 9.99276E-005 9.99276E-005 9.99276E-005 0.647186 9.99276E-005 0.352014
9.99552E-005 0.0617975 9.99552E-005 0.000860501 9.99552E-005 9.99552E-005 0.0130107 9.99552E-005 0.0162905 0.907541
9.99462E-005 0.00884512 9.99462E-005 9.99462E-005 0.0302014 9.99462E-005 9.99462E-005 9.99462E-005 0.00556379 0.95479
9.9982E-005 0.00468433 0.000431351 0.0066443 9.9982E-005 0.0321346 0.007924 0.0663713 0.00128079 0.880329
9.99283E-005 9.99283E-005 9.99283E-005 9.99283E-005 0.0113815 9.99283E-005 9.99283E-005 9.99283E-005 9.99283E-005 0.987819
9.99461E-005 0.050747 9.99461E-005 9.99461E-005 9.99461E-005 9.99461E-005 9.99461E-005 0.00136268 0.0305814 0.916709
0.0442309 0.0254142 9.99462E-005 9.99462E-005 9.99462E-005 9.99462E-005 0.00553803 9.99462E-005 9.99462E-005 0.924217
9.99462E-005 0.00695278 9.99462E-005 9.99462E-005 9.99462E-005 9.99462E-005 0.0164923 9.99462E-005 0.036806 0.939149
9.99372E-005 9.99372E-005 9.99372E-005 0.000596197 0.00974344 9.99372E-005 9.99372E-005 9.99372E-005 9.99372E-005 0.988961
0.0405755 9.99372E-005 9.99372E-005 9.99372E-005 0.054064 9.99372E-005 9.99372E-005 9.99372E-005 9.99372E-005 0.904661
0.0313032 9.99372E-005 9.99372E-005 9.99372E-005 9.99372E-005 9.99372E-005 0.0342011 9.99372E-005 9.99372E-005 0.933796
0.0249036 9.99373E-005 9.99373E-005 9.99373E-005 9.99373E-005 9.99373E-005 9.99373E-005 9.99373E-005 0.0182534 0.956144
9.99461E-005 9.99461E-005 0.0403225 9.99461E-005 0.00605325 9.99461E-005 0.0304751 9.99461E-005 9.99461E-005 0.922549
9.99282E-005 9.99282E-005 0.104319 9.99282E-005 9.99282E-005 9.99282E-005 9.99282E-005 9.99282E-005 9.99282E-005 0.894882
0.010513 0.0187646 9.99462E-005 0.0384189 9.99462E-005 9.99462E-005 9.99462E-005 9.99462E-005 9.99462E-005 0.931704
9.99372E-005 0.0992672 9.99372E-005 9.99372E-005 9.99372E-005 9.99372E-005 9.99372E-005 0.00588652 9.99372E-005 0.894147
9.99641E-005 9.99641E-005 0.663185 0.0594656 0.00521272 0.0613401 0.064202 9.99641E-005 0.146195 9.99641E-005
9.99461E-005 9.99461E-005 0.854285 0.0294849 9.99461E-005 0.10083 9.99461E-005 9.99461E-005 0.014801 9.99461E-005
9.99551E-005 9.99551E-005 0.637941 0.0956554 0.0749352 0.166416 0.0245531 9.99551E-005 9.99551E-005 9.99551E-005
9.99282E-005 9.99282E-005 0.00200082 9.99282E-005 0.9972 9.99282E-005 9.99282E-005 9.99282E-005 9.99282E-005 9.99282E-005
9.99372E-005 0.0127524 9.99372E-005 0.0258358 0.960712 9.99372E-005 9.99372E-005 9.99372E-005 9.99372E-005 9.99372E-005
9.99373E-005 0.0429207 0.0522419 9.99373E-005 0.904138 9.99373E-005 9.99373E-005 9.99373E-005 9.99373E-005 9.99373E-005
0.0289055 0.0333947 9.99551E-005 0.0237364 0.852818 9.99551E-005 9.99551E-005 9.99551E-005 0.0606458 9.99551E-005
0.985395 9.99282E-005 9.99282E-005 9.99282E-005 9.99282E-005 0.0138052 9.99282E-005 9.99282E-005 9.99282E-005 9.99282E-005
0.892772 0.05517 9.99461E-005 0.00943899 9.99461E-005 9.99461E-005 9.99461E-005 9.99461E-005 0.0420197 9.99461E-005
0.890248 9.99551E-005 0.00834819 9.99551E-005 0.0122955 0.0139128 9.99551E-005 9.99551E-005 0.0746962 9.99551E-005
9.99552E-005 0.0403867 0.790954 0.0577741 9.99552E-005 0.0350852 9.99552E-005 9.99552E-005 0.0753007 9.99552E-005
0.0261466 9.99372E-005 0.96841 9.99372E-005 9.99372E-005 9.99372E-005 9.99372E-005 9.99372E-005 0.00474368 9.99372E-005
0.0922441 9.9982E-005 0.662423 0.0164673 0.000476021 0.125999 0.00276364 9.9982E-005 0.0435636 0.0558633
0.102009 9.99461E-005 0.864376 9.99461E-005 9.99461E-005 9.99461E-005 9.99461E-005 0.0234984 9.99461E-005 0.00951672
