0.0181994 0.0297983 0.905249 9.99641E-005 9.99641E-005 9.99641E-005 0.0301972 0.00636966 9.99641E-005 0.00978677
9.99281E-005 9.99281E-005 0.986944 9.99281E-005 9.99281E-005 9.99281E-005 9.99281E-005 9.99281E-005 9.99281E-005 0.0122568
9.99371E-005 9.99371E-005 0.855393 9.99371E-005 9.99371E-005 9.99371E-005 0.112804 9.99371E-005 9.99371E-005 0.0311039
9.99462E-005 0.0754784 0.714271 0.0891219 9.99462E-005 9.99462E-005 9.99462E-005 9.99462E-005 0.120529 9.99462E-005
9.99461E-005 0.092577 0.823018 9.99461E-005 9.99461E-005 9.99461E-005 0.0625523 9.99461E-005 9.99461E-005 0.0212526
9.99201E-005 9.99201E-005 0.999101 9.99201E-005 9.99201E-005 9.99201E-005 9.99201E-005 9.99201E-005 9.99201E-005 9.99201E-005
9.99201E-005 9.99201E-005 0.999101 9.99201E-005 9.99201E-005 9.99201E-005 9.99201E-005 9.99201E-005 9.99201E-005 9.99201E-005
0.0205998 0.0568789 0.739051 0.0697615 9.99641E-005 9.99641E-005 9.99641E-005 0.0287677 0.0845416 9.99641E-005
9.9955E-005 9.9955E-005 0.820616 0.0569607 0.0236375 0.0508847 9.9955E-005 9.9955E-005 0.0474017 9.9955E-005
9.99371E-005 9.99371E-005 0.812309 0.0845511 9.99371E-005 0.10244 9.99371E-005 9.99371E-005 9.99371E-005 9.99371E-005
0.0579652 9.99371E-005 0.861519 9.99371E-005 0.0798161 9.99371E-005 9.99371E-005 9.99371E-005 9.99371E-005 9.99371E-005
9.99641E-005 0.160748 0.588155 0.164905 9.99641E-005 9.99641E-005 0.0182612 9.99641E-005 0.00967228 0.0578597
0.0153743 0.030464 0.697144 0.0664958 0.0301287 9.9991E-005 0.0923263 0.00487134 0.0603242 0.00277144
9.99642E-005 0.150602 0.66003 9.99642E-005 0.0530671 0.00654773 0.0994688 0.0298844 9.99642E-005 9.99642E-005
0.0924638 0.101466 0.396144 0.1151 9.9982E-005 0.033451 0.03652 0.026011 0.198644 9.9982E-005
0.000204138 0.00865477 0.467493 0.13273 9.9982E-005 9.9982E-005 0.26799 0.0176945 0.102116 0.0029177
9.99641E-005 0.132083 0.565266 0.11108 9.99641E-005 9.99641E-005 0.105762 9.99641E-005 0.0722547 0.0131534
0.0620856 0.0904189 0.507284 0.0790778 9.99641E-005 9.99641E-005 0.253956 9.99641E-005 0.00677837 9.99641E-005
9.99641E-005 0.0424894 0.10214 0.24123 9.99641E-005 0.0137116 0.0520728 9.99641E-005 9.99641E-005 0.547957
9.99372E-005 9.99372E-005 0.0430982 0.911655 9.99372E-005 9.99372E-005 9.99372E-005 9.99372E-005 9.99372E-005 0.0445477
9.99461E-005 0.00276533 9.99461E-005 0.89276 9.99461E-005 9.99461E-005 0.000782551 9.99461E-005 9.99461E-005 0.103093
9.99551E-005 0.0313118 0.0506335 0.614091 0.0514038 9.99551E-005 9.99551E-005 9.99551E-005 9.99551E-005 0.25206
0.0319384 9.99461E-005 9.99461E-005 0.844339 0.0614304 9.99461E-005 9.99461E-005 9.99461E-005 9.99461E-005 0.0616926
9.99201E-005 9.99201E-005 9.99201E-005 9.99201E-005 9.99201E-005 9.99201E-005 9.99201E-005 9.99201E-005 9.99201E-005 0.999101
9.99201E-005 9.99201E-005 9.99201E-005 9.99201E-005 9.99201E-005 9.99201E-005 9.99201E-005 9.99201E-005 9.99201E-005 0.999101
9.99201E-005 9.99201E-005 9.99201E-005 9.99201E-005 9.99201E-005 9.99201E-005 9.99201E-005 9.99201E-005 9.99201E-005 0.999101
9.99551E-005 0.0430579 9.99551E-005 0.789727 9.99551E-005 0.0750776 0.0129525 9.99551E-005 9.99551E-005 0.0786853
9.99461E-005 9.99461E-005 0.0255787 0.209364 9.99461E-005 9.99461E-005 9.99461E-005 0.00282861 9.99461E-005 0.761629
0.0218755 9.99551E-005 9.99551E-005 0.868018 9.99551E-005 9.99551E-005 0.0592689 9.99551E-005 0.01023 0.0401076
9.99201E-005 9.99201E-005 9.99201E-005 9.99201E-005 9.99201E-005 9.99201E-005 9.99201E-005 9.99201E-005 9.99201E-005 0.999101
9.99461E-005 9.99461E-005 0.0741523 0.711409 9.99461E-005 9.99461E-005 9.99461E-005 9.99461E-005 0.0422979 0.171541
9.99201E-005 9.99201E-005 9.99201E-005 9.99201E-005 9.99201E-005 9.99201E-005 9.99201E-005 9.99201E-005 9.99201E-005 0.999101
9.99371E-005 9.99371E-005 9.99371E-005 0.779457 9.99371E-005 9.99371E-005 0.111549 9.99371E-005 9.99371E-005 0.108295
9.99372E-005 9.99372E-005 9.99372E-005 0.727535 0.00901536 9.99372E-005 9.99372E-005 9.99372E-005 9.99372E-005 0.262751
9.99731E-005 0.0383106 9.99731E-005 0.735311 0.0234369 0.0224558 0.013313 0.00226908 9.99731E-005 0.164604
9.99371E-005 9.99371E-005 0.0234248 0.841744 9.99371E-005 9.99371E-005 9.99371E-005 9.99371E-005 9.99371E-005 0.134131
0.0134891 9.99641E-005 0.0275426 0.781335 0.0084985 9.99641E-005 9.99641E-005 9.99641E-005 0.062476 0.106259
9.99731E-005 0.733822 0.0667455 0.0599196 0.00024579 0.0504321 0.0864717 0.00206305 9.99731E-005 9.99731E-005
9.99201E-005 0.999101 9.99201E-005 9.99201E-005 9.99201E-005 9.99201E-005 9.99201E-005 9.99201E-005 9.99201E-005 9.99201E-005
9.99731E-005 0.785186 0.00046184 0.0104279 9.99731E-005 0.032054 0.113267 0.0399809 9.99731E-005 0.0183224
0.0189484 0.839434 9.99372E-005 9.99372E-005 9.99372E-005 9.99372E-005 0.140918 9.99372E-005 9.99372E-005 9.99372E-005
0.00348641 0.732527 9.99551E-005 9.99551E-005 9.99551E-005 9.99551E-005 0.223611 0.0234366 9.99551E-005 0.0164398
9.99371E-005 0.970534 9.99371E-005 9.99371E-005 9.99371E-005 9.99371E-005 0.0199207 9.99371E-005 0.00884613 9.99371E-005
9.99282E-005 0.771624 9.99282E-005 9.99282E-005 9.99282E-005 9.99282E-005 0.227576 9.99282E-005 9.99282E-005 9.99282E-005
9.99641E-005 0.805194 0.0336232 0.0090509 9.99641E-005 9.99641E-005 0.0645968 9.99641E-005 0.0726665 0.0144686
9.99461E-005 0.945141 9.99461E-005 9.99461E-005 9.99461E-005 9.99461E-005 0.0393309 0.000380084 9.99461E-005 0.014548
9.99641E-005 0.0596297 0.106801 9.99641E-005 9.99641E-005 0.0993266 0.0476969 9.99641E-005 0.648694 0.0374521
0.999101 9.99201E-005 9.99201E-005 9.99201E-005 9.99201E-005 9.99201E-005 9.99201E-005 9.99201E-005 9.99201E-005 9.99201E-005
0.908764 0.0514869 9.99368E-005 9.99368E-005 9.99368E-005 0.0390499 9.99368E-005 9.99368E-005 9.99368E-005 9.99368E-005
9.99283E-005 9.99283E-005 9.99283E-005 9.99283E-005 9.99283E-005 9.99283E-005 0.116783 9.99283E-005 0.882418 9.99283E-005
0.5234 9.99368E-005 9.99368E-005 9.99368E-005 9.99368E-005 0.130856 9.99368E-005 9.99368E-005 0.345044 9.99368E-005
9.99372E-005 0.00722679 9.99372E-005 9.99372E-005 9.99372E-005 9.99372E-005 9.99372E-005 9.99372E-005 0.972552 0.0195219
9.99731E-005 0.0168212 9.99731E-005 0.113864 0.0244732 0.00309594 9.99731E-005 0.0383842 0.800147 0.00291438
9.99551E-005 0.113941 0.0639281 9.99551E-005 0.0276858 9.99551E-005 9.99551E-005 9.99551E-005 0.76647 0.0274757
9.99372E-005 9.99372E-005 0.0583329 9.99372E-005 9.99372E-005 0.0349088 9.99372E-005 9.99372E-005 0.906059 9.99372E-005
9.99372E-005 0.00784271 0.0311822 9.99372E-005 9.99372E-005 9.99372E-005 9.99372E-005 9.99372E-005 0.960276 9.99372E-005
9.99551E-005 9.99551E-005 9.99551E-005 9.99551E-005 9.99551E-005 0.0167283 0.0865415 0.038086 0.803133 0.0550111
0.0182753 9.99461E-005 0.0860401 9.99461E-005 9.99461E-005 9.99461E-005 9.99461E-005 0.00546463 0.88962 9.99461E-005
9.99281E-005 9.99281E-005 9.99281E-005 9.99281E-005 0.0359421 9.99281E-005 9.99281E-005 9.99281E-005 0.963258 9.99281E-005
9.99371E-005 9.99371E-005 9.99371E-005 0.0504829 9.99371E-005 0.00598709 9.99371E-005 9.99371E-005 0.94283 9.99371E-005
9.995E-005 9.995E-005 9.995E-005 0.159119 9.995E-005 0.0600031 9.995E-005 0.233501 0.529747 0.01713
9.99461E-005 9.99461E-005 9.99461E-005 0.196636 9.99461E-005 0.0177284 9.99461E-005 0.230053 0.554983 9.99461E-005
9.99731E-005 0.0335014 9.99731E-005 0.0562168 9.99731E-005 0.012027 0.0230422 0.220597 0.632627 0.0216894
9.99462E-005 9.99462E-005 9.99462E-005 9.99462E-005 0.209207 9.99462E-005 9.99462E-005 0.551401 0.222646 0.0161461
9.99551E-005 9.99551E-005 9.99551E-005 9.99551E-005 0.320412 0.0476614 9.99551E-005 0.456867 0.117942 0.0566186
9.99282E-005 0.00415504 9.99282E-005 9.99282E-005 9.99282E-005 9.99282E-005 9.99282E-005 0.995046 9.99282E-005 9.99282E-005
9.99201E-005 9.99201E-005 9.99201E-005 9.99201E-005 9.99201E-005 9.99201E-005 9.99201E-005 0.999101 9.99201E-005 9.99201E-005
9.99551E-005 0.00402946 9.99551E-005 0.079824 0.200349 9.99551E-005 9.99551E-005 0.535987 0.17931 9.99551E-005
9.99372E-005 9.99372E-005 9.99372E-005 9.99372E-005 0.283024 9.99372E-005 9.99372E-005 0.520748 0.195529 9.99372E-005
9.99281E-005 9.99281E-005 9.99281E-005 9.99281E-005 9.99281E-005 9.99281E-005 0.0284806 0.97072 9.99281E-005 9.99281E-005
9.99201E-005 9.99201E-005 9.99201E-005 9.99201E-005 9.99201E-005 9.99201E-005 9.99201E-005 0.999101 9.99201E-005 9.99201E-005
9.99551E-005 9.99551E-005 9.99551E-005 0.117151 0.171501 0.00165231 9.99551E-005 0.514614 0.194581 9.99551E-005
9.99282E-005 0.0042025 9.99282E-005 9.99282E-005 9.99282E-005 9.99282E-005 9.99282E-005 0.994998 9.99282E-005 9.99282E-005
9.99201E-005 9.99201E-005 9.99201E-005 9.99201E-005 9.99201E-005 9.99201E-005 9.99201E-005 0.999101 9.99201E-005 9.99201E-005
9.99201E-005 9.99201E-005 9.99201E-005 9.99201E-005 9.99201E-005 9.99201E-005 9.99201E-005 0.999101 9.99201E-005 9.99201E-005
9.99282E-005 9.99282E-005 9.99282E-005 9.99282E-005 9.99282E-005 0.0132361 9.99282E-005 0.985964 9.99282E-005 9.99282E-005
9.99371E-005 9.99371E-005 9.99371E-005 9.99371E-005 9.99371E-005 0.00789287 9.99371E-005 0.959153 9.99371E-005 0.0322542
9.99283E-005 9.99283E-005 9.99283E-005 0.932304 9.99283E-005 9.99283E-005 0.0668962 9.99283E-005 9.99283E-005 9.99283E-005
0.0198001 0.846173 0.000515982 9.99551E-005 9.99551E-005 9.99551E-005 0.0926452 9.99551E-005 9.99551E-005 0.0403656
9.99371E-005 0.933057 9.99371E-005 9.99371E-005 9.99371E-005 9.99371E-005 0.0105645 9.99371E-005 9.99371E-005 0.0556793
9.99371E-005 9.99371E-005 9.99371E-005 9.99371E-005 0.193768 0.773085 9.99371E-005 0.0324469 9.99371E-005 9.99371E-005
9.99372E-005 9.99372E-005 9.99372E-005 9.99372E-005 0.314591 0.637424 9.99372E-005 0.0472853 9.99372E-005 9.99372E-005
9.993E-005 9.993E-005 9.993E-005 9.993E-005 0.377709 0.602149 9.993E-005 0.0194422 9.993E-005 9.993E-005
9.99282E-005 9.99282E-005 9.99282E-005 9.99282E-005 9.99282E-005 0.986341 0.01286 9.99282E-005 9.99282E-005 9.99282E-005
9.99372E-005 9.99372E-005 9.99372E-005 9.99372E-005 0.691753 0.258819 9.99372E-005 9.99372E-005 0.0487293 9.99372E-005
9.99461E-005 9.99461E-005 9.99461E-005 9.99461E-005 0.431627 0.554676 9.99461E-005 0.00350705 9.99461E-005 0.00959023
9.99373E-005 9.99373E-005 9.99373E-005 9.99373E-005 0.52019 0.429586 9.99373E-005 9.99373E-005 9.99373E-005 0.0495252
9.99641E-005 0.000509197 0.00558706 9.99641E-005 0.533161 0.431794 9.99641E-005 0.00624793 0.0223005 9.99641E-005
9.99372E-005 9.99372E-005 9.99372E-005 0.052621 0.234925 0.711755 9.99372E-005 9.99372E-005 9.99372E-005 9.99372E-005
9.99461E-005 9.99461E-005 0.00204093 9.99461E-005 9.99461E-005 0.986153 0.00924443 9.99461E-005 0.00196208 9.99461E-005
9.99201E-005 9.99201E-005 9.99201E-005 9.99201E-005 9.99201E-005 0.999101 9.99201E-005 9.99201E-005 9.99201E-005 9.99201E-005
0.0499058 9.99462E-005 9.99462E-005 9.99462E-005 0.269112 0.667691 9.99462E-005 0.0126916 9.99462E-005 9.99462E-005
9.99282E-005 9.99282E-005 9.99282E-005 9.99282E-005 0.170699 0.828502 9.99282E-005 9.99282E-005 9.99282E-005 9.99282E-005
9.99281E-005 9.99281E-005 9.99281E-005 9.99281E-005 0.166343 0.832857 9.99281E-005 9.99281E-005 9.99281E-005 9.99281E-005
9.99282E-005 9.99282E-005 9.99282E-005 9.99282E-005 0.119525 0.879676 9.99282E-005 9.99282E-005 9.99282E-005 9.99282E-005
0.00657268 9.99551E-005 9.99551E-005 9.99551E-005 0.432616 0.500501 0.0499966 9.99551E-005 9.99551E-005 0.00981383
9.99371E-005 9.99371E-005 9.99371E-005 9.99371E-005 0.266668 0.690751 9.99371E-005 0.0418812 9.99371E-005 9.99371E-005
9.99372E-005 0.0203712 9.99372E-005 9.99372E-005 0.314865 0.664064 9.99372E-005 9.99372E-005 9.99372E-005 9.99372E-005
9.99372E-005 9.99372E-005 9.99372E-005 9.99372E-005 0.0962397 0.892967 9.99372E-005 9.99372E-005 0.0100941 9.99372E-005
9.99461E-005 9.99461E-005 9.99461E-005 0.0571823 0.706518 0.223798 9.99461E-005 0.0119022 9.99461E-005 9.99461E-005
9.99282E-005 9.99282E-005 9.99282E-005 9.99282E-005 0.681518 0.317682 9.99282E-005 9.99282E-005 9.99282E-005 9.99282E-005
9.99282E-005 9.99282E-005 9.99282E-005 9.99282E-005 9.99282E-005 0.950007 0.0491935 9.99282E-005 9.99282E-005 9.99282E-005
9.99371E-005 9.99371E-005 0.0158836 9.99371E-005 0.923786 0.0596313 9.99371E-005 9.99371E-005 9.99371E-005 9.99371E-005
0.0233235 9.99551E-005 9.99551E-005 9.99551E-005 0.123743 0.756768 9.99551E-005 9.99551E-005 0.0746312 0.0210342
9.99282E-005 9.99282E-005 9.99282E-005 9.99282E-005 0.395942 0.603258 9.99282E-005 9.99282E-005 9.99282E-005 9.99282E-005
0.0181266 9.99551E-005 0.00833989 9.99551E-005 0.186004 0.769465 9.99551E-005 9.99551E-005 9.99551E-005 0.0175642
9.99641E-005 9.99641E-005 9.99641E-005 0.0324643 0.160738 0.0862347 0.0352781 0.533115 0.15177 9.99641E-005
0.0324457 9.9964E-005 9.9964E-005 0.320853 0.0904559 0.0607564 9.9964E-005 0.314728 0.180361 9.9964E-005
9.99821E-005 0.00768784 9.99821E-005 0.00435077 0.188784 0.158525 0.00845594 0.383778 0.198639 0.0495786
9.99551E-005 0.0326029 0.0157752 0.111595 9.99551E-005 9.99551E-005 0.803564 0.0359631 9.99551E-005 9.99551E-005
9.99201E-005 9.99201E-005 9.99201E-005 9.99201E-005 9.99201E-005 9.99201E-005 0.999101 9.99201E-005 9.99201E-005 9.99201E-005
9.99372E-005 9.99372E-005 9.99372E-005 9.99372E-005 9.99372E-005 9.99372E-005 0.987131 9.99372E-005 0.0119516 0.000217669
9.99281E-005 9.99281E-005 9.99281E-005 9.99281E-005 9.99281E-005 9.99281E-005 0.993351 9.99281E-005 9.99281E-005 0.0058496
9.99282E-005 0.0547263 9.99282E-005 9.99282E-005 9.99282E-005 9.99282E-005 0.944474 9.99282E-005 9.99282E-005 9.99282E-005
9.99201E-005 9.99201E-005 9.99201E-005 9.99201E-005 9.99201E-005 9.99201E-005 0.999101 9.99201E-005 9.99201E-005 9.99201E-005
0.0304774 0.179275 0.0918043 0.0853864 9.99731E-005 9.99731E-005 0.543005 0.0317526 9.99731E-005 0.0379994
0.0223472 0.974901 9.99371E-005 9.99371E-005 9.99371E-005 9.99371E-005 9.99371E-005 9.99371E-005 9.99371E-005 0.00205176
9.99201E-005 0.999101 9.99201E-005 9.99201E-005 9.99201E-005 9.99201E-005 9.99201E-005 9.99201E-005 9.99201E-005 9.99201E-005
9.99551E-005 0.885308 0.00831816 9.99551E-005 0.0162558 9.99551E-005 9.99551E-005 0.0322792 9.99551E-005 0.0573387
9.99551E-005 9.99551E-005 9.99551E-005 0.345737 0.370554 0.0969822 0.173667 9.99551E-005 9.99551E-005 0.0125601
0.0733435 0.0547717 0.437857 0.173631 0.0914942 9.9982E-005 0.0546145 9.9982E-005 0.0733342 0.0407541
0.697988 9.99638E-005 0.101463 9.99638E-005 0.0813228 9.99638E-005 0.0293691 0.0581619 9.99638E-005 0.031296
9.99462E-005 9.99462E-005 9.99462E-005 9.99462E-005 9.99462E-005 0.141049 9.99462E-005 0.140858 0.701331 0.0161623
9.99462E-005 9.99462E-005 0.0957574 0.00786805 9.99462E-005 9.99462E-005 9.99462E-005 0.261391 0.634384 9.99462E-005
0.637249 9.99367E-005 9.99367E-005 9.99367E-005 0.215317 0.146735 9.99367E-005 9.99367E-005 9.99367E-005 9.99367E-005
9.99372E-005 9.99372E-005 9.99372E-005 9.99372E-005 0.354805 0.627162 9.99372E-005 9.99372E-005 0.0173325 9.99372E-005
9.99282E-005 9.99282E-005 9.99282E-005 9.99282E-005 0.997913 9.99282E-005 9.99282E-005 9.99282E-005 0.00128806 9.99282E-005
0.0490478 9.99551E-005 9.99551E-005 0.0290353 0.456179 0.460978 9.99551E-005 9.99551E-005 9.99551E-005 0.0042598
9.99201E-005 9.99201E-005 9.99201E-005 9.99201E-005 0.999101 9.99201E-005 9.99201E-005 9.99201E-005 9.99201E-005 9.99201E-005
0.0147419 9.99371E-005 9.99371E-005 9.99371E-005 9.99371E-005 0.980577 0.00398141 9.99371E-005 9.99371E-005 9.99371E-005
9.99461E-005 9.99461E-005 9.99461E-005 9.99461E-005 0.261757 0.695159 9.99461E-005 0.0151461 0.0273378 9.99461E-005
9.99461E-005 9.99461E-005 9.99461E-005 9.99461E-005 0.227904 0.758257 0.00963342 0.00360637 9.99461E-005 9.99461E-005
9.99201E-005 9.99201E-005 9.99201E-005 9.99201E-005 0.999101 9.99201E-005 9.99201E-005 9.99201E-005 9.99201E-005 9.99201E-005
9.99551E-005 0.0187434 9.99551E-005 0.000401531 0.353176 0.623094 9.99551E-005 9.99551E-005 9.99551E-005 0.00408559
9.99372E-005 9.99372E-005 9.99372E-005 9.99372E-005 0.212955 0.758915 9.99372E-005 0.0274301 9.99372E-005 9.99372E-005
9.99372E-005 9.99372E-005 9.99372E-005 9.99372E-005 0.839711 0.147094 0.0124961 9.99372E-005 9.99372E-005 9.99372E-005
9.99281E-005 9.99281E-005 9.99281E-005 9.99281E-005 0.99507 9.99281E-005 9.99281E-005 0.00413104 9.99281E-005 9.99281E-005
9.99461E-005 9.99461E-005 9.99461E-005 0.0625093 0.895908 0.0384475 9.99461E-005 0.00253553 9.99461E-005 9.99461E-005
9.99372E-005 9.99372E-005 9.99372E-005 9.99372E-005 0.389707 0.584759 9.99372E-005 9.99372E-005 9.99372E-005 0.0248337
0.00809333 9.99462E-005 9.99462E-005 9.99462E-005 0.614933 0.32966 9.99462E-005 9.99462E-005 0.0467141 9.99462E-005
9.997E-005 0.0341072 0.052313 0.625452 0.0305708 9.997E-005 0.140128 0.0492965 9.997E-005 0.0678332
9.99551E-005 0.0206275 0.120373 0.808017 9.99551E-005 0.00612477 9.99551E-005 9.99551E-005 9.99551E-005 0.0443579
9.99551E-005 0.0954043 0.162714 0.642857 9.99551E-005 9.99551E-005 9.99551E-005 0.0180713 9.99551E-005 0.0804536
9.99282E-005 0.991605 9.99282E-005 9.99282E-005 0.00759595 9.99282E-005 9.99282E-005 9.99282E-005 9.99282E-005 9.99282E-005
9.99282E-005 0.982955 9.99282E-005 9.99282E-005 9.99282E-005 9.99282E-005 9.99282E-005 9.99282E-005 9.99282E-005 0.0162459
9.99372E-005 0.913852 9.99372E-005 0.0677361 9.99372E-005 9.99372E-005 9.99372E-005 9.99372E-005 0.0177123 9.99372E-005
9.99551E-005 0.873008 9.99551E-005 0.00367378 9.99551E-005 9.99551E-005 0.0595232 9.99551E-005 0.0315781 0.0317168
9.99462E-005 9.99462E-005 9.99462E-005 0.061201 9.99462E-005 0.00335607 9.99462E-005 0.187672 0.747171 9.99462E-005
9.99551E-005 9.99551E-005 9.99551E-005 9.99551E-005 0.029316 9.99551E-005 0.0485081 0.177348 0.717459 0.0268693
9.99641E-005 0.0289388 9.99641E-005 0.142823 0.014806 9.99641E-005 0.0382031 0.210794 0.564035 9.99641E-005
9.99641E-005 0.0110054 0.042413 0.803236 9.99641E-005 0.0115437 0.08307 9.99641E-005 9.99641E-005 0.0483316
0.0135827 9.99462E-005 9.99462E-005 0.978713 0.00484251 9.99462E-005 9.99462E-005 9.99462E-005 9.99462E-005 0.00226241
9.99731E-005 9.99731E-005 0.0938496 0.67405 9.99731E-005 0.0707533 0.0951349 0.0179894 0.0344966 0.0134266
0.0017923 9.99372E-005 9.99372E-005 0.922625 9.99372E-005 0.0748829 9.99372E-005 9.99372E-005 9.99372E-005 9.99372E-005
