0.713619 0.286281 9.9991E-005
0.71334 0.28656 9.9991E-005
0.718154 0.281746 9.9991E-005
0.699124 0.259212 0.0416647
0.76712 0.23278 9.9991E-005
0.758663 0.241237 9.9991E-005
0.688546 0.311354 9.9991E-005
0.70618 0.242393 0.051427
0.624394 0.260933 0.114674
0.690898 0.191248 0.117855
0.719272 0.162411 0.118317
0.692072 0.307828 9.9991E-005
0.687503 0.254336 0.0581606
0.749554 0.164663 0.0857834
0.566706 0.270346 0.162949
0.694968 0.267817 0.0372157
0.732682 0.267218 9.9991E-005
0.759059 0.240841 9.9991E-005
0.25905 0.74085 9.9991E-005
0.471396 0.526495 0.0021098
0.425572 0.574328 9.9991E-005
0.331807 0.632367 0.0358259
0.342191 0.553039 0.10477
9.999E-005 0.9998 9.999E-005
9.999E-005 0.9998 9.999E-005
9.999E-005 0.9998 9.999E-005
0.423789 0.483669 0.0925426
0.0399679 0.959932 9.9991E-005
0.408419 0.582491 0.00909069
9.999E-005 0.9998 9.999E-005
0.362766 0.633676 0.00355839
9.999E-005 0.9998 9.999E-005
0.470174 0.529389 0.000437671
0.294941 0.6849 0.0201592
0.371026 0.55961 0.0693639
0.371919 0.627981 9.9991E-005
0.369593 0.559662 0.070745
0.891205 0.0555635 0.0532319
0.9998 9.999E-005 9.999E-005
0.873976 0.0943095 0.0317143
0.9998 9.999E-005 9.999E-005
0.911293 0.0886073 9.9991E-005
0.9869 0.0130001 9.9991E-005
0.985543 0.014357 9.9991E-005
0.910902 0.0889978 9.9991E-005
0.976165 0.0237351 9.9991E-005
0.407035 0.211516 0.381449
0.399621 0.461457 0.138922
0.332522 0.162627 0.504851
0.394878 0.192645 0.412477
0.246553 0.158398 0.595049
0.332721 0.280396 0.386882
0.340083 0.257126 0.402791
0.407258 0.232658 0.360084
0.355022 0.210281 0.434697
0.444679 0.165136 0.390185
0.328019 0.278345 0.393636
0.391252 0.227467 0.381281
0.260736 0.26638 0.472884
0.314766 0.254601 0.430633
0.192608 0.367539 0.439853
0.227944 0.384741 0.387314
0.260914 0.328324 0.410762
9.9991E-005 0.401347 0.598553
9.9991E-005 0.339814 0.660086
9.9991E-005 0.505851 0.494049
9.9991E-005 0.536103 0.463797
0.0462241 0.378952 0.574824
9.9991E-005 0.362987 0.636913
9.9991E-005 0.527723 0.472177
9.9991E-005 0.468398 0.531502
0.0328913 0.428773 0.538335
9.9991E-005 0.487825 0.512075
9.9991E-005 0.538227 0.461673
9.9991E-005 0.482882 0.517018
9.9991E-005 0.464946 0.534954
9.9991E-005 0.523358 0.476542
0.498287 0.466613 0.0351002
0.946413 0.0534874 9.9991E-005
0.949376 0.050524 9.9991E-005
9.999E-005 9.999E-005 0.9998
9.999E-005 9.999E-005 0.9998
9.999E-005 9.999E-005 0.9998
0.00227496 9.9991E-005 0.997625
9.999E-005 9.999E-005 0.9998
9.9991E-005 0.0165147 0.983385
9.9991E-005 0.0470307 0.952869
0.0167232 9.9991E-005 0.983177
0.0205446 0.00740051 0.972055
0.0235679 9.9991E-005 0.976332
0.000808244 9.9991E-005 0.999092
9.9991E-005 0.0236728 0.976227
9.999E-005 9.999E-005 0.9998
9.999E-005 9.999E-005 0.9998
9.999E-005 9.999E-005 0.9998
0.0249735 0.0321392 0.942887
9.999E-005 9.999E-005 0.9998
0.0177072 9.9991E-005 0.982193
9.999E-005 9.999E-005 0.9998
0.00623609 0.0459195 0.947844
9.9991E-005 0.00267096 0.997229
0.0385405 0.0146512 0.946808
9.999E-005 9.999E-005 0.9998
9.9991E-005 0.0609406 0.938959
9.999E-005 9.999E-005 0.9998
9.9991E-005 0.0240318 0.975868
9.9991E-005 0.385485 0.614415
0.0967211 0.454891 0.448388
0.0254208 0.323015 0.651564
0.793534 0.187803 0.0186631
0.923583 0.0583069 0.0181104
0.868261 0.124653 0.00708631
0.828014 0.171886 9.9991E-005
0.92342 0.0764796 9.9991E-005
0.911959 0.0879406 9.9991E-005
0.752946 0.239035 0.00801947
0.968936 0.0309643 9.9991E-005
0.9998 9.999E-005 9.999E-005
0.877864 0.122036 9.9991E-005
0.316388 0.192191 0.491421
0.563844 0.285822 0.150334
0.313086 0.249252 0.437662
0.182231 0.293803 0.523967
0.21425 0.371423 0.414327
9.999E-005 9.999E-005 0.9998
0.00932674 9.9991E-005 0.990573
0.0194819 9.9991E-005 0.980418
0.0185089 0.0321413 0.94935
9.999E-005 9.999E-005 0.9998
0.012788 9.9991E-005 0.987112
9.999E-005 9.999E-005 0.9998
0.0145764 9.9991E-005 0.985324
9.999E-005 9.999E-005 0.9998
0.01731 9.9991E-005 0.98259
9.999E-005 9.999E-005 0.9998
0.00124596 9.9991E-005 0.998654
0.00754807 9.9991E-005 0.992352
0.0540462 9.9991E-005 0.945854
9.9991E-005 0.0224773 0.977423
9.9991E-005 0.0144275 0.985473
0.468162 0.464055 0.0677836
0.486797 0.472744 0.0404588
0.480503 0.490446 0.0290515
0.9998 9.999E-005 9.999E-005
0.975277 0.024623 9.9991E-005
0.979316 0.0205839 9.9991E-005
0.907739 0.0921608 9.9991E-005
0.219311 0.346118 0.43457
0.235162 0.328553 0.436285
0.28061 0.327033 0.392357
0.455784 0.507637 0.0365794
0.46515 0.499425 0.0354249
0.453146 0.422869 0.123985
0.394228 0.498331 0.10744
