9.9991E-005 0.114729 0.885171
9.999E-005 0.0932424 0.906658
9.999E-005 0.0817557 0.918144
0.0133939 0.120234 0.866372
9.9991E-005 0.0499298 0.94997
9.999E-005 0.0708154 0.929085
9.999E-005 0.0599911 0.939909
0.00646913 0.168794 0.824737
0.0855507 0.117782 0.796668
0.112962 0.0644336 0.822605
0.129349 0.0386254 0.832026
9.9991E-005 0.10184 0.89806
0.0304559 0.11533 0.854214
0.0522382 0.107486 0.840276
0.108547 0.184573 0.70688
0.00373842 0.150614 0.845648
9.9991E-005 0.0814498 0.91845
9.9991E-005 0.0868918 0.913008
0.0422862 0.1244 0.833314
0.0445399 0.123913 0.831547
0.0699792 0.058711 0.87131
0.0952474 0.0976244 0.807128
0.151256 0.0907248 0.758019
9.9991E-005 0.165489 0.834411
9.9991E-005 0.113695 0.886205
0.0228238 0.221493 0.755683
0.11583 0.106281 0.777889
0.00261846 0.187228 0.810153
0.0296026 0.145154 0.825243
9.9991E-005 0.139862 0.860038
0.0333519 0.154043 0.812605
0.031292 0.178038 0.79067
0.0452892 0.097929 0.856782
0.0705142 0.132891 0.796595
0.112544 0.110902 0.776554
0.00722715 0.169706 0.823067
0.10901 0.118938 0.772051
0.0689077 9.9991E-005 0.930992
9.999E-005 9.999E-005 0.9998
0.0462282 0.0218962 0.931876
0.0111044 9.9991E-005 0.988796
9.9991E-005 0.0205577 0.979342
9.999E-005 9.999E-005 0.9998
9.999E-005 9.999E-005 0.9998
0.0167311 9.9991E-005 0.983169
9.999E-005 9.999E-005 0.9998
0.327417 0.153416 0.519166
0.22814 9.99914E-005 0.77176
0.539342 9.99911E-005 0.460558
0.300526 0.235058 0.464416
0.573739 0.0986141 0.327647
0.285558 0.242252 0.47219
0.312021 0.235581 0.452397
0.280628 0.191819 0.527553
0.350737 0.210387 0.438875
0.318998 0.180966 0.500035
0.287625 0.26401 0.448365
0.269407 0.26771 0.462883
0.384268 0.23901 0.376722
0.334885 0.226776 0.438339
0.255269 0.399896 0.344836
0.194771 0.440515 0.364714
0.216636 0.413393 0.369971
0.268718 0.691982 0.0392998
0.385693 0.569891 0.0444156
9.999E-005 0.9998 9.999E-005
9.999E-005 0.9998 9.999E-005
0.238551 0.668065 0.0933835
0.329727 0.657508 0.0127653
9.999E-005 0.9998 9.999E-005
9.999E-005 0.9998 9.999E-005
0.238715 0.642496 0.11879
9.999E-005 0.9998 9.999E-005
9.999E-005 0.9998 9.999E-005
9.999E-005 0.9998 9.999E-005
9.999E-005 0.9998 9.999E-005
9.999E-005 0.9998 9.999E-005
0.0752525 0.0803726 0.844375
9.999E-005 9.999E-005 0.9998
9.999E-005 9.999E-005 0.9998
0.958661 0.041239 9.9991E-005
0.941484 0.0584157 9.9991E-005
0.980645 0.019255 9.9991E-005
0.9998 9.999E-005 9.999E-005
0.97245 0.0274495 9.9991E-005
0.978242 0.0216575 9.9991E-005
0.967321 0.0325788 9.9991E-005
0.983605 0.0112741 0.00512134
0.961927 9.9991E-005 0.0379731
0.991767 9.9991E-005 0.00813348
0.9998 9.999E-005 9.999E-005
0.965965 0.0339348 9.9991E-005
0.9998 9.999E-005 9.999E-005
0.980157 0.0197433 9.9991E-005
0.9998 9.999E-005 9.999E-005
0.954978 9.9991E-005 0.0449218
0.930957 0.0689429 9.9991E-005
0.9998 9.999E-005 9.999E-005
0.990617 0.00928332 9.9991E-005
0.925698 0.0643558 0.00994591
0.990783 0.0091172 9.9991E-005
0.936632 0.0412562 0.0221114
0.994279 0.00562066 9.9991E-005
0.956391 0.0285264 0.0150822
0.982505 0.0173955 9.9991E-005
0.981252 9.9991E-005 0.0186477
0.281362 0.671603 0.0470357
0.245851 0.467933 0.286216
0.40562 0.49308 0.1013
9.9991E-005 0.102262 0.897638
0.0140116 0.0179021 0.968086
0.0145581 0.0493862 0.936056
9.9991E-005 0.0512213 0.948679
9.9991E-005 0.0268426 0.973057
0.00676463 9.9991E-005 0.993135
9.9991E-005 0.0974698 0.90243
9.999E-005 9.999E-005 0.9998
9.999E-005 9.999E-005 0.9998
0.00657496 0.0167774 0.976648
0.533118 9.9991E-005 0.466782
0.140032 0.100235 0.759733
0.423592 0.11386 0.462548
0.359869 0.362081 0.27805
0.202124 0.45399 0.343886
0.97971 0.02019 9.99911E-005
0.965718 0.0341819 9.9991E-005
0.996447 9.9991E-005 0.00345337
0.946708 0.0132991 0.0399928
0.9998 9.999E-005 9.999E-005
0.997451 9.9991E-005 0.00244855
0.968839 0.031061 9.9991E-005
0.978713 0.0211872 9.9991E-005
0.9998 9.999E-005 9.999E-005
0.957567 0.0386455 0.00378783
0.96169 0.0382102 9.9991E-005
0.994608 9.9991E-005 0.00529235
0.975525 0.0243752 9.9991E-005
0.944238 9.9991E-005 0.0556624
0.985566 9.9991E-005 0.014334
0.989937 0.00996344 9.9991E-005
0.0536062 0.150943 0.79545
0.047413 0.125736 0.826851
0.0292136 0.144949 0.825837
0.00101563 9.9991E-005 0.998884
9.999E-005 9.999E-005 0.9998
9.999E-005 9.999E-005 0.9998
9.9991E-005 0.00578935 0.994111
0.237699 0.416224 0.346077
0.250156 0.393029 0.356814
0.21191 0.408591 0.379499
0.076668 0.119958 0.803374
0.0753948 0.10673 0.817875
0.11584 0.138365 0.745795
0.136161 0.124094 0.739745
