0.112346 0.887554 9.9991E-005
0.093274 0.906626 9.9991E-005
0.0835958 0.916304 9.9991E-005
0.114603 0.853607 0.0317896
0.0532236 0.946676 9.9991E-005
0.0578828 0.942017 9.9991E-005
0.0745336 0.925366 9.9991E-005
0.16086 0.83904 9.9991E-005
0.0866332 0.805315 0.108052
0.0367976 0.827974 0.135228
0.0637898 0.824993 0.111217
0.0850387 0.914861 9.9991E-005
0.129884 0.852322 0.0177947
0.103312 0.842174 0.0545143
0.14954 0.731847 0.118614
0.125806 0.874094 9.9991E-005
0.0796732 0.920227 9.9991E-005
0.0826246 0.917275 9.9991E-005
0.110347 0.840229 0.0494233
0.0993275 0.850152 0.0505205
0.062392 0.880601 0.0570075
0.0843628 0.814622 0.101015
0.0740222 0.76723 0.158748
0.145359 0.854541 9.9991E-005
0.121626 0.878274 9.9991E-005
0.206013 0.757431 0.0365555
0.105018 0.782248 0.112734
0.156246 0.814071 0.0296824
0.13621 0.822166 0.0416238
0.12094 0.866544 0.0125158
0.154891 0.813248 0.0318608
0.150309 0.807638 0.0420529
0.0802461 0.878889 0.0408645
0.132873 0.792263 0.0748638
0.0975847 0.789478 0.112937
0.133699 0.83925 0.0270504
0.110106 0.779639 0.110254
0.00311486 0.94417 0.0527148
9.999E-005 0.9998 9.999E-005
0.0424975 0.931835 0.0256676
9.9991E-005 0.990754 0.00914638
0.0196812 0.980219 9.9991E-005
9.999E-005 0.9998 9.999E-005
9.999E-005 0.9998 9.999E-005
9.9991E-005 0.984175 0.0157255
9.999E-005 0.9998 9.999E-005
0.142706 0.52761 0.329684
9.99914E-005 0.780339 0.219561
9.99911E-005 0.47127 0.52863
0.227258 0.467238 0.305503
0.0819776 0.328029 0.589993
0.237724 0.461026 0.30125
0.218586 0.460214 0.321199
0.171663 0.538574 0.289763
0.181104 0.448961 0.369935
0.160211 0.503146 0.336643
0.229107 0.459143 0.31175
0.251877 0.473524 0.274599
0.217806 0.385683 0.396511
0.232189 0.435874 0.331937
0.419169 0.34088 0.239951
0.426721 0.371268 0.202011
0.374763 0.395232 0.230006
0.681381 0.0571468 0.261472
0.553117 0.0541648 0.392718
0.9998 9.999E-005 9.999E-005
0.9998 9.999E-005 9.999E-005
0.642639 0.110587 0.246774
0.62966 0.0287785 0.341561
0.9998 9.999E-005 9.999E-005
0.9998 9.999E-005 9.999E-005
0.635783 0.134117 0.230099
0.9998 9.999E-005 9.999E-005
0.9998 9.999E-005 9.999E-005
0.9998 9.999E-005 9.999E-005
0.9998 9.999E-005 9.999E-005
0.9998 9.999E-005 9.999E-005
0.0858046 0.847822 0.0663735
9.999E-005 0.9998 9.999E-005
9.999E-005 0.9998 9.999E-005
0.045021 9.9991E-005 0.954879
0.0499389 9.9991E-005 0.949961
0.0166238 9.9991E-005 0.983276
9.999E-005 9.999E-005 0.9998
0.0272219 9.9991E-005 0.972678
0.0184175 9.9991E-005 0.981483
0.0344756 0.0044361 0.961088
0.0335189 9.9991E-005 0.966381
9.9991E-005 0.0327156 0.967184
9.9991E-005 0.00593677 0.993963
9.999E-005 9.999E-005 0.9998
0.031193 9.9991E-005 0.968707
9.999E-005 9.999E-005 0.9998
0.00128609 9.9991E-005 0.998614
9.999E-005 9.999E-005 0.9998
9.9991E-005 0.0448085 0.955092
0.0555465 9.9991E-005 0.944353
9.9991E-005 0.014369 0.985531
9.999E-005 9.999E-005 0.9998
0.0532299 0.0168265 0.929944
9.999E-005 9.999E-005 0.9998
0.0461041 0.0196434 0.934253
0.00311862 9.9991E-005 0.996781
0.0103714 0.0264419 0.963187
9.999E-005 9.999E-005 0.9998
9.9991E-005 0.00685053 0.993049
0.656193 0.0592308 0.284576
0.454636 0.2914 0.253964
0.482725 0.105616 0.411659
0.0969859 0.902914 9.9991E-005
0.0150264 0.971315 0.0136587
0.0608498 0.93905 9.9991E-005
0.0438496 0.95605 9.9991E-005
0.0400189 0.959881 9.9991E-005
9.9991E-005 0.996617 0.00328294
0.0893868 0.910513 9.9991E-005
9.999E-005 0.9998 9.999E-005
9.999E-005 0.9998 9.999E-005
0.0263774 0.969159 0.00446313
9.9991E-005 0.467391 0.532509
0.0850735 0.769639 0.145288
0.091315 0.46883 0.439855
0.352637 0.282826 0.364536
0.469376 0.33324 0.197384
9.999E-005 9.999E-005 0.9998
0.0211573 9.9991E-005 0.978743
9.999E-005 9.999E-005 0.9998
0.0148234 0.0418331 0.943344
9.999E-005 9.999E-005 0.9998
9.9991E-005 0.000135546 0.999764
0.0167674 9.9991E-005 0.983133
0.0328796 9.9991E-005 0.96702
9.999E-005 9.999E-005 0.9998
0.00927827 0.0190203 0.971701
0.038822 9.9991E-005 0.961078
9.999E-005 9.999E-005 0.9998
0.0284157 9.9991E-005 0.971484
0.0033774 0.0528049 0.943818
0.0033709 0.00229823 0.994331
9.999E-005 9.999E-005 0.9998
0.15184 0.791574 0.0565862
0.093222 0.844732 0.0620462
0.122843 0.835919 0.0412378
9.9991E-005 0.994268 0.00563194
9.999E-005 0.9998 9.999E-005
9.999E-005 0.9998 9.999E-005
0.00339718 0.996503 9.9991E-005
0.409421 0.350617 0.239961
0.399374 0.356659 0.243967
0.387122 0.401726 0.211152
0.103361 0.822627 0.0740125
0.0960572 0.822952 0.0809905
0.124889 0.746116 0.128995
0.105371 0.754672 0.139956
