9.9982E-005 0.018752 0.930161 0.0039661 9.9982E-005 0.0207661 0.0246844 0.00147012
9.99551E-005 0.0128872 0.984366 9.99551E-005 9.99551E-005 0.00224667 9.99551E-005 9.99551E-005
9.99461E-005 0.0318012 0.967599 9.99461E-005 9.99461E-005 9.99461E-005 9.99461E-005 9.99461E-005
9.997E-005 0.0243147 0.74313 9.997E-005 0.0315315 9.997E-005 0.073786 0.126938
9.99551E-005 0.00619034 0.864187 9.99551E-005 9.99551E-005 9.99551E-005 0.129123 9.99551E-005
9.994E-005 9.994E-005 0.9993 9.994E-005 9.994E-005 9.994E-005 9.994E-005 9.994E-005
9.99461E-005 0.00353463 0.995866 9.99461E-005 9.99461E-005 9.99461E-005 9.99461E-005 9.99461E-005
9.998E-005 9.998E-005 0.774168 0.0130817 0.0393554 0.0202094 0.0575071 0.0954782
0.0570956 9.99551E-005 0.859888 9.99551E-005 9.99551E-005 9.99551E-005 9.99551E-005 0.0825168
0.109675 9.994E-005 0.889725 9.994E-005 9.994E-005 9.994E-005 9.994E-005 9.994E-005
0.0659976 9.99551E-005 0.876153 0.05735 9.99551E-005 9.99551E-005 9.99551E-005 9.99551E-005
9.997E-005 0.125207 0.660604 9.997E-005 9.997E-005 0.0132415 0.183089 0.0175584
9.99731E-005 0.0182752 0.727978 0.0166996 0.141858 9.99731E-005 0.0948891 9.99731E-005
0.018467 9.997E-005 0.6651 9.997E-005 9.997E-005 0.0364477 0.189388 0.090298
0.0184805 0.0423908 0.467177 0.0723008 0.100288 0.0262163 0.124252 0.148894
9.9991E-005 0.047038 0.592041 0.0158494 0.020501 0.0158542 0.198311 0.110306
9.996E-005 0.0659075 0.59916 9.996E-005 9.996E-005 9.996E-005 0.215465 0.119068
9.9973E-005 0.0436114 0.585219 0.0674258 9.9973E-005 9.9973E-005 0.285147 0.0182974
0.00555352 0.7082 0.0988456 9.998E-005 9.998E-005 0.0209211 0.137029 0.0292515
9.996E-005 0.361439 0.269638 9.996E-005 0.155248 9.996E-005 0.213275 9.996E-005
9.99641E-005 0.457946 0.161015 9.99641E-005 0.14966 9.99641E-005 0.230978 9.99641E-005
9.99641E-005 0.502347 0.159495 9.99641E-005 0.174853 9.99641E-005 0.162905 9.99641E-005
9.9973E-005 0.383673 0.148986 0.0549355 0.268342 9.9973E-005 0.143764 9.9973E-005
9.994E-005 0.9993 9.994E-005 9.994E-005 9.994E-005 9.994E-005 9.994E-005 9.994E-005
9.994E-005 0.9993 9.994E-005 9.994E-005 9.994E-005 9.994E-005 9.994E-005 9.994E-005
9.994E-005 0.9993 9.994E-005 9.994E-005 9.994E-005 9.994E-005 9.994E-005 9.994E-005
0.0576814 0.361517 0.142947 9.99821E-005 9.99821E-005 0.0359236 0.290146 0.111586
9.9955E-005 0.940287 0.0403392 9.9955E-005 9.9955E-005 0.0188735 9.9955E-005 9.9955E-005
9.9982E-005 0.368804 0.25438 0.0375081 0.165918 9.9982E-005 0.163809 0.00938028
9.994E-005 0.9993 9.994E-005 9.994E-005 9.994E-005 9.994E-005 9.994E-005 9.994E-005
9.996E-005 0.434437 0.219784 9.996E-005 0.242091 9.996E-005 0.103288 9.996E-005
9.994E-005 0.9993 9.994E-005 9.994E-005 9.994E-005 9.994E-005 9.994E-005 9.994E-005
9.996E-005 0.385662 0.19407 9.996E-005 0.150103 9.996E-005 0.269765 9.996E-005
0.0063718 0.577443 0.14148 9.99731E-005 0.14153 9.99731E-005 0.132875 9.99731E-005
0.0129445 0.4385 0.108312 9.99731E-005 0.202809 9.99731E-005 0.237135 9.99731E-005
9.99641E-005 0.445922 0.20765 9.99641E-005 0.180878 9.99641E-005 0.16515 9.99641E-005
9.9982E-005 0.399961 0.226221 0.0503875 0.133618 9.9982E-005 0.126829 0.0627844
0.0427032 9.99641E-005 0.0906968 9.99641E-005 0.0543539 9.99641E-005 0.811846 9.99641E-005
9.99461E-005 9.99461E-005 9.99461E-005 0.0113787 9.99461E-005 9.99461E-005 0.988022 9.99461E-005
0.0271354 0.041261 0.000560206 9.99731E-005 9.99731E-005 0.0419246 0.888819 9.99731E-005
0.00307804 9.99641E-005 0.0180223 0.0196675 9.99641E-005 9.99641E-005 0.958832 9.99641E-005
9.9982E-005 0.0322743 0.00832363 0.0167909 9.9982E-005 0.0319852 0.908071 0.0023555
9.99461E-005 9.99461E-005 9.99461E-005 9.99461E-005 9.99461E-005 9.99461E-005 0.983139 0.0162609
9.99462E-005 9.99462E-005 9.99462E-005 9.99462E-005 9.99462E-005 0.0197624 0.979638 9.99462E-005
9.99641E-005 0.0368424 0.00845734 9.99641E-005 9.99641E-005 9.99641E-005 0.875084 0.0792163
9.99461E-005 0.00378155 9.99461E-005 9.99461E-005 9.99461E-005 9.99461E-005 0.995619 9.99461E-005
0.0822543 0.0459613 0.0788819 9.99821E-005 0.0234595 9.99821E-005 0.0907925 0.67845
9.994E-005 9.994E-005 9.994E-005 0.9993 9.994E-005 9.994E-005 9.994E-005 9.994E-005
0.0346613 9.99548E-005 9.99548E-005 0.917783 9.99548E-005 9.99548E-005 0.0470559 9.99548E-005
9.99552E-005 9.99552E-005 9.99552E-005 9.99552E-005 9.99552E-005 0.00947497 0.046236 0.943789
0.127555 9.99549E-005 9.99549E-005 0.528115 9.99549E-005 9.99549E-005 9.99549E-005 0.34383
9.99461E-005 0.00629495 9.99461E-005 9.99461E-005 9.99461E-005 9.99461E-005 9.99461E-005 0.993105
0.029832 0.0397863 9.9982E-005 9.9982E-005 0.038676 0.0217274 0.0338675 0.835911
9.998E-005 0.0318592 0.0300513 0.00504805 0.0346657 9.998E-005 0.0785891 0.819587
0.0164722 9.99462E-005 9.99462E-005 9.99462E-005 9.99462E-005 9.99462E-005 9.99462E-005 0.982928
9.99462E-005 9.99462E-005 0.019919 9.99462E-005 9.99462E-005 9.99462E-005 9.99462E-005 0.979481
0.0145025 0.0425421 9.9973E-005 9.9973E-005 9.9973E-005 0.0554319 0.0172105 0.870013
9.99551E-005 9.99551E-005 0.0224688 9.99551E-005 9.99551E-005 0.00156922 9.99551E-005 0.975462
0.0133178 9.99461E-005 9.99461E-005 9.99461E-005 9.99461E-005 9.99461E-005 9.99461E-005 0.986082
9.99461E-005 0.0063661 9.99461E-005 9.99461E-005 9.99461E-005 9.99461E-005 9.99461E-005 0.993034
9.996E-005 0.0196119 0.0234235 9.996E-005 0.814354 9.996E-005 9.996E-005 0.142211
9.9982E-005 0.0119968 0.0257263 9.9982E-005 0.742024 0.0191911 0.035698 0.165163
9.99641E-005 9.99641E-005 9.99641E-005 9.99641E-005 0.70888 0.0130724 0.0695044 0.208144
0.0621284 9.995E-005 9.995E-005 9.995E-005 0.722025 0.215347 9.995E-005 9.995E-005
0.267396 0.00981283 9.996E-005 9.996E-005 0.442976 0.279415 9.996E-005 9.996E-005
9.996E-005 0.00178589 9.996E-005 9.996E-005 9.996E-005 0.984207 0.00488308 0.008724
9.994E-005 9.994E-005 9.994E-005 9.994E-005 9.994E-005 0.9993 9.994E-005 9.994E-005
0.115077 9.996E-005 9.996E-005 9.996E-005 0.556986 0.323864 0.00367334 9.996E-005
0.188703 9.99551E-005 9.99551E-005 9.99551E-005 0.488132 0.322666 9.99551E-005 9.99551E-005
9.99641E-005 9.99641E-005 0.0305058 9.99641E-005 0.0127349 0.948465 0.00789416 9.99641E-005
9.994E-005 9.994E-005 9.994E-005 9.994E-005 9.994E-005 0.9993 9.994E-005 9.994E-005
0.027183 9.99551E-005 9.99551E-005 9.99551E-005 0.747726 0.224592 9.99551E-005 9.99551E-005
9.99551E-005 9.99551E-005 9.99551E-005 9.99551E-005 9.99551E-005 0.975417 0.00101796 0.0230651
9.99551E-005 9.99551E-005 9.99551E-005 0.015407 9.99551E-005 0.977073 9.99551E-005 0.00702013
9.994E-005 9.994E-005 9.994E-005 9.994E-005 9.994E-005 0.9993 9.994E-005 9.994E-005
9.99461E-005 9.99461E-005 9.99461E-005 9.99461E-005 0.101612 0.897788 9.99461E-005 9.99461E-005
9.99461E-005 0.0332139 9.99461E-005 9.99461E-005 9.99461E-005 0.966186 9.99461E-005 9.99461E-005
9.997E-005 0.277254 0.19498 0.0158457 0.195663 9.997E-005 0.315957 9.997E-005
9.9973E-005 0.0384889 0.0386215 0.0183048 0.000836218 9.9973E-005 0.903449 9.9973E-005
9.99461E-005 0.0675236 9.99461E-005 9.99461E-005 9.99461E-005 9.99461E-005 0.931877 9.99461E-005
0.957398 9.99461E-005 9.99461E-005 9.99461E-005 9.99461E-005 0.042002 9.99461E-005 9.99461E-005
0.923468 9.99551E-005 9.99551E-005 0.00259225 9.99551E-005 0.0734404 9.99551E-005 9.99551E-005
0.968263 9.99462E-005 9.99462E-005 9.99462E-005 9.99462E-005 0.0311375 9.99462E-005 9.99462E-005
0.965312 9.995E-005 9.995E-005 9.995E-005 9.995E-005 9.995E-005 0.0137353 0.0204527
0.919661 9.99552E-005 9.99552E-005 9.99552E-005 9.99552E-005 0.01752 9.99552E-005 0.0623192
0.923172 0.0136523 9.99551E-005 9.99551E-005 0.0626762 9.99551E-005 9.99551E-005 9.99551E-005
0.903724 0.0418275 9.995E-005 9.995E-005 0.0539486 9.995E-005 9.995E-005 9.995E-005
0.90636 9.99641E-005 9.99641E-005 9.99641E-005 9.99641E-005 0.0219016 0.00134551 0.0699936
0.908912 0.0354503 9.99551E-005 9.99551E-005 9.99551E-005 9.99551E-005 9.99551E-005 0.0551374
0.924581 9.99551E-005 0.0158096 9.99551E-005 9.99551E-005 9.99551E-005 9.99551E-005 0.0591094
0.976915 9.99552E-005 9.99552E-005 9.99552E-005 0.01588 9.99552E-005 0.00670486 9.99552E-005
0.856207 9.99641E-005 9.99641E-005 0.0533191 9.99641E-005 0.022773 9.99641E-005 0.0673009
0.932952 9.99461E-005 9.99461E-005 9.99461E-005 9.99461E-005 9.99461E-005 9.99461E-005 0.0664481
0.960339 9.99461E-005 9.99461E-005 9.99461E-005 9.99461E-005 0.0390614 9.99461E-005 9.99461E-005
0.913815 9.99461E-005 9.99461E-005 9.99461E-005 0.0855857 9.99461E-005 9.99461E-005 9.99461E-005
0.90184 0.0207163 0.0351689 0.0294547 9.99731E-005 9.99731E-005 0.0125198 9.99731E-005
0.918018 9.99462E-005 9.99462E-005 9.99462E-005 9.99462E-005 0.0813819 9.99462E-005 9.99462E-005
0.946528 9.99551E-005 9.99551E-005 9.99551E-005 9.99551E-005 0.0113554 0.0416164 9.99551E-005
0.976391 9.99552E-005 9.99552E-005 9.99552E-005 9.99552E-005 0.00887612 9.99552E-005 0.0142328
0.883461 0.0261787 9.99641E-005 0.0227614 0.0671985 9.99641E-005 9.99641E-005 9.99641E-005
0.975112 0.00967117 0.00052873 0.00237955 0.0109176 0.0011913 9.99821E-005 9.99821E-005
0.880203 9.99641E-005 9.99641E-005 9.99641E-005 0.0770752 0.0187298 0.0235919 9.99641E-005
0.959655 9.99641E-005 0.0321694 0.000154528 9.99641E-005 0.00762082 9.99641E-005 9.99641E-005
0.854055 0.0142351 9.99551E-005 9.99551E-005 9.99551E-005 9.99551E-005 9.99551E-005 0.13121
0.963202 9.99551E-005 9.99551E-005 9.99551E-005 0.0272476 0.00905021 9.99551E-005 9.99551E-005
0.910289 0.0171552 0.0100479 0.0329047 9.9973E-005 9.9973E-005 9.9973E-005 0.0293028
0.0691388 9.9955E-005 9.9955E-005 9.9955E-005 0.722324 0.208037 9.9955E-005 9.9955E-005
0.0461004 0.108845 9.998E-005 0.00776427 0.749078 0.0779065 0.0101058 9.998E-005
0.248677 9.99551E-005 9.99551E-005 9.99551E-005 0.592698 0.158125 9.99551E-005 9.99551E-005
9.99731E-005 0.0400374 0.267665 0.0125307 9.99731E-005 0.0874412 0.592026 9.99731E-005
9.99551E-005 9.99551E-005 0.266486 9.99551E-005 0.0665837 9.99551E-005 0.66643 9.99551E-005
9.99821E-005 0.0217152 0.226217 9.99821E-005 0.00232972 0.0039272 0.642531 0.10308
9.99641E-005 0.0396478 0.345193 9.99641E-005 9.99641E-005 0.035358 0.579402 9.99641E-005
9.99731E-005 0.000662196 0.233511 9.99731E-005 0.00744505 0.0227681 0.735314 9.99731E-005
9.99641E-005 0.00796266 0.340538 9.99641E-005 9.99641E-005 9.99641E-005 0.639858 0.011242
9.999E-005 0.0988079 0.256433 0.0156319 0.0418986 0.0333393 0.55213 0.00165982
9.99461E-005 9.99461E-005 9.99461E-005 0.0208615 9.99461E-005 9.99461E-005 0.978539 9.99461E-005
9.994E-005 9.994E-005 9.994E-005 9.994E-005 9.994E-005 9.994E-005 0.9993 9.994E-005
9.99641E-005 0.0976106 0.0134996 9.99641E-005 9.99641E-005 0.0360083 0.852482 9.99641E-005
0.505222 0.17134 9.99552E-005 9.99552E-005 9.99552E-005 9.99552E-005 0.322938 9.99552E-005
0.0489702 0.115228 0.489788 0.0787575 9.998E-005 9.998E-005 0.0844662 0.18259
0.0670423 0.0345251 0.131529 0.704537 9.998E-005 0.0559101 0.00625659 9.998E-005
0.0551586 9.99551E-005 9.99551E-005 9.99551E-005 0.683228 9.99551E-005 9.99551E-005 0.261113
9.996E-005 9.996E-005 0.0652024 9.996E-005 0.636704 0.0390188 9.996E-005 0.258675
0.342022 9.99457E-005 9.99457E-005 0.657378 9.99457E-005 9.99457E-005 9.99457E-005 9.99457E-005
0.943036 9.99641E-005 0.00325338 9.99641E-005 0.0221107 9.99641E-005 9.99641E-005 0.0312
0.962401 9.99552E-005 9.99552E-005 9.99552E-005 9.99552E-005 9.99552E-005 0.0349999 0.00209982
0.870157 9.996E-005 0.0387056 0.0629875 0.0277501 9.996E-005 9.996E-005 9.996E-005
0.983737 9.995E-005 9.995E-005 0.0151867 9.995E-005 9.995E-005 0.000576176 9.995E-005
0.947482 0.000193546 9.99641E-005 0.010043 9.99641E-005 9.99641E-005 9.99641E-005 0.0418816
0.918266 9.997E-005 9.997E-005 0.0146853 0.0309957 0.0254486 9.997E-005 0.0103043
0.919238 9.996E-005 9.996E-005 9.996E-005 9.996E-005 0.0440866 0.00785904 0.0284161
0.9837 0.0156999 9.99462E-005 9.99462E-005 9.99462E-005 9.99462E-005 9.99462E-005 9.99462E-005
0.928718 9.99551E-005 9.99551E-005 9.99551E-005 9.99551E-005 0.0227338 0.0480484 9.99551E-005
0.938875 0.00166232 9.99641E-005 9.99641E-005 9.99641E-005 0.0437491 9.99641E-005 0.0153142
0.958028 9.99552E-005 9.99552E-005 9.99552E-005 0.0298742 9.99552E-005 0.0115983 9.99552E-005
0.94766 9.996E-005 9.996E-005 9.996E-005 0.00353672 0.038585 0.00981875 9.996E-005
0.909132 0.00371013 9.99641E-005 9.99641E-005 0.0510503 9.99641E-005 0.0357074 9.99641E-005
0.93862 0.0519049 9.995E-005 9.995E-005 9.995E-005 9.995E-005 9.995E-005 0.00897498
0.904846 9.99551E-005 9.99551E-005 0.0302116 9.99551E-005 9.99551E-005 9.99551E-005 0.0644422
0.0295913 0.304725 0.295361 9.998E-005 0.066223 0.0613713 0.242528 9.998E-005
9.99641E-005 0.313403 0.296351 9.99641E-005 0.161291 9.99641E-005 0.228555 9.99641E-005
9.996E-005 0.316528 0.27337 9.996E-005 0.185353 9.996E-005 0.22435 9.996E-005
9.99462E-005 9.99462E-005 9.99462E-005 9.99462E-005 9.99462E-005 9.99462E-005 0.993117 0.00628329
9.99551E-005 0.0135602 9.99551E-005 9.99551E-005 9.99551E-005 9.99551E-005 0.965506 0.0204341
9.99462E-005 9.99462E-005 9.99462E-005 9.99462E-005 9.99462E-005 9.99462E-005 0.934766 0.0646339
9.99551E-005 0.0490796 9.99551E-005 9.99551E-005 9.99551E-005 9.99551E-005 0.91012 0.040301
9.99551E-005 9.99551E-005 0.00323304 9.99551E-005 0.797161 9.99551E-005 9.99551E-005 0.199106
9.99641E-005 0.000863757 0.00497521 9.99641E-005 0.706663 9.99641E-005 9.99641E-005 0.287099
9.99641E-005 9.99641E-005 0.00723933 9.99641E-005 0.846088 9.99641E-005 0.086394 0.0598793
9.99641E-005 0.331084 0.238165 9.99641E-005 0.190925 9.99641E-005 0.239425 9.99641E-005
9.997E-005 0.30619 0.209775 0.0248471 0.235116 9.997E-005 0.223772 9.997E-005
0.0481988 0.251003 0.283017 0.000766507 0.219982 9.998E-005 0.196832 9.998E-005
9.9973E-005 0.298653 0.149531 0.0381805 0.307267 9.9973E-005 0.206069 9.9973E-005
