9.99641E-005 0.014686 0.926652 9.99641E-005 0.0440422 9.99641E-005 0.0106254 0.00359452 9.99641E-005
9.99371E-005 9.99371E-005 0.987295 9.99371E-005 9.99371E-005 9.99371E-005 0.0120058 9.99371E-005 9.99371E-005
9.994E-005 9.994E-005 0.88034 9.994E-005 0.0811121 9.994E-005 0.0379483 9.994E-005 9.994E-005
0.11811 9.99641E-005 0.695536 0.0038852 9.99641E-005 0.110328 9.99641E-005 0.0717402 9.99641E-005
9.995E-005 9.995E-005 0.870762 9.995E-005 0.0142166 9.995E-005 0.0233282 0.0911931 9.995E-005
9.993E-005 9.993E-005 0.999201 9.993E-005 9.993E-005 9.993E-005 9.993E-005 9.993E-005 9.993E-005
9.993E-005 9.993E-005 0.999201 9.993E-005 9.993E-005 9.993E-005 9.993E-005 9.993E-005 9.993E-005
0.0685559 0.0280911 0.769395 0.0144635 9.99731E-005 0.0750457 9.99731E-005 0.0441491 9.99731E-005
0.0516053 0.00346862 0.818771 9.9964E-005 9.9964E-005 0.0483755 9.9964E-005 9.9964E-005 0.0773798
0.0723764 9.99461E-005 0.830417 9.99461E-005 9.99461E-005 9.99461E-005 9.99461E-005 9.99461E-005 0.0966065
9.99461E-005 0.0640108 0.876656 9.99461E-005 9.99461E-005 9.99461E-005 9.99461E-005 9.99461E-005 0.0587331
0.133987 9.99731E-005 0.558062 9.99731E-005 0.0609437 0.0321192 0.0585682 0.15602 9.99731E-005
0.0630817 9.99731E-005 0.631695 9.99731E-005 0.126194 0.1132 0.0035041 0.0620244 9.99731E-005
9.99642E-005 9.99642E-005 0.6302 9.99642E-005 0.109184 0.0492425 9.99642E-005 0.162353 0.0486209
0.0855527 0.107902 0.408067 0.0505953 0.0636541 0.200452 9.9991E-005 0.0824843 0.0011933
0.154352 0.0183467 0.508296 0.0218343 0.219555 0.048387 9.9982E-005 0.0290283 9.9982E-005
0.120278 9.99731E-005 0.536881 9.99731E-005 0.0957972 0.0860498 0.00499394 0.1557 9.99731E-005
0.0648777 0.0816702 0.49888 9.9973E-005 0.276042 9.9973E-005 0.00963369 0.0685963 9.9973E-005
0.244883 9.99731E-005 0.0552801 9.99731E-005 0.106225 0.00130356 0.56893 0.0230783 9.99731E-005
0.851463 9.99551E-005 0.0417099 9.99551E-005 9.99551E-005 9.99551E-005 0.0683875 0.0379403 9.99551E-005
0.871863 9.99371E-005 9.99371E-005 9.99371E-005 9.99371E-005 9.99371E-005 0.127437 9.99371E-005 9.99371E-005
0.635402 9.99731E-005 0.0467317 0.0095143 9.99731E-005 9.99731E-005 0.257128 0.0201527 0.0307708
0.863132 0.0400738 9.99551E-005 9.99551E-005 9.99551E-005 9.99551E-005 0.0738035 9.99551E-005 0.0224912
9.993E-005 9.993E-005 9.993E-005 9.993E-005 9.993E-005 9.993E-005 0.999201 9.993E-005 9.993E-005
9.993E-005 9.993E-005 9.993E-005 9.993E-005 9.993E-005 9.993E-005 0.999201 9.993E-005 9.993E-005
9.993E-005 9.993E-005 9.993E-005 9.993E-005 9.993E-005 9.993E-005 0.999201 9.993E-005 9.993E-005
0.727545 9.99731E-005 9.99731E-005 0.00792607 9.99731E-005 0.0178096 0.10434 0.0972722 0.0448066
0.227745 9.99551E-005 0.000247816 0.000425039 9.99551E-005 9.99551E-005 0.771082 9.99551E-005 9.99551E-005
0.920558 9.99551E-005 9.99551E-005 9.99551E-005 0.0115285 0.00166194 0.0657513 9.99551E-005 9.99551E-005
9.993E-005 9.993E-005 9.993E-005 9.993E-005 9.993E-005 9.993E-005 0.999201 9.993E-005 9.993E-005
0.693317 9.99641E-005 0.0762593 0.0013148 9.99641E-005 0.0326514 0.196058 9.99641E-005 9.99641E-005
9.993E-005 9.993E-005 9.993E-005 9.993E-005 9.993E-005 9.993E-005 0.999201 9.993E-005 9.993E-005
0.782526 9.99461E-005 9.99461E-005 9.99461E-005 0.0830513 9.99461E-005 0.133823 9.99461E-005 9.99461E-005
0.69828 9.99641E-005 0.000803916 0.00361825 9.99641E-005 9.99641E-005 0.293233 9.99641E-005 0.00366496
0.732295 9.99641E-005 9.99641E-005 9.99641E-005 0.0106449 9.99641E-005 0.186922 0.0293813 0.040357
0.83343 9.99461E-005 0.00739642 9.99461E-005 9.99461E-005 9.99461E-005 0.158574 9.99461E-005 9.99461E-005
0.745531 0.0311059 0.0285852 9.99731E-005 0.00689203 0.0507287 0.136857 9.99731E-005 9.99731E-005
0.0422654 9.99731E-005 0.0764805 0.0317446 0.105874 9.99731E-005 9.99731E-005 0.712011 0.0313242
9.993E-005 9.993E-005 9.993E-005 9.993E-005 9.993E-005 9.993E-005 9.993E-005 0.999201 9.993E-005
9.997E-005 9.997E-005 0.0102871 0.0189403 0.102257 9.997E-005 0.0261941 0.806027 0.0359946
9.99462E-005 0.0197267 9.99462E-005 9.99462E-005 0.148483 9.99462E-005 9.99462E-005 0.831191 9.99462E-005
0.00380703 9.99641E-005 9.99641E-005 0.0340653 0.231409 9.99641E-005 0.0216699 0.708649 9.99641E-005
9.99371E-005 9.99371E-005 9.99371E-005 9.99371E-005 0.0429711 9.99371E-005 9.99371E-005 0.956329 9.99371E-005
9.99462E-005 9.99462E-005 9.99462E-005 0.00425258 0.249754 9.99462E-005 9.99462E-005 0.745394 9.99462E-005
0.0333194 9.99731E-005 0.00385691 9.99731E-005 0.0908888 0.063395 0.0173023 0.790938 9.99731E-005
9.99461E-005 9.99461E-005 9.99461E-005 9.99461E-005 0.0817449 9.99461E-005 0.0139096 0.903746 9.99461E-005
9.997E-005 9.997E-005 0.0982687 9.997E-005 0.0400751 0.62411 0.0420483 0.103259 0.0919394
9.993E-005 0.999201 9.993E-005 9.993E-005 9.993E-005 9.993E-005 9.993E-005 9.993E-005 9.993E-005
9.99458E-005 0.912483 9.99458E-005 9.99458E-005 9.99458E-005 9.99458E-005 9.99458E-005 0.055251 0.0316668
9.99372E-005 9.99372E-005 9.99372E-005 9.99372E-005 0.128291 0.871009 9.99372E-005 9.99372E-005 9.99372E-005
9.99458E-005 0.548973 9.99458E-005 9.99458E-005 9.99458E-005 0.344 9.99458E-005 9.99458E-005 0.106427
9.99461E-005 9.99461E-005 9.99461E-005 9.99461E-005 9.99461E-005 0.947306 0.0377464 0.0143481 9.99461E-005
0.111456 9.99641E-005 9.99641E-005 0.0300742 9.99641E-005 0.810976 9.99641E-005 0.0446472 0.00244698
9.99731E-005 0.0169804 0.0722512 9.99731E-005 9.99731E-005 0.761329 0.0268913 0.117869 0.00437911
9.99462E-005 9.99462E-005 0.0667399 9.99462E-005 9.99462E-005 0.917547 9.99462E-005 9.99462E-005 0.0151138
9.99462E-005 9.99462E-005 0.0599522 9.99462E-005 0.00756682 0.931881 9.99462E-005 9.99462E-005 9.99462E-005
9.9964E-005 9.9964E-005 9.9964E-005 0.0543336 0.0936386 0.789214 0.058841 9.9964E-005 0.00357317
9.99461E-005 9.99461E-005 0.111213 0.0115127 9.99461E-005 0.876674 9.99461E-005 9.99461E-005 9.99461E-005
9.99371E-005 9.99371E-005 9.99371E-005 9.99371E-005 9.99371E-005 0.997643 0.00165717 9.99371E-005 9.99371E-005
0.0669487 9.99372E-005 9.99372E-005 9.99372E-005 9.99372E-005 0.932352 9.99372E-005 9.99372E-005 9.99372E-005
0.162276 9.99551E-005 9.99551E-005 0.238073 9.99551E-005 0.565584 9.99551E-005 9.99551E-005 0.0335668
0.206809 0.000164723 9.99551E-005 0.253266 9.99551E-005 0.53926 9.99551E-005 9.99551E-005 9.99551E-005
0.105393 9.99821E-005 0.00709444 0.211262 9.99821E-005 0.597626 0.0130818 0.0519527 0.0133896
0.0101857 0.0236446 9.99821E-005 0.588567 0.00334045 0.151645 0.0223018 9.99821E-005 0.200116
9.996E-005 9.996E-005 9.996E-005 0.48951 0.0338428 0.0862007 0.0421424 9.996E-005 0.347904
9.99372E-005 9.99372E-005 9.99372E-005 0.999178 9.99372E-005 9.99372E-005 0.000122914 9.99372E-005 9.99372E-005
9.993E-005 9.993E-005 9.993E-005 0.999201 9.993E-005 9.993E-005 9.993E-005 9.993E-005 9.993E-005
0.112504 9.99551E-005 9.99551E-005 0.572142 9.99551E-005 0.140299 9.99551E-005 9.99551E-005 0.174554
0.000702478 9.99641E-005 9.99641E-005 0.541217 9.99641E-005 0.208472 0.0071077 9.99641E-005 0.242101
9.99371E-005 9.99371E-005 9.99371E-005 0.980883 0.0184173 9.99371E-005 9.99371E-005 9.99371E-005 9.99371E-005
9.993E-005 9.993E-005 9.993E-005 0.999201 9.993E-005 9.993E-005 9.993E-005 9.993E-005 9.993E-005
0.139849 9.99551E-005 9.99551E-005 0.529039 9.99551E-005 0.168082 9.99551E-005 9.99551E-005 0.16253
9.99372E-005 9.99372E-005 9.99372E-005 0.998194 9.99372E-005 9.99372E-005 9.99372E-005 0.00110637 9.99372E-005
9.993E-005 9.993E-005 9.993E-005 0.999201 9.993E-005 9.993E-005 9.993E-005 9.993E-005 9.993E-005
9.993E-005 9.993E-005 9.993E-005 0.999201 9.993E-005 9.993E-005 9.993E-005 9.993E-005 9.993E-005
9.993E-005 9.993E-005 9.993E-005 0.999201 9.993E-005 9.993E-005 9.993E-005 9.993E-005 9.993E-005
9.99371E-005 9.99371E-005 9.99371E-005 0.979718 9.99371E-005 9.99371E-005 0.0195821 9.99371E-005 9.99371E-005
0.946533 9.99372E-005 9.99372E-005 9.99372E-005 0.0527677 9.99372E-005 9.99372E-005 9.99372E-005 9.99372E-005
9.99551E-005 0.019847 9.99551E-005 9.99551E-005 0.116276 9.99551E-005 0.0201079 0.843269 9.99551E-005
9.99461E-005 9.99461E-005 9.99461E-005 9.99461E-005 0.0385568 9.99461E-005 0.037606 0.923238 9.99461E-005
9.99461E-005 9.99461E-005 9.99461E-005 0.0420306 9.99461E-005 9.99461E-005 0.00273513 9.99461E-005 0.954635
9.99372E-005 9.99372E-005 9.99372E-005 0.0726359 9.99372E-005 9.99372E-005 9.99372E-005 9.99372E-005 0.926665
9.99372E-005 9.99372E-005 9.99372E-005 0.0401989 9.99372E-005 9.99372E-005 9.99372E-005 9.99372E-005 0.959101
9.99372E-005 9.99372E-005 9.99372E-005 9.99372E-005 0.0460475 9.99372E-005 9.99372E-005 9.99372E-005 0.953253
0.00169324 9.99641E-005 0.000211611 0.00345486 9.99641E-005 0.0614498 9.99641E-005 9.99641E-005 0.932791
9.99551E-005 9.99551E-005 9.99551E-005 0.00464781 9.99551E-005 0.0354128 0.0151844 9.99551E-005 0.944255
0.0196638 9.99552E-005 9.99552E-005 0.00624486 9.99552E-005 9.99552E-005 0.0431445 9.99552E-005 0.930447
9.99551E-005 9.99551E-005 0.00524723 9.99551E-005 9.99551E-005 0.0581925 9.99551E-005 0.0258601 0.9102
0.073798 9.99372E-005 9.99372E-005 9.99372E-005 9.99372E-005 9.99372E-005 9.99372E-005 9.99372E-005 0.925502
9.99641E-005 9.99641E-005 0.0219078 9.99641E-005 0.0132563 0.0351196 0.00035831 9.99641E-005 0.928958
9.99372E-005 9.99372E-005 9.99372E-005 9.99372E-005 0.0311574 9.99372E-005 9.99372E-005 9.99372E-005 0.968143
9.99641E-005 0.046024 9.99641E-005 0.0141852 9.99641E-005 0.0427182 0.0111179 9.99641E-005 0.885555
9.99372E-005 9.99372E-005 9.99372E-005 9.99372E-005 9.99372E-005 0.056352 9.99372E-005 9.99372E-005 0.942948
9.99371E-005 9.99371E-005 9.99371E-005 0.042431 9.99371E-005 9.99371E-005 9.99371E-005 9.99371E-005 0.956869
0.0131081 9.99641E-005 0.00952521 9.99641E-005 0.00128512 0.0184377 9.99641E-005 9.99641E-005 0.957244
9.99551E-005 0.0249413 9.99551E-005 9.99551E-005 0.0516676 9.99551E-005 0.0321383 9.99551E-005 0.890753
9.99372E-005 9.99372E-005 9.99372E-005 0.0664496 9.99372E-005 9.99372E-005 9.99372E-005 9.99372E-005 0.932851
9.99462E-005 9.99462E-005 9.99462E-005 9.99462E-005 0.0332411 9.99462E-005 9.99462E-005 0.00652627 0.959633
9.99462E-005 9.99462E-005 9.99462E-005 0.00892141 9.99462E-005 0.0427071 9.99462E-005 9.99462E-005 0.947772
0.0830512 9.99461E-005 9.99461E-005 0.0221851 9.99461E-005 9.99461E-005 9.99461E-005 9.99461E-005 0.894164
0.0187918 9.99462E-005 9.99462E-005 0.0145511 9.99462E-005 9.99462E-005 9.99462E-005 9.99462E-005 0.966057
0.00385493 0.0129636 9.99641E-005 0.0341804 0.0518143 9.99641E-005 9.99641E-005 9.99641E-005 0.896787
9.99372E-005 9.99372E-005 0.0325906 9.99372E-005 9.99372E-005 9.99372E-005 9.99372E-005 9.99372E-005 0.96671
9.99551E-005 0.0193143 9.99551E-005 9.99551E-005 9.99551E-005 0.111749 0.0134196 9.99551E-005 0.855017
9.99371E-005 9.99371E-005 9.99371E-005 9.99371E-005 9.99371E-005 0.034448 9.99371E-005 9.99371E-005 0.964852
9.99641E-005 0.0270494 0.0319364 9.99641E-005 9.99641E-005 0.0268002 0.00741785 9.99641E-005 0.906396
0.0361619 9.99731E-005 9.99731E-005 0.542278 0.0239827 0.137085 0.015338 9.99731E-005 0.244855
0.325363 0.0371123 9.9973E-005 0.328272 9.9973E-005 0.156105 0.0167294 9.9973E-005 0.136118
0.0811208 9.99641E-005 9.99641E-005 0.391067 9.99641E-005 0.188877 0.0121087 9.99641E-005 0.326427
0.116612 0.00851585 0.0403188 0.0291741 0.776611 9.99731E-005 9.99731E-005 0.0284685 9.99731E-005
9.993E-005 9.993E-005 9.993E-005 9.993E-005 0.999201 9.993E-005 9.993E-005 9.993E-005 9.993E-005
9.99462E-005 9.99462E-005 9.99462E-005 9.99462E-005 0.971939 0.0183389 9.99462E-005 0.00912224 9.99462E-005
9.99371E-005 9.99371E-005 9.99371E-005 9.99371E-005 0.990713 9.99371E-005 0.00858729 9.99371E-005 9.99371E-005
9.99372E-005 9.99372E-005 9.99372E-005 9.99372E-005 0.949925 9.99372E-005 9.99372E-005 0.0493758 9.99372E-005
9.993E-005 9.993E-005 9.993E-005 9.993E-005 0.999201 9.993E-005 9.993E-005 9.993E-005 9.993E-005
0.145226 0.0149327 0.0682922 0.0296455 0.547403 0.00592146 0.0270133 0.161466 9.9991E-005
9.99372E-005 0.018354 9.99372E-005 9.99372E-005 9.99372E-005 9.99372E-005 9.99372E-005 0.980946 9.99372E-005
9.993E-005 9.993E-005 9.993E-005 9.993E-005 9.993E-005 9.993E-005 9.993E-005 0.999201 9.993E-005
0.00372013 9.99551E-005 9.99551E-005 0.031568 9.99551E-005 9.99551E-005 0.073473 0.890739 9.99551E-005
0.344818 9.996E-005 9.996E-005 9.996E-005 0.16113 9.996E-005 0.0234511 0.00409136 0.46611
0.175361 0.0862786 0.431058 9.999E-005 0.0700853 0.104169 0.0411843 0.0283307 0.0634334
9.99729E-005 0.707822 0.102787 0.0449308 0.0311988 9.99729E-005 0.0372982 9.99729E-005 0.0756638
0.0118847 9.99641E-005 9.99641E-005 0.157412 9.99641E-005 0.69837 0.0183838 9.99641E-005 0.113549
0.0355704 9.99641E-005 0.0761632 0.269102 9.99641E-005 0.615146 0.00361829 9.99641E-005 9.99641E-005
9.99367E-005 0.652863 9.99367E-005 9.99367E-005 9.99367E-005 9.99367E-005 9.99367E-005 9.99367E-005 0.346437
0.0123603 9.9956E-005 9.9956E-005 0.00665901 9.9956E-005 0.0439196 9.9956E-005 9.9956E-005 0.936561
9.99372E-005 9.99372E-005 9.99372E-005 9.99372E-005 9.99372E-005 9.99372E-005 9.99372E-005 0.0316105 0.96769
0.0547923 0.0509728 0.00297663 9.99641E-005 9.99641E-005 9.99641E-005 0.00393925 9.99641E-005 0.886919
9.99372E-005 9.99372E-005 9.99372E-005 9.99372E-005 9.99372E-005 9.99372E-005 9.99372E-005 0.012591 0.986709
9.99551E-005 0.0152804 9.99551E-005 9.99551E-005 0.0360213 0.0153727 9.99551E-005 9.99551E-005 0.932826
9.99551E-005 0.00537033 9.99551E-005 0.0165718 9.99551E-005 0.0429824 9.99551E-005 9.99551E-005 0.934576
9.99551E-005 9.99551E-005 9.99551E-005 0.00310283 0.0328216 9.99551E-005 0.000255734 9.99551E-005 0.96332
9.993E-005 9.993E-005 9.993E-005 9.993E-005 9.993E-005 9.993E-005 9.993E-005 9.993E-005 0.999201
9.99551E-005 0.0107873 9.99551E-005 0.00224027 9.99551E-005 9.99551E-005 9.99551E-005 0.039858 0.946615
9.99552E-005 9.99552E-005 9.99552E-005 0.0415181 9.99552E-005 9.99552E-005 0.0162917 0.00414656 0.937544
9.99462E-005 9.99462E-005 9.99462E-005 9.99462E-005 0.0308017 9.99462E-005 0.000874687 9.99462E-005 0.967724
0.0177511 9.99551E-005 9.99551E-005 0.0205625 9.99551E-005 9.99551E-005 9.99551E-005 0.0174448 0.943742
0.0966017 9.99372E-005 9.99372E-005 9.99372E-005 9.99372E-005 9.99372E-005 9.99372E-005 9.99372E-005 0.902699
0.0402637 9.99462E-005 9.99462E-005 9.99462E-005 9.99462E-005 9.99462E-005 0.0211249 9.99462E-005 0.938012
9.99372E-005 9.99372E-005 9.99372E-005 9.99372E-005 9.99372E-005 0.0769635 9.99372E-005 9.99372E-005 0.922337
0.650726 9.99731E-005 0.00966631 0.0608919 0.142768 9.99731E-005 0.0932681 0.0423788 9.99731E-005
0.846156 9.99641E-005 0.0978606 9.99641E-005 0.00500756 9.99641E-005 0.0341599 0.0164159 9.99641E-005
0.662131 9.99641E-005 0.133268 0.0235496 9.99641E-005 9.99641E-005 0.0846423 0.0960098 9.99641E-005
9.993E-005 9.993E-005 9.993E-005 9.993E-005 9.993E-005 9.993E-005 9.993E-005 0.999201 9.993E-005
9.99372E-005 9.99372E-005 9.99372E-005 9.99372E-005 9.99372E-005 9.99372E-005 0.025269 0.974031 9.99372E-005
0.0532501 9.99552E-005 9.99552E-005 9.99552E-005 0.000449764 0.0102807 9.99552E-005 0.93552 9.99552E-005
9.99641E-005 9.99641E-005 0.0140131 9.99641E-005 0.0483612 0.0306284 0.043531 0.863066 9.99641E-005
0.0749324 9.99462E-005 9.99462E-005 0.206963 9.99462E-005 0.717505 9.99462E-005 9.99462E-005 9.99462E-005
0.0434503 9.99641E-005 9.99641E-005 0.206646 0.0233406 0.70297 0.0231933 9.99641E-005 9.99641E-005
0.157373 9.99552E-005 9.99552E-005 0.25492 0.0722627 0.514944 9.99552E-005 9.99552E-005 9.99552E-005
0.805015 9.99821E-005 0.0469342 0.00921656 0.0611559 0.00277757 0.0550707 0.0196306 9.99821E-005
0.971 0.00222801 0.00184278 9.99641E-005 9.99641E-005 9.99641E-005 0.0194665 0.00506315 9.99641E-005
0.72557 9.9982E-005 0.105985 0.00848771 0.0420498 0.0287001 0.0254742 9.9982E-005 0.0635336
0.903247 0.0269118 0.00398441 0.0135524 9.99731E-005 9.99731E-005 0.0164718 9.99731E-005 0.0355323
