0.0131436 9.99192E-005 9.99192E-005 9.99192E-005 9.99192E-005 9.99192E-005 0.859924 9.99192E-005 0.0722513 9.99192E-005 0.0537819 9.99192E-005 9.99192E-005
0.0125879 9.99012E-005 9.99012E-005 9.99012E-005 9.99012E-005 9.99012E-005 0.986313 9.99012E-005 9.99012E-005 9.99012E-005 9.99012E-005 9.99012E-005 9.99012E-005
0.0389686 0.0919864 9.99191E-005 9.99191E-005 0.00239577 9.99191E-005 0.86575 9.99191E-005 9.99191E-005 9.99191E-005 9.99191E-005 9.99191E-005 9.99191E-005
9.99193E-005 9.99193E-005 0.110643 9.99193E-005 9.99193E-005 9.99193E-005 0.654737 9.99193E-005 9.99193E-005 0.132116 0.101605 9.99193E-005 9.99193E-005
0.0204698 0.0387024 9.99282E-005 9.99282E-005 0.0592925 9.99282E-005 0.815699 9.99282E-005 9.99282E-005 9.99282E-005 0.0650371 9.99282E-005 9.99282E-005
9.98922E-005 9.98922E-005 9.98922E-005 9.98922E-005 9.98922E-005 9.98922E-005 0.998801 9.98922E-005 9.98922E-005 9.98922E-005 9.98922E-005 9.98922E-005 9.98922E-005
9.99011E-005 9.99011E-005 9.99011E-005 9.99011E-005 9.99011E-005 9.99011E-005 0.981777 9.99011E-005 0.0171237 9.99011E-005 9.99011E-005 9.99011E-005 9.99011E-005
9.99371E-005 9.99371E-005 0.0761267 0.0149667 0.0646122 9.99371E-005 0.671891 9.99371E-005 9.99371E-005 0.145035 9.99371E-005 0.0266684 9.99371E-005
9.99281E-005 9.99281E-005 0.056714 9.99281E-005 9.99281E-005 0.0253173 0.772562 9.99281E-005 9.99281E-005 0.11131 9.99281E-005 9.99281E-005 0.0332969
9.99192E-005 9.99192E-005 9.99192E-005 9.99192E-005 9.99192E-005 0.0280086 0.780867 9.99192E-005 9.99192E-005 0.110696 9.99192E-005 9.99192E-005 0.079529
9.99102E-005 9.99102E-005 9.99102E-005 9.99102E-005 9.99102E-005 0.0826315 0.872744 0.0436259 9.99102E-005 9.99102E-005 9.99102E-005 9.99102E-005 9.99102E-005
0.0463063 0.00825364 9.99283E-005 9.99283E-005 0.177109 9.99283E-005 0.552948 9.99283E-005 0.214584 9.99283E-005 9.99283E-005 9.99283E-005 9.99283E-005
9.99372E-005 0.0376941 0.0520559 9.99372E-005 0.0495854 9.99372E-005 0.64005 0.0157737 0.204141 9.99372E-005 9.99372E-005 9.99372E-005 9.99372E-005
9.99373E-005 0.117223 0.0252609 0.0283102 9.99373E-005 9.99373E-005 0.610881 0.059337 9.99373E-005 9.99373E-005 0.158289 9.99373E-005 9.99373E-005
9.99641E-005 0.0509592 0.195584 0.0368584 9.99641E-005 0.0795218 0.350729 9.99641E-005 9.99641E-005 0.128077 0.15088 0.00452774 0.00246373
9.99461E-005 0.168357 0.0646405 0.00393812 0.0975346 0.0106069 0.417115 9.99461E-005 0.237209 9.99461E-005 9.99461E-005 9.99461E-005 9.99461E-005
0.00479073 0.0591267 0.0651479 9.99461E-005 0.197939 9.99461E-005 0.533995 9.99461E-005 9.99461E-005 0.125234 9.99461E-005 0.0131672 9.99461E-005
9.99461E-005 0.199934 9.99461E-005 9.99461E-005 0.103576 0.0151004 0.430175 9.99461E-005 0.229623 9.99461E-005 0.00138501 0.019607 9.99461E-005
0.477776 0.0336014 9.99282E-005 9.99282E-005 0.0186527 9.99282E-005 0.0372669 9.99282E-005 0.431904 9.99282E-005 9.99282E-005 9.99282E-005 9.99282E-005
0.0413663 9.99371E-005 9.99371E-005 9.99371E-005 0.00921894 9.99371E-005 0.0201135 9.99371E-005 0.220643 0.671623 0.0363362 9.99371E-005 9.99371E-005
0.0539925 9.99102E-005 9.99102E-005 9.99102E-005 9.99102E-005 9.99102E-005 9.99102E-005 9.99102E-005 0.934194 9.99102E-005 0.0108148 9.99102E-005 9.99102E-005
0.179485 9.99102E-005 9.99102E-005 9.99102E-005 9.99102E-005 9.99102E-005 9.99102E-005 0.00230836 0.817207 9.99102E-005 9.99102E-005 9.99102E-005 9.99102E-005
0.0174546 9.99281E-005 9.99281E-005 9.99281E-005 9.99281E-005 0.035478 9.99281E-005 0.0408511 0.156282 0.749135 9.99281E-005 9.99281E-005 9.99281E-005
0.998801 9.98919E-005 9.98919E-005 9.98919E-005 9.98919E-005 9.98919E-005 9.98919E-005 9.98919E-005 9.98919E-005 9.98919E-005 9.98919E-005 9.98919E-005 9.98919E-005
0.972528 9.99011E-005 9.99011E-005 9.99011E-005 9.99011E-005 9.99011E-005 9.99011E-005 9.99011E-005 0.0263734 9.99011E-005 9.99011E-005 9.99011E-005 9.99011E-005
0.998801 9.98922E-005 9.98922E-005 9.98922E-005 9.98922E-005 9.98922E-005 9.98922E-005 9.98922E-005 9.98922E-005 9.98922E-005 9.98922E-005 9.98922E-005 9.98922E-005
0.0365342 9.99282E-005 0.0227463 9.99282E-005 0.122105 9.99282E-005 9.99282E-005 9.99282E-005 9.99282E-005 0.791665 9.99282E-005 9.99282E-005 0.0261499
0.722424 9.99101E-005 9.99101E-005 9.99101E-005 9.99101E-005 9.99101E-005 9.99101E-005 9.99101E-005 0.213197 0.0633794 9.99101E-005 9.99101E-005 9.99101E-005
9.99102E-005 0.0268326 9.99102E-005 9.99102E-005 9.99102E-005 9.99102E-005 9.99102E-005 9.99102E-005 0.531696 0.440473 9.99102E-005 9.99102E-005 9.99102E-005
0.998801 9.98921E-005 9.98921E-005 9.98921E-005 9.98921E-005 9.98921E-005 9.98921E-005 9.98921E-005 9.98921E-005 9.98921E-005 9.98921E-005 9.98921E-005 9.98921E-005
0.134873 9.99282E-005 0.0167096 9.99282E-005 9.99282E-005 9.99282E-005 0.0615969 9.99282E-005 0.287893 0.498128 9.99282E-005 9.99282E-005 9.99282E-005
0.986485 9.99012E-005 9.99012E-005 9.99012E-005 9.99012E-005 0.0124166 9.99012E-005 9.99012E-005 9.99012E-005 9.99012E-005 9.99012E-005 9.99012E-005 9.99012E-005
0.0717912 0.0727119 9.99192E-005 9.99192E-005 0.0275511 9.99192E-005 9.99192E-005 9.99192E-005 9.99192E-005 0.827046 9.99192E-005 9.99192E-005 9.99192E-005
0.209586 9.99192E-005 9.99192E-005 9.99192E-005 0.0004066 9.99192E-005 9.99192E-005 0.00683012 9.99192E-005 0.782278 9.99192E-005 9.99192E-005 9.99192E-005
0.140632 0.0178385 9.99461E-005 0.000427959 9.99461E-005 9.99461E-005 9.99461E-005 9.99461E-005 0.0476328 0.715218 0.0637234 9.99461E-005 0.0139273
0.0636146 9.99011E-005 9.99011E-005 9.99011E-005 9.99011E-005 9.99011E-005 9.99011E-005 9.99011E-005 0.935286 9.99011E-005 9.99011E-005 9.99011E-005 9.99011E-005
0.0610278 9.99192E-005 0.0368519 9.99192E-005 9.99192E-005 9.99192E-005 9.99192E-005 9.99192E-005 9.99192E-005 0.889213 9.99192E-005 0.0120079 9.99192E-005
9.99103E-005 9.99103E-005 9.99103E-005 9.99103E-005 0.828823 9.99103E-005 9.99103E-005 0.00725298 0.162924 9.99103E-005 9.99103E-005 9.99103E-005 9.99103E-005
9.99011E-005 9.99011E-005 9.99011E-005 9.99011E-005 0.712998 9.99011E-005 9.99011E-005 9.99011E-005 9.99011E-005 9.99011E-005 0.285903 9.99011E-005 9.99011E-005
0.00945988 0.00502754 9.99552E-005 0.0240368 0.874951 9.99552E-005 0.000683726 9.99552E-005 0.0520019 9.99552E-005 0.0142454 9.99552E-005 0.0190944
9.99013E-005 9.99013E-005 9.99013E-005 9.99013E-005 0.997846 9.99013E-005 9.99013E-005 9.99013E-005 9.99013E-005 9.99013E-005 9.99013E-005 0.00105511 9.99013E-005
0.000145348 0.0196363 9.99282E-005 9.99282E-005 0.964966 9.99282E-005 9.99282E-005 9.99282E-005 0.00886232 9.99282E-005 9.99282E-005 0.00559098 9.99282E-005
9.99012E-005 9.99012E-005 9.99012E-005 9.99012E-005 0.900491 9.99012E-005 9.99012E-005 9.99012E-005 9.99012E-005 9.99012E-005 0.0984101 9.99012E-005 9.99012E-005
9.99192E-005 0.0741431 9.99192E-005 9.99192E-005 0.920939 9.99192E-005 9.99192E-005 9.99192E-005 0.000816508 9.99192E-005 0.00320168 9.99192E-005 9.99192E-005
0.000698264 0.0828007 0.0684575 9.99551E-005 0.42859 9.99551E-005 0.00888449 9.99551E-005 9.99551E-005 0.0141687 0.394359 0.00154148 9.99551E-005
0.000424472 9.99102E-005 9.99102E-005 9.99102E-005 0.924841 9.99102E-005 9.99102E-005 9.99102E-005 9.99102E-005 9.99102E-005 0.073735 9.99102E-005 9.99102E-005
0.047596 0.0629146 0.631579 9.99461E-005 0.0165671 9.99461E-005 0.0955173 9.99461E-005 9.99461E-005 9.99461E-005 0.0557785 9.99461E-005 0.0894481
9.98901E-005 9.98901E-005 9.98901E-005 9.98901E-005 9.98901E-005 9.98901E-005 9.98901E-005 9.98901E-005 9.98901E-005 9.98901E-005 9.98901E-005 0.998801 9.98901E-005
9.99101E-005 9.99101E-005 9.99101E-005 9.99101E-005 0.00831988 0.969695 9.99101E-005 9.99101E-005 9.99101E-005 9.99101E-005 9.99101E-005 0.0209862 9.99101E-005
9.99193E-005 0.101912 0.871812 0.00969764 0.0156798 9.99193E-005 9.99193E-005 9.99193E-005 9.99193E-005 9.99193E-005 9.99193E-005 9.99193E-005 9.99193E-005
9.9901E-005 9.9901E-005 0.283566 9.9901E-005 9.9901E-005 0.715335 9.9901E-005 9.9901E-005 9.9901E-005 9.9901E-005 9.9901E-005 9.9901E-005 9.9901E-005
0.0369466 9.99102E-005 0.918438 9.99102E-005 9.99102E-005 9.99102E-005 9.99102E-005 9.99102E-005 9.99102E-005 9.99102E-005 0.0436162 9.99102E-005 9.99102E-005
9.99282E-005 9.99282E-005 0.760825 0.0325603 9.99282E-005 9.99282E-005 9.99282E-005 0.02177 0.108092 9.99282E-005 0.0759532 9.99282E-005 9.99282E-005
0.036856 9.99461E-005 0.74021 9.99461E-005 0.0690993 9.99461E-005 0.051825 0.0327895 9.99461E-005 9.99461E-005 0.0655561 0.00306428 9.99461E-005
9.99283E-005 9.99283E-005 0.878493 9.99283E-005 9.99283E-005 9.99283E-005 0.0440383 9.99283E-005 0.0276405 9.99283E-005 0.0244204 9.99283E-005 0.0246083
9.99282E-005 0.00635676 0.934753 9.99282E-005 9.99282E-005 9.99282E-005 0.046264 9.99282E-005 9.99282E-005 9.99282E-005 0.00878674 0.00303981 9.99282E-005
0.0593869 0.0766465 0.794457 0.0557562 9.99371E-005 9.99371E-005 9.99371E-005 9.99371E-005 9.99371E-005 0.00436148 9.99371E-005 9.99371E-005 0.00869229
9.99372E-005 9.99372E-005 0.873885 0.0143722 9.99372E-005 0.0165504 0.0814634 9.99372E-005 9.99372E-005 0.00212625 0.0109036 9.99372E-005 9.99372E-005
0.0150922 9.99102E-005 0.949781 9.99102E-005 9.99102E-005 9.99102E-005 9.99102E-005 0.0341274 9.99102E-005 9.99102E-005 9.99102E-005 9.99102E-005 9.99102E-005
9.99013E-005 9.99013E-005 0.92211 9.99013E-005 9.99013E-005 9.99013E-005 9.99013E-005 9.99013E-005 9.99013E-005 0.0767909 9.99013E-005 9.99013E-005 9.99013E-005
9.99192E-005 9.99192E-005 0.408221 0.212497 9.99192E-005 9.99192E-005 9.99192E-005 9.99192E-005 0.285336 9.99192E-005 9.99192E-005 9.99192E-005 0.0930462
9.99371E-005 9.99371E-005 0.436778 0.232733 9.99371E-005 0.000325856 9.99371E-005 9.99371E-005 0.314389 9.99371E-005 9.99371E-005 0.00103068 0.0140437
0.0112998 9.99641E-005 0.524223 0.216324 0.0102359 9.99641E-005 0.0105591 9.99641E-005 0.172276 9.99641E-005 0.0310024 0.00218802 0.0214916
0.0141127 9.99462E-005 0.173714 0.5559 9.99462E-005 0.0334001 9.99462E-005 0.185718 9.99462E-005 0.0305141 9.99462E-005 9.99462E-005 0.00604151
0.0590875 0.0159156 0.0915484 0.461391 9.99372E-005 9.99372E-005 9.99372E-005 0.140192 9.99372E-005 9.99372E-005 9.99372E-005 9.99372E-005 0.231165
9.99013E-005 9.99013E-005 9.99013E-005 0.973282 9.99013E-005 9.99013E-005 9.99013E-005 9.99013E-005 9.99013E-005 9.99013E-005 0.0256195 9.99013E-005 9.99013E-005
9.9892E-005 9.9892E-005 9.9892E-005 0.998801 9.9892E-005 9.9892E-005 9.9892E-005 9.9892E-005 9.9892E-005 9.9892E-005 9.9892E-005 9.9892E-005 9.9892E-005
9.99282E-005 9.99282E-005 0.130888 0.523093 9.99282E-005 9.99282E-005 9.99282E-005 0.17528 0.148352 9.99282E-005 9.99282E-005 9.99282E-005 0.0215869
9.99282E-005 9.99282E-005 0.184639 0.5183 9.99282E-005 9.99282E-005 9.99282E-005 0.277954 0.00601616 9.99282E-005 9.99282E-005 9.99282E-005 0.0122915
9.99102E-005 0.0273956 9.99102E-005 0.965353 0.00625181 9.99102E-005 9.99102E-005 9.99102E-005 9.99102E-005 9.99102E-005 9.99102E-005 9.99102E-005 9.99102E-005
9.98922E-005 9.98922E-005 9.98922E-005 0.998801 9.98922E-005 9.98922E-005 9.98922E-005 9.98922E-005 9.98922E-005 9.98922E-005 9.98922E-005 9.98922E-005 9.98922E-005
9.99372E-005 9.99372E-005 0.17715 0.520605 9.99372E-005 9.99372E-005 9.99372E-005 0.129168 0.0134834 0.12977 9.99372E-005 9.99372E-005 0.029124
9.99013E-005 9.99013E-005 9.99013E-005 0.98135 9.99013E-005 9.99013E-005 9.99013E-005 9.99013E-005 9.99013E-005 9.99013E-005 0.0175515 9.99013E-005 9.99013E-005
9.99011E-005 9.99011E-005 9.99011E-005 0.985897 9.99011E-005 9.99011E-005 9.99011E-005 9.99011E-005 9.99011E-005 9.99011E-005 9.99011E-005 0.013004 9.99011E-005
9.99102E-005 0.000463371 9.99102E-005 0.994766 9.99102E-005 0.0037712 9.99102E-005 9.99102E-005 9.99102E-005 9.99102E-005 9.99102E-005 9.99102E-005 9.99102E-005
9.99102E-005 9.99102E-005 9.99102E-005 0.993454 9.99102E-005 9.99102E-005 9.99102E-005 0.00101453 9.99102E-005 9.99102E-005 9.99102E-005 9.99102E-005 0.00453273
0.0339473 9.99101E-005 9.99101E-005 0.962905 9.99101E-005 9.99101E-005 9.99101E-005 9.99101E-005 9.99101E-005 9.99101E-005 9.99101E-005 9.99101E-005 0.0021486
9.99013E-005 9.99013E-005 9.99013E-005 9.99013E-005 0.0766551 9.99013E-005 9.99013E-005 9.99013E-005 9.99013E-005 0.922246 9.99013E-005 9.99013E-005 9.99013E-005
0.0106191 9.99102E-005 9.99102E-005 9.99102E-005 0.987585 0.000796338 9.99102E-005 9.99102E-005 9.99102E-005 9.99102E-005 9.99102E-005 9.99102E-005 9.99102E-005
0.0348046 9.99101E-005 9.99101E-005 9.99101E-005 0.852695 9.99101E-005 9.99101E-005 9.99101E-005 9.99101E-005 9.99101E-005 0.111501 9.99101E-005 9.99101E-005
0.00273942 9.99102E-005 9.99102E-005 0.0211786 9.99102E-005 9.99102E-005 9.99102E-005 9.99102E-005 9.99102E-005 9.99102E-005 9.99102E-005 9.99102E-005 0.975083
9.99192E-005 9.99192E-005 9.99192E-005 0.0494673 9.99192E-005 0.0267883 9.99192E-005 0.0819859 9.99192E-005 9.99192E-005 9.99192E-005 9.99192E-005 0.840859
9.99103E-005 9.99103E-005 9.99103E-005 0.0271092 9.99103E-005 9.99103E-005 9.99103E-005 0.0883697 9.99103E-005 9.99103E-005 9.99103E-005 9.99103E-005 0.883522
9.99192E-005 0.00868545 9.99192E-005 9.99192E-005 0.0176443 9.99192E-005 9.99192E-005 0.0533559 9.99192E-005 9.99192E-005 9.99192E-005 9.99192E-005 0.919415
9.99103E-005 9.99103E-005 0.0403237 9.99103E-005 9.99103E-005 9.99103E-005 9.99103E-005 0.416077 9.99103E-005 9.99103E-005 9.99103E-005 9.99103E-005 0.5426
0.00404271 9.99282E-005 9.99282E-005 9.99282E-005 9.99282E-005 9.99282E-005 9.99282E-005 0.20833 0.0132279 9.99282E-005 0.00546901 9.99282E-005 0.768131
0.0307945 9.99283E-005 9.99283E-005 0.0166401 9.99283E-005 9.99283E-005 9.99283E-005 0.303927 9.99283E-005 0.0130879 9.99283E-005 9.99283E-005 0.634751
9.99372E-005 9.99372E-005 0.0345472 0.0128895 9.99372E-005 9.99372E-005 0.00147513 0.365644 9.99372E-005 9.99372E-005 0.00302452 9.99372E-005 0.58172
9.99102E-005 9.99102E-005 9.99102E-005 9.99102E-005 9.99102E-005 9.99102E-005 9.99102E-005 0.174976 0.06955 9.99102E-005 9.99102E-005 9.99102E-005 0.754475
9.99371E-005 0.00362218 0.0272549 9.99371E-005 0.00937858 9.99371E-005 9.99371E-005 0.0349772 9.99371E-005 9.99371E-005 9.99371E-005 0.00281194 0.921256
9.99014E-005 0.0176658 9.99014E-005 9.99014E-005 9.99014E-005 9.99014E-005 9.99014E-005 9.99014E-005 9.99014E-005 9.99014E-005 9.99014E-005 9.99014E-005 0.981235
9.99372E-005 9.99372E-005 0.00571164 0.0167408 9.99372E-005 0.0447129 9.99372E-005 0.0777916 9.99372E-005 9.99372E-005 9.99372E-005 0.0228576 0.831486
9.99193E-005 9.99193E-005 0.0213803 9.99193E-005 9.99193E-005 9.99193E-005 9.99193E-005 0.0423932 9.99193E-005 9.99193E-005 0.00309596 9.99193E-005 0.932231
9.99102E-005 9.99102E-005 9.99102E-005 0.00477702 9.99102E-005 9.99102E-005 9.99102E-005 0.0678758 9.99102E-005 9.99102E-005 9.99102E-005 9.99102E-005 0.926348
9.99192E-005 9.99192E-005 9.99192E-005 9.99192E-005 9.99192E-005 0.00331032 9.99192E-005 0.0403362 9.99192E-005 9.99192E-005 0.0190933 9.99192E-005 0.936361
9.99282E-005 0.0280927 9.99282E-005 9.99282E-005 9.99282E-005 0.0287638 9.99282E-005 0.304402 0.0173755 9.99282E-005 9.99282E-005 9.99282E-005 0.620567
9.99103E-005 9.99103E-005 9.99103E-005 0.0400535 9.99103E-005 9.99103E-005 9.99103E-005 0.0182705 9.99103E-005 9.99103E-005 9.99103E-005 9.99103E-005 0.940677
9.99103E-005 9.99103E-005 9.99103E-005 9.99103E-005 9.99103E-005 9.99103E-005 9.99103E-005 0.102176 9.99103E-005 9.99103E-005 0.0431649 9.99103E-005 0.85366
9.99103E-005 9.99103E-005 0.018709 9.99103E-005 9.99103E-005 9.99103E-005 9.99103E-005 9.99103E-005 9.99103E-005 9.99103E-005 9.99103E-005 0.00554691 0.974745
9.99282E-005 9.99282E-005 9.99282E-005 0.0281212 9.99282E-005 0.00309348 9.99282E-005 0.447919 9.99282E-005 0.0670856 9.99282E-005 9.99282E-005 0.452981
9.99192E-005 9.99192E-005 9.99192E-005 9.99192E-005 9.99192E-005 0.011707 9.99192E-005 0.386119 9.99192E-005 0.00199258 9.99192E-005 9.99192E-005 0.599282
9.99013E-005 0.0561912 9.99013E-005 9.99013E-005 9.99013E-005 9.99013E-005 9.99013E-005 9.99013E-005 9.99013E-005 9.99013E-005 9.99013E-005 9.99013E-005 0.94271
9.99281E-005 9.99281E-005 9.99281E-005 0.00115335 9.99281E-005 0.029827 0.00645703 0.522005 9.99281E-005 9.99281E-005 9.99281E-005 9.99281E-005 0.439759
0.0121242 9.99282E-005 0.093355 9.99282E-005 9.99282E-005 0.0179424 9.99282E-005 9.99282E-005 9.99282E-005 0.0149416 9.99282E-005 9.99282E-005 0.860837
9.99102E-005 9.99102E-005 9.99102E-005 0.00765554 9.99102E-005 9.99102E-005 9.99102E-005 0.249516 9.99102E-005 9.99102E-005 9.99102E-005 9.99102E-005 0.741829
0.0148583 9.99461E-005 9.99461E-005 9.99461E-005 9.99461E-005 0.0224683 0.0160494 0.0390533 0.00223813 9.99461E-005 9.99461E-005 0.00338511 0.901348
9.99372E-005 0.00989942 0.10992 0.537756 9.99372E-005 9.99372E-005 9.99372E-005 0.113438 0.100581 9.99372E-005 9.99372E-005 9.99372E-005 0.127706
9.99371E-005 9.99371E-005 0.151612 0.309684 9.99371E-005 0.0547887 9.99371E-005 9.99371E-005 0.142908 0.210275 9.99371E-005 9.99371E-005 0.130033
0.0208976 9.99372E-005 0.156171 0.379277 9.99372E-005 9.99372E-005 9.99372E-005 0.0955237 0.0896484 9.99372E-005 9.99372E-005 9.99372E-005 0.257782
9.99192E-005 0.662718 9.99192E-005 0.0103217 0.133308 9.99192E-005 9.99192E-005 9.99192E-005 0.192753 9.99192E-005 9.99192E-005 9.99192E-005 9.99192E-005
9.98919E-005 0.998801 9.98919E-005 9.98919E-005 9.98919E-005 9.98919E-005 9.98919E-005 9.98919E-005 9.98919E-005 9.98919E-005 9.98919E-005 9.98919E-005 9.98919E-005
9.99103E-005 0.977373 0.00591328 9.99103E-005 0.0157147 9.99103E-005 9.99103E-005 9.99103E-005 9.99103E-005 9.99103E-005 9.99103E-005 9.99103E-005 9.99103E-005
0.00992689 0.988974 9.99011E-005 9.99011E-005 9.99011E-005 9.99011E-005 9.99011E-005 9.99011E-005 9.99011E-005 9.99011E-005 9.99011E-005 9.99011E-005 9.99011E-005
9.99103E-005 0.928344 9.99103E-005 9.99103E-005 0.0568813 9.99103E-005 9.99103E-005 9.99103E-005 9.99103E-005 9.99103E-005 0.0137756 9.99103E-005 9.99103E-005
9.98923E-005 0.998801 9.98923E-005 9.98923E-005 9.98923E-005 9.98923E-005 9.98923E-005 9.98923E-005 9.98923E-005 9.98923E-005 9.98923E-005 9.98923E-005 9.98923E-005
0.0108252 0.488872 0.0328915 0.0191511 0.165898 9.99641E-005 0.0607534 9.99641E-005 9.99641E-005 0.164801 0.0407071 0.0157015 9.99641E-005
9.98921E-005 9.98921E-005 9.98921E-005 9.98921E-005 9.98921E-005 9.98921E-005 9.98921E-005 9.98921E-005 9.98921E-005 9.98921E-005 0.998801 9.98921E-005 9.98921E-005
9.9892E-005 9.9892E-005 9.9892E-005 9.9892E-005 9.9892E-005 9.9892E-005 9.9892E-005 9.9892E-005 9.9892E-005 9.9892E-005 0.998801 9.9892E-005 9.9892E-005
0.0462886 9.99371E-005 9.99371E-005 0.025588 9.99371E-005 9.99371E-005 9.99371E-005 0.0111086 0.0597766 9.99371E-005 0.85082 0.00571878 9.99371E-005
0.00567758 0.0775592 9.99462E-005 9.99462E-005 9.99462E-005 9.99462E-005 9.99462E-005 0.250782 0.0336132 0.316448 0.108835 9.99462E-005 0.206485
0.0303525 0.0371134 0.0801316 9.9973E-005 0.0529054 0.0623242 0.405486 0.0691647 9.9973E-005 0.254277 0.00252409 0.00542104 9.9973E-005
0.0138375 0.00178335 9.9919E-005 9.9919E-005 9.9919E-005 0.887403 0.0960766 9.9919E-005 9.9919E-005 9.9919E-005 9.9919E-005 9.9919E-005 9.9919E-005
0.0397906 9.99372E-005 0.680622 0.146485 0.0023385 9.99372E-005 9.99372E-005 9.99372E-005 9.99372E-005 9.99372E-005 9.99372E-005 0.00384274 0.126221
9.99282E-005 9.99282E-005 0.563129 0.235384 9.99282E-005 9.99282E-005 0.0853172 0.0181739 0.0971958 9.99282E-005 9.99282E-005 9.99282E-005 9.99282E-005
9.99098E-005 9.99098E-005 9.99098E-005 9.99098E-005 9.99098E-005 0.907171 9.99098E-005 0.017319 9.99098E-005 9.99098E-005 9.99098E-005 9.99098E-005 0.0745105
9.99372E-005 9.99372E-005 0.0246676 0.00992733 9.99372E-005 9.99372E-005 9.99372E-005 0.199207 0.00405138 9.99372E-005 0.0191802 9.99372E-005 0.742267
9.98923E-005 9.98923E-005 9.98923E-005 9.98923E-005 9.98923E-005 9.98923E-005 9.98923E-005 0.998801 9.98923E-005 9.98923E-005 9.98923E-005 9.98923E-005 9.98923E-005
0.00389304 9.99551E-005 9.99551E-005 0.00617779 0.0189301 0.0526358 9.99551E-005 0.270749 9.99551E-005 0.0149617 9.99551E-005 0.00993185 0.622221
9.98919E-005 9.98919E-005 9.98919E-005 9.98919E-005 9.98919E-005 9.98919E-005 9.98919E-005 0.998801 9.98919E-005 9.98919E-005 9.98919E-005 9.98919E-005 9.98919E-005
9.99281E-005 0.00381787 0.027847 9.99281E-005 9.99281E-005 9.99281E-005 9.99281E-005 9.99281E-005 0.0179215 9.99281E-005 9.99281E-005 0.00972047 0.939894
9.99372E-005 9.99372E-005 0.0353135 0.00303913 0.00161276 0.00786032 9.99372E-005 0.0539593 9.99372E-005 9.99372E-005 9.99372E-005 9.99372E-005 0.897515
9.99103E-005 0.024707 9.99103E-005 9.99103E-005 9.99103E-005 9.99103E-005 9.99103E-005 0.0523524 9.99103E-005 9.99103E-005 9.99103E-005 9.99103E-005 0.921942
9.98919E-005 9.98919E-005 9.98919E-005 9.98919E-005 9.98919E-005 9.98919E-005 9.98919E-005 0.998801 9.98919E-005 9.98919E-005 9.98919E-005 9.98919E-005 9.98919E-005
9.99282E-005 9.99282E-005 9.99282E-005 9.99282E-005 9.99282E-005 0.00253147 9.99282E-005 0.159195 0.0196628 9.99282E-005 0.024692 9.99282E-005 0.793119
9.99193E-005 9.99193E-005 9.99193E-005 0.04627 9.99193E-005 0.00344704 9.99193E-005 0.0823186 9.99193E-005 9.99193E-005 9.99193E-005 9.99193E-005 0.867065
9.99103E-005 0.00276477 9.99103E-005 9.99103E-005 9.99103E-005 9.99103E-005 9.99103E-005 0.723242 9.99103E-005 9.99103E-005 9.99103E-005 9.99103E-005 0.272994
9.99102E-005 9.99102E-005 9.99102E-005 0.0274135 9.99102E-005 9.99102E-005 9.99102E-005 0.820526 9.99102E-005 9.99102E-005 9.99102E-005 9.99102E-005 0.151061
9.99281E-005 9.99281E-005 9.99281E-005 0.00154036 9.99281E-005 9.99281E-005 9.99281E-005 0.786845 9.99281E-005 0.0508284 9.99281E-005 0.00510829 0.154879
9.99103E-005 9.99103E-005 9.99103E-005 9.99103E-005 9.99103E-005 9.99103E-005 9.99103E-005 0.0992347 0.0638101 9.99103E-005 9.99103E-005 9.99103E-005 0.835956
9.99192E-005 9.99192E-005 0.0270938 9.99192E-005 9.99192E-005 0.0519727 9.99192E-005 0.476792 9.99192E-005 9.99192E-005 9.99192E-005 9.99192E-005 0.443242
0.0542991 0.131178 9.995E-005 0.046948 9.995E-005 9.995E-005 0.0125914 0.0164231 0.201741 0.445564 0.0907554 9.995E-005 9.995E-005
9.99102E-005 9.99102E-005 9.99102E-005 9.99102E-005 0.0905672 9.99102E-005 0.036571 9.99102E-005 9.99102E-005 0.871863 9.99102E-005 9.99102E-005 9.99102E-005
0.0448059 9.99371E-005 9.99371E-005 0.0161776 0.0579954 9.99371E-005 0.120943 9.99371E-005 9.99371E-005 0.714302 0.0450764 9.99371E-005 9.99371E-005
9.99013E-005 9.99013E-005 9.99013E-005 9.99013E-005 0.185587 9.99013E-005 9.99013E-005 9.99013E-005 9.99013E-005 9.99013E-005 0.813314 9.99013E-005 9.99013E-005
0.0017367 9.99102E-005 9.99102E-005 9.99102E-005 0.0775351 9.99102E-005 9.99102E-005 9.99102E-005 9.99102E-005 9.99102E-005 0.919729 9.99102E-005 9.99102E-005
9.99103E-005 0.0125836 9.99103E-005 9.99103E-005 9.99103E-005 9.99103E-005 9.99103E-005 9.99103E-005 9.99103E-005 0.0479525 0.938465 9.99103E-005 9.99103E-005
0.0233642 0.0064174 9.99282E-005 9.99282E-005 0.535802 9.99282E-005 9.99282E-005 9.99282E-005 0.0741443 9.99282E-005 0.359472 9.99282E-005 9.99282E-005
9.99192E-005 9.99192E-005 0.576359 0.17713 9.99192E-005 9.99192E-005 9.99192E-005 9.99192E-005 0.234166 9.99192E-005 9.99192E-005 9.99192E-005 0.011446
9.99282E-005 9.99282E-005 0.59745 0.187715 0.00668147 9.99282E-005 9.99282E-005 0.029124 0.178231 9.99282E-005 9.99282E-005 9.99282E-005 9.99282E-005
9.99372E-005 0.021542 0.411964 0.224094 9.99372E-005 0.0161656 9.99372E-005 0.0145391 0.310995 9.99372E-005 9.99372E-005 9.99372E-005 9.99372E-005
0.0103833 0.0637503 0.00101937 9.99282E-005 9.99282E-005 9.99282E-005 9.99282E-005 9.99282E-005 9.99282E-005 0.863859 0.0601884 9.99282E-005 9.99282E-005
9.99013E-005 9.99013E-005 9.99013E-005 9.99013E-005 9.99013E-005 9.99013E-005 9.99013E-005 9.99013E-005 9.99013E-005 0.962581 0.03632 9.99013E-005 9.99013E-005
9.99281E-005 9.99281E-005 9.99281E-005 0.0041893 0.0499372 9.99281E-005 0.0499458 9.99281E-005 0.842435 9.99281E-005 9.99281E-005 9.99281E-005 0.0526929
9.99102E-005 9.99102E-005 9.99102E-005 9.99102E-005 9.99102E-005 0.00582877 9.99102E-005 9.99102E-005 0.987343 9.99102E-005 9.99102E-005 9.99102E-005 0.00582888
