9.99731E-005 0.923683 0.00479452 0.068307 9.99731E-005 0.00291522 9.99731E-005
9.995E-005 0.9994 9.995E-005 9.995E-005 9.995E-005 9.995E-005 9.995E-005
0.0747563 0.908436 0.0164081 9.99641E-005 9.99641E-005 9.99641E-005 9.99641E-005
0.0326823 0.756487 0.0166896 0.110689 9.9991E-005 0.0170385 0.0663138
0.00890782 0.900665 9.99641E-005 0.0900277 9.99641E-005 9.99641E-005 9.99641E-005
9.995E-005 0.9994 9.995E-005 9.995E-005 9.995E-005 9.995E-005 9.995E-005
9.995E-005 0.9994 9.995E-005 9.995E-005 9.995E-005 9.995E-005 9.995E-005
0.0345623 0.791174 9.9982E-005 0.047755 9.9982E-005 0.0511408 0.0751675
9.9964E-005 0.890381 9.9964E-005 9.9964E-005 0.0665272 9.9964E-005 0.0426916
0.00822382 0.889687 9.99641E-005 9.99641E-005 0.10169 9.99641E-005 9.99641E-005
9.99551E-005 0.937885 9.99551E-005 9.99551E-005 0.0616151 9.99551E-005 9.99551E-005
0.070767 0.636203 0.100985 0.191745 9.99731E-005 9.99731E-005 9.99731E-005
0.149382 0.670408 0.0312328 0.0450516 9.9991E-005 0.0198663 0.0839596
0.0605103 0.697699 9.99821E-005 0.153764 0.0545025 0.0333237 9.99821E-005
0.127237 0.403685 0.0349491 0.0742064 0.0114304 0.0684316 0.280061
0.343162 0.481392 0.0352512 0.0345243 9.9991E-005 0.0343979 0.0711719
0.146557 0.619061 0.0255453 0.148716 9.9982E-005 9.9982E-005 0.0599203
0.377347 0.481916 0.0115817 0.0865071 9.9982E-005 9.9982E-005 0.042449
0.191176 0.0927552 0.654816 0.0458685 0.0151848 9.9982E-005 9.9982E-005
0.485064 0.138514 0.320948 0.0198313 0.0261526 9.9991E-005 0.00939021
0.579386 9.99641E-005 0.393837 9.99641E-005 9.99641E-005 9.99641E-005 0.0263774
0.355598 0.0967309 0.473012 0.0106588 0.0638 9.9982E-005 9.9982E-005
0.472556 0.0102704 0.351605 9.9982E-005 0.0793117 9.9982E-005 0.086057
9.995E-005 9.995E-005 0.9994 9.995E-005 9.995E-005 9.995E-005 9.995E-005
9.995E-005 9.995E-005 0.9994 9.995E-005 9.995E-005 9.995E-005 9.995E-005
9.995E-005 9.995E-005 0.9994 9.995E-005 9.995E-005 9.995E-005 9.995E-005
0.408034 0.0920719 0.305669 0.0800701 0.0969043 0.00888326 0.00836687
0.0711036 0.0236283 0.887725 9.9973E-005 9.9973E-005 0.0172437 9.9973E-005
0.585345 9.99641E-005 0.30731 9.99641E-005 9.99641E-005 9.99641E-005 0.106946
9.995E-005 9.995E-005 0.9994 9.995E-005 9.995E-005 9.995E-005 9.995E-005
0.368294 0.133372 0.424123 9.9991E-005 0.00826848 0.0503082 0.0155339
9.995E-005 9.995E-005 0.9994 9.995E-005 9.995E-005 9.995E-005 9.995E-005
0.614074 0.00530462 0.368571 9.9991E-005 0.010076 0.000163714 0.00171104
0.25942 0.0751368 0.544077 0.046796 0.0351747 0.0392951 9.9991E-005
0.469812 9.9982E-005 0.419045 0.0192504 0.0509769 0.040716 9.9982E-005
0.455796 0.0956326 0.406796 9.9982E-005 9.9982E-005 0.0366042 0.00497148
0.411946 0.073452 0.340494 9.9991E-005 0.0388585 0.0163849 0.118764
0.118797 0.0956343 9.99821E-005 0.724492 0.0438678 0.0170083 9.99821E-005
9.995E-005 9.995E-005 9.995E-005 0.9994 9.995E-005 9.995E-005 9.995E-005
0.0793761 0.00503685 0.0228952 0.831946 0.00428021 0.0563658 9.9991E-005
0.1768 9.99551E-005 9.99551E-005 0.822701 9.99551E-005 9.99551E-005 9.99551E-005
0.174887 9.99731E-005 0.00827586 0.785687 9.99731E-005 0.0308506 9.99731E-005
0.00895925 9.99551E-005 9.99551E-005 0.990541 9.99551E-005 9.99551E-005 9.99551E-005
0.215844 9.99551E-005 9.99551E-005 0.783656 9.99551E-005 9.99551E-005 9.99551E-005
0.0059606 0.0517943 0.00929681 0.872889 9.9982E-005 9.9982E-005 0.0598597
0.00133443 9.99641E-005 9.99641E-005 0.994653 9.99641E-005 0.00361253 9.99641E-005
9.999E-005 0.199259 0.0259626 0.126957 0.14684 0.0702825 0.430599
9.995E-005 9.995E-005 9.995E-005 9.995E-005 9.995E-005 9.995E-005 0.9994
9.99642E-005 9.99642E-005 9.99642E-005 0.0637214 0.125373 9.99642E-005 0.810505
0.0439308 0.0571994 9.9991E-005 0.0889884 0.0729678 0.138579 0.598234
9.9955E-005 9.9955E-005 9.9955E-005 9.9955E-005 0.172898 9.9955E-005 0.826603
9.9991E-005 0.0758024 0.0348109 0.0676809 0.0132838 0.113171 0.695151
0.0717247 0.0295419 0.0216357 0.081963 0.0905482 0.13649 0.568097
9.9991E-005 0.111927 0.0100101 0.174336 0.0724895 0.0956992 0.535438
9.9973E-005 0.174865 9.9973E-005 9.9973E-005 0.120961 0.0846531 0.619221
9.9982E-005 0.157885 9.9982E-005 0.0521075 0.0522698 0.0534342 0.684103
0.0856189 0.0428087 0.0619095 0.041682 0.087829 0.154116 0.526036
0.00766115 0.164601 9.9991E-005 0.00950787 0.0291389 0.13009 0.658901
9.9973E-005 0.0551952 9.9973E-005 9.9973E-005 0.104706 0.115264 0.724535
0.104722 0.0123286 9.9982E-005 9.9982E-005 0.0733357 0.120725 0.688689
0.10239 0.0643592 0.0634893 9.9991E-005 0.11281 0.303594 0.353257
0.183642 0.00693299 0.0432393 9.9991E-005 0.0416651 0.351027 0.373393
0.0207323 0.076599 0.0246825 0.0916734 0.0569032 0.32902 0.40039
0.00749363 0.00388964 0.0126697 9.9991E-005 0.222066 0.613249 0.140532
0.0279809 9.9982E-005 0.0755308 9.9982E-005 0.382046 0.497019 0.0172227
9.995E-005 9.995E-005 9.995E-005 9.995E-005 9.995E-005 0.9994 9.995E-005
9.995E-005 9.995E-005 9.995E-005 9.995E-005 9.995E-005 0.9994 9.995E-005
0.0182703 0.0315382 0.0319424 0.0143245 0.20248 0.625113 0.0763312
9.9982E-005 9.9982E-005 0.0103775 0.00104507 0.289366 0.583171 0.11584
0.0219621 9.99551E-005 9.99551E-005 9.99551E-005 9.99551E-005 0.977538 9.99551E-005
9.995E-005 9.995E-005 9.995E-005 9.995E-005 9.995E-005 0.9994 9.995E-005
0.0193866 0.0361175 0.0433111 9.9991E-005 0.184352 0.579377 0.137356
9.995E-005 9.995E-005 9.995E-005 9.995E-005 9.995E-005 0.9994 9.995E-005
9.995E-005 9.995E-005 9.995E-005 9.995E-005 9.995E-005 0.9994 9.995E-005
9.995E-005 9.995E-005 9.995E-005 9.995E-005 9.995E-005 0.9994 9.995E-005
9.995E-005 9.995E-005 9.995E-005 9.995E-005 9.995E-005 0.9994 9.995E-005
9.99551E-005 9.99551E-005 0.0183971 9.99551E-005 9.99551E-005 0.981103 9.99551E-005
0.677776 0.0154624 0.251956 9.99821E-005 0.0331181 9.99821E-005 0.0214877
0.0715694 0.000637747 0.0185115 0.904321 9.9982E-005 0.00476027 9.9982E-005
9.99641E-005 0.00745876 0.0315133 0.960628 9.99641E-005 9.99641E-005 9.99641E-005
9.99551E-005 9.99551E-005 9.99551E-005 9.99551E-005 0.954016 0.0454845 9.99551E-005
9.99551E-005 9.99551E-005 9.99551E-005 9.99551E-005 0.938027 0.061473 9.99551E-005
9.99552E-005 9.99552E-005 9.99552E-005 9.99552E-005 0.989517 0.00998363 9.99552E-005
0.0211705 9.99551E-005 9.99551E-005 9.99551E-005 0.97833 9.99551E-005 9.99551E-005
9.99641E-005 9.99641E-005 9.99641E-005 9.99641E-005 0.927811 0.0281153 0.0436734
9.99551E-005 9.99551E-005 0.0300958 9.99551E-005 0.969404 9.99551E-005 9.99551E-005
0.00253835 9.99641E-005 0.0556385 9.99641E-005 0.941423 9.99641E-005 9.99641E-005
9.99731E-005 0.0366195 9.99731E-005 0.0168708 0.944329 0.00188093 9.99731E-005
0.00978594 9.99731E-005 0.0282429 0.0087293 0.952942 9.99731E-005 9.99731E-005
9.99641E-005 0.0346437 9.99641E-005 9.99641E-005 0.950087 9.99641E-005 0.0148694
0.00805656 9.99552E-005 9.99552E-005 9.99552E-005 0.991444 9.99552E-005 9.99552E-005
9.99731E-005 9.99731E-005 0.00435761 9.99731E-005 0.926314 0.0135932 0.0554354
9.99641E-005 0.0169511 9.99641E-005 0.000178649 0.98247 9.99641E-005 9.99641E-005
9.99551E-005 9.99551E-005 9.99551E-005 9.99551E-005 0.977096 0.0224044 9.99551E-005
0.0103373 0.00735114 9.99731E-005 9.99731E-005 0.981317 0.000694604 9.99731E-005
0.0722415 9.99641E-005 0.0183411 9.99641E-005 0.909018 9.99641E-005 9.99641E-005
9.99551E-005 9.99551E-005 9.99551E-005 9.99551E-005 0.938002 0.0614978 9.99551E-005
9.99551E-005 9.99551E-005 9.99551E-005 0.048229 0.951271 9.99551E-005 9.99551E-005
9.99641E-005 9.99641E-005 9.99641E-005 9.99641E-005 0.970755 0.00478146 0.0240635
0.033394 9.99731E-005 0.0289894 9.99731E-005 0.928881 0.00843583 9.99731E-005
9.99641E-005 9.99641E-005 0.00813325 9.99641E-005 0.967304 0.0241629 9.99641E-005
0.0719014 9.99641E-005 9.99641E-005 9.99641E-005 0.911547 0.016152 9.99641E-005
9.99551E-005 0.0350728 9.99551E-005 9.99551E-005 0.964427 9.99551E-005 9.99551E-005
9.99641E-005 9.99641E-005 0.0171736 9.99641E-005 0.870386 9.99641E-005 0.112041
9.99551E-005 9.99551E-005 9.99551E-005 9.99551E-005 0.986936 0.0125644 9.99551E-005
9.9973E-005 0.023276 0.0012795 9.9973E-005 0.918344 9.9973E-005 0.0568006
0.0375843 9.9982E-005 0.0192748 9.9982E-005 0.245854 0.604205 0.0928814
0.19805 9.9982E-005 0.11283 9.9982E-005 0.186494 0.363223 0.139202
0.0297397 0.0177559 0.0618033 9.9991E-005 0.360918 0.447717 0.0819656
0.803833 0.0506867 0.000469194 0.104138 9.9982E-005 0.0406723 9.9982E-005
0.9994 9.995E-005 9.995E-005 9.995E-005 9.995E-005 9.995E-005 9.995E-005
0.890605 9.99641E-005 0.000896266 0.108099 9.99641E-005 9.99641E-005 9.99641E-005
0.9966 9.9955E-005 0.00290045 9.9955E-005 9.9955E-005 9.9955E-005 9.9955E-005
0.80399 9.99551E-005 9.99551E-005 0.19551 9.99551E-005 9.99551E-005 9.99551E-005
0.938245 9.99551E-005 9.99551E-005 0.0612553 9.99551E-005 9.99551E-005 9.99551E-005
0.580776 0.0853558 0.0656526 0.215886 9.9991E-005 0.0202035 0.032026
9.995E-005 9.995E-005 9.995E-005 0.9994 9.995E-005 9.995E-005 9.995E-005
9.995E-005 9.995E-005 9.995E-005 0.9994 9.995E-005 9.995E-005 9.995E-005
9.9982E-005 0.0155704 0.0692318 0.897967 0.00211101 0.0149193 9.9982E-005
0.430592 9.99641E-005 0.106316 9.99641E-005 0.462692 9.99641E-005 9.99641E-005
0.154779 0.462868 0.0967385 0.0365116 0.064708 9.9991E-005 0.184294
0.0763042 0.0847544 0.0545676 9.9991E-005 0.17863 0.0206163 0.585028
0.0621821 9.9982E-005 0.0185955 9.9982E-005 0.171477 0.253252 0.494294
9.9982E-005 0.181318 0.0190398 9.9982E-005 0.0587258 0.365531 0.375185
9.99552E-005 9.99552E-005 9.99552E-005 9.99552E-005 0.607658 9.99552E-005 0.391842
0.0154157 9.99731E-005 9.99731E-005 0.00245431 0.962235 0.0195948 9.99731E-005
9.99551E-005 9.99551E-005 9.99551E-005 0.033879 0.965621 9.99551E-005 9.99551E-005
9.99731E-005 0.0483594 0.00283039 9.99731E-005 0.940486 0.00802425 9.99731E-005
9.99551E-005 9.99551E-005 9.99551E-005 0.0114362 0.988064 9.99551E-005 9.99551E-005
0.00462272 9.99641E-005 9.99641E-005 9.99641E-005 0.932308 9.99641E-005 0.0626697
9.99641E-005 9.99641E-005 9.99641E-005 9.99641E-005 0.948853 0.0250988 0.0256484
9.99641E-005 9.99641E-005 9.99641E-005 0.0312865 0.948685 0.0196291 9.99641E-005
9.995E-005 9.995E-005 9.995E-005 9.995E-005 0.9994 9.995E-005 9.995E-005
0.00852436 9.99731E-005 9.99731E-005 0.0461998 0.937352 0.00762439 9.99731E-005
9.99551E-005 9.99551E-005 9.99551E-005 9.99551E-005 0.951684 0.0478158 9.99551E-005
0.023394 9.99552E-005 9.99552E-005 9.99552E-005 0.976106 9.99552E-005 9.99552E-005
0.0378038 9.99641E-005 9.99641E-005 9.99641E-005 0.946862 0.0149347 9.99641E-005
0.0751887 9.99551E-005 9.99551E-005 9.99551E-005 0.924311 9.99551E-005 9.99551E-005
0.00821709 9.99641E-005 0.0405155 9.99641E-005 0.950868 9.99641E-005 9.99641E-005
9.99551E-005 9.99551E-005 9.99551E-005 9.99551E-005 0.93421 9.99551E-005 0.0652901
0.501893 0.0896373 0.27282 0.0210387 0.0318983 0.0826126 9.9991E-005
0.496032 0.187222 0.264442 9.9982E-005 0.0466981 0.00540615 9.9982E-005
0.245021 0.255153 0.276923 0.147341 0.0200716 0.0553911 9.9991E-005
9.995E-005 9.995E-005 9.995E-005 0.9994 9.995E-005 9.995E-005 9.995E-005
9.99551E-005 9.99551E-005 0.00797972 0.991521 9.99551E-005 9.99551E-005 9.99551E-005
0.0407739 9.99642E-005 9.99642E-005 0.958262 0.000563841 9.99642E-005 9.99642E-005
0.0378065 0.0278212 0.0319946 0.902078 9.99731E-005 9.99731E-005 9.99731E-005
9.9991E-005 0.0938453 0.0351258 0.0258232 0.0638117 0.306586 0.474708
0.0352844 0.0619413 0.0280965 0.0311083 0.0673403 0.309077 0.467152
0.200694 0.0470906 0.0138595 0.0118327 0.0693187 0.31735 0.339854
0.512741 0.06705 0.277792 0.0364414 0.0256648 0.0419562 0.0383554
0.589837 0.0348481 0.286578 9.9991E-005 0.0067304 0.00194026 0.0799667
0.480751 0.142781 0.207626 9.9991E-005 0.0873528 0.0492387 0.0321503
0.55705 9.9982E-005 0.264313 9.9982E-005 0.0725262 0.0436112 0.0622998
