0.305859 9.9991E-005 0.694041
0.312697 9.9991E-005 0.687203
0.318195 9.9991E-005 0.681705
0.296595 0.0387933 0.664612
0.253812 9.9991E-005 0.746088
0.266557 9.9991E-005 0.733343
0.331308 9.9991E-005 0.668592
0.261989 0.0509127 0.687098
0.27203 0.113378 0.614592
0.225773 0.106231 0.667996
0.169543 0.122131 0.708326
0.326808 9.9991E-005 0.673092
0.277106 0.0495663 0.673328
0.168802 0.0850501 0.746148
0.276215 0.156438 0.567348
0.281599 0.0312882 0.687112
0.272387 9.9991E-005 0.727513
0.253319 9.9991E-005 0.746581
0.746525 9.9991E-005 0.253375
0.505368 9.9991E-005 0.494532
0.565971 9.9991E-005 0.433929
0.63548 0.029602 0.334918
0.530017 0.0983625 0.371621
0.9998 9.999E-005 9.999E-005
0.9998 9.999E-005 9.999E-005
0.9998 9.999E-005 9.999E-005
0.487696 0.0829312 0.429373
0.952508 9.9991E-005 0.0473924
0.559403 0.00980711 0.43079
0.9998 9.999E-005 9.999E-005
0.636775 0.0146996 0.348525
0.9998 9.999E-005 9.999E-005
0.550215 9.9991E-005 0.449685
0.665065 0.0271843 0.307751
0.570049 0.0645105 0.365441
0.628175 9.9991E-005 0.371725
0.549745 0.0656064 0.384649
0.0635624 0.0404945 0.895943
9.999E-005 9.999E-005 0.9998
0.0795824 0.0367508 0.883667
9.999E-005 9.999E-005 0.9998
0.0909519 9.9991E-005 0.908948
0.0471133 9.9991E-005 0.952787
0.0276302 9.9991E-005 0.97227
0.0611948 0.00853629 0.930269
0.0423181 9.9991E-005 0.957582
0.210593 0.375258 0.414149
0.390488 0.130363 0.479149
0.144154 0.504771 0.351074
0.192848 0.408913 0.398238
0.11994 0.616365 0.263695
0.287964 0.37426 0.337776
0.249599 0.407967 0.342434
0.245629 0.341478 0.412893
0.19269 0.443399 0.363911
0.172589 0.394416 0.432995
0.29005 0.392999 0.31695
0.233555 0.384332 0.382113
0.246961 0.478962 0.274077
0.26968 0.422785 0.307535
0.387231 0.425166 0.187603
0.375285 0.400305 0.224411
0.334989 0.399829 0.265182
0.40482 0.59508 9.9991E-005
0.349583 0.650317 9.9991E-005
0.498657 0.501243 9.9991E-005
0.545252 0.454648 9.9991E-005
0.397838 0.562483 0.0396789
0.351254 0.648646 9.9991E-005
0.548833 0.451067 9.9991E-005
0.494985 0.504915 9.9991E-005
0.434803 0.542063 0.0231336
0.50566 0.49424 9.9991E-005
0.539442 0.460458 9.9991E-005
0.496649 0.503251 9.9991E-005
0.479211 0.520689 9.9991E-005
0.529403 0.470497 9.9991E-005
0.454125 0.0394578 0.506417
0.0776723 9.9991E-005 0.922228
0.0739076 9.9991E-005 0.925992
9.999E-005 0.9998 9.999E-005
9.999E-005 0.9998 9.999E-005
9.999E-005 0.9998 9.999E-005
9.9991E-005 0.995186 0.00471425
0.00698044 0.99292 9.9991E-005
0.00631699 0.993583 9.9991E-005
0.0353186 0.964581 9.9991E-005
9.9991E-005 0.972329 0.0275709
0.00508216 0.960638 0.0342794
9.9991E-005 0.977778 0.0221224
9.999E-005 0.9998 9.999E-005
0.0133828 0.986517 9.9991E-005
9.999E-005 0.9998 9.999E-005
9.999E-005 0.9998 9.999E-005
9.999E-005 0.9998 9.999E-005
0.00610398 0.957787 0.0361092
9.999E-005 0.9998 9.999E-005
9.9991E-005 0.977246 0.0226542
9.999E-005 0.9998 9.999E-005
0.0473608 0.941442 0.0111977
0.00716661 0.992733 9.9991E-005
0.00992558 0.94629 0.0437845
9.999E-005 0.9998 9.999E-005
0.0481572 0.951743 9.9991E-005
9.999E-005 0.9998 9.999E-005
0.0233271 0.976573 9.9991E-005
0.402158 0.597742 9.9991E-005
0.452464 0.436398 0.111138
0.332318 0.644537 0.0231459
0.18023 0.0221416 0.797628
0.0852398 0.00843533 0.906325
0.141977 0.0145811 0.843442
0.189197 9.9991E-005 0.810703
0.113811 9.9991E-005 0.886089
0.109551 9.9991E-005 0.890349
0.249906 0.00784534 0.742249
0.0490328 9.9991E-005 0.950867
9.999E-005 9.999E-005 0.9998
0.137112 9.9991E-005 0.862788
0.159688 0.509166 0.331146
0.310349 0.141428 0.548223
0.230551 0.444217 0.325232
0.323143 0.517397 0.15946
0.366423 0.414059 0.219518
9.999E-005 0.9998 9.999E-005
0.0105361 0.989364 9.9991E-005
9.9991E-005 0.981441 0.0184589
0.0243258 0.949225 0.0264495
9.999E-005 0.9998 9.999E-005
9.9991E-005 0.988417 0.0114827
9.999E-005 0.9998 9.999E-005
9.9991E-005 0.994205 0.00569529
9.999E-005 0.9998 9.999E-005
9.9991E-005 0.966969 0.0329305
9.999E-005 0.9998 9.999E-005
9.9991E-005 0.99169 0.0082105
9.9991E-005 0.992961 0.00693923
0.00338438 0.943881 0.0527342
0.0150685 0.984831 9.9991E-005
0.00531738 0.994583 9.9991E-005
0.461478 0.0537772 0.484745
0.477113 0.032455 0.490432
0.495514 0.0250659 0.47942
9.9991E-005 0.00516018 0.99474
0.0361612 9.9991E-005 0.963739
0.0375253 9.9991E-005 0.962375
0.0957774 9.9991E-005 0.904123
0.341445 0.42946 0.229095
0.340735 0.428522 0.230743
0.330481 0.393784 0.275734
0.47703 0.0540212 0.468948
0.495789 0.0384018 0.465809
0.413185 0.129714 0.457101
0.489687 0.112112 0.398202
