9.9991E-005 0.713767 0.286133
9.9991E-005 0.70429 0.29561
9.999E-005 0.722878 0.277022
0.0500538 0.693958 0.255988
9.9991E-005 0.767438 0.232462
9.999E-005 0.728362 0.271538
9.999E-005 0.665268 0.334632
0.0591575 0.678389 0.262453
0.116043 0.636897 0.24706
0.122817 0.663964 0.213219
0.114591 0.700313 0.185096
9.9991E-005 0.687437 0.312463
0.0499915 0.682714 0.267295
0.0840265 0.74523 0.170743
0.161702 0.569741 0.268557
0.0299315 0.688946 0.281122
9.9991E-005 0.736886 0.263014
9.9991E-005 0.752694 0.247206
9.9991E-005 0.260888 0.739012
0.0172233 0.475715 0.507061
9.9991E-005 0.424712 0.575188
0.0439889 0.336827 0.619184
0.0989121 0.368351 0.532737
9.999E-005 9.999E-005 0.9998
9.999E-005 9.999E-005 0.9998
9.999E-005 9.999E-005 0.9998
0.0751039 0.458361 0.466535
9.9991E-005 0.0449884 0.954912
0.000345374 0.428363 0.571292
9.999E-005 9.999E-005 0.9998
0.0186939 0.340964 0.640342
9.999E-005 9.999E-005 0.9998
9.9991E-005 0.462607 0.537293
0.0299796 0.295052 0.674968
0.0608121 0.36667 0.572518
9.9991E-005 0.387987 0.611913
0.0721893 0.372998 0.554813
0.0508641 0.888924 0.0602122
9.999E-005 0.9998 9.999E-005
0.0146993 0.892348 0.0929526
9.999E-005 0.9998 9.999E-005
9.9991E-005 0.913439 0.0864614
9.9991E-005 0.969234 0.0306663
9.9991E-005 0.981854 0.0180464
0.00604687 0.93143 0.062523
9.9991E-005 0.976408 0.0234921
0.379193 0.41413 0.206676
0.117969 0.45195 0.430081
0.514417 0.337862 0.147721
0.404929 0.390493 0.204578
0.602605 0.260904 0.136492
0.377732 0.334423 0.287845
0.397321 0.341731 0.260948
0.351395 0.39811 0.250495
0.437903 0.342489 0.219608
0.401598 0.415579 0.182824
0.389867 0.308274 0.30186
0.373645 0.380771 0.245584
0.489079 0.26418 0.246741
0.411851 0.310348 0.277801
0.429212 0.194478 0.37631
0.39027 0.242972 0.366758
0.393108 0.278837 0.328054
0.582577 9.9991E-005 0.417323
0.662871 9.9991E-005 0.337029
0.495499 9.9991E-005 0.504401
0.459304 9.9991E-005 0.540596
0.557661 0.0259588 0.41638
0.657281 9.9991E-005 0.342619
0.469913 9.9991E-005 0.529987
0.521246 9.9991E-005 0.478654
0.54767 0.0127286 0.439602
0.513003 9.9991E-005 0.486897
0.451557 9.9991E-005 0.548343
0.514834 9.9991E-005 0.485066
0.517659 9.9991E-005 0.482241
0.47676 9.9991E-005 0.52314
0.034349 0.527472 0.438179
9.9991E-005 0.935998 0.0639024
9.9991E-005 0.9469 0.0529999
0.9998 9.999E-005 9.999E-005
0.9998 9.999E-005 9.999E-005
0.9998 9.999E-005 9.999E-005
0.985409 0.0144913 9.9991E-005
0.991018 9.9991E-005 0.008882
0.980244 9.9991E-005 0.0196563
0.960386 9.9991E-005 0.0395141
0.980973 0.0189271 9.9991E-005
0.969806 0.0188103 0.0113838
0.975417 0.024483 9.9991E-005
0.9998 9.999E-005 9.999E-005
0.987422 9.9991E-005 0.012478
0.9998 9.999E-005 9.999E-005
0.9998 9.999E-005 9.999E-005
0.9998 9.999E-005 9.999E-005
0.942184 0.0477301 0.0100864
0.9998 9.999E-005 9.999E-005
0.965532 0.0343682 9.9991E-005
0.9998 9.999E-005 9.999E-005
0.948674 0.00282994 0.0484959
0.992269 9.9991E-005 0.00763085
0.950263 0.0383308 0.011406
0.9998 9.999E-005 9.999E-005
0.95434 9.9991E-005 0.0455603
0.9998 9.999E-005 9.999E-005
0.980201 9.9991E-005 0.0196986
0.601743 9.9991E-005 0.398157
0.454464 0.0951185 0.450417
0.637265 0.0271074 0.335628
0.0173621 0.802174 0.180464
0.0164629 0.906856 0.0766812
0.00839194 0.859018 0.13259
9.9991E-005 0.827185 0.172715
9.9991E-005 0.906475 0.0934245
9.9991E-005 0.89298 0.10692
9.9991E-005 0.758582 0.241318
9.9991E-005 0.966495 0.0334048
9.999E-005 0.9998 9.999E-005
9.9991E-005 0.883773 0.116127
0.492382 0.328284 0.179335
0.147183 0.562191 0.290626
0.437242 0.315934 0.246824
0.519321 0.183225 0.297455
0.410006 0.220279 0.369716
0.9998 9.999E-005 9.999E-005
0.997654 0.00224562 9.9991E-005
0.978806 0.0210942 9.9991E-005
0.951351 0.0261728 0.0224763
0.9998 9.999E-005 9.999E-005
0.992636 0.00726387 9.9991E-005
0.998611 0.00128857 9.9991E-005
0.981994 0.0179061 9.9991E-005
0.9998 9.999E-005 9.999E-005
0.973095 0.0268048 9.9991E-005
0.9998 9.999E-005 9.999E-005
0.992476 0.00742427 9.9991E-005
0.99874 0.00115955 9.9991E-005
0.948355 0.040541 0.0111041
0.965571 9.9991E-005 0.0343293
0.988123 9.9991E-005 0.011777
0.0559592 0.46797 0.476071
0.0392591 0.482932 0.477809
0.0271765 0.504291 0.468532
9.999E-005 0.9998 9.999E-005
9.9991E-005 0.970941 0.0289593
9.99967E-005 0.980485 0.019415
9.9991E-005 0.917975 0.0819251
0.421203 0.208702 0.370095
0.418398 0.234639 0.346963
0.394034 0.28796 0.318006
0.0366672 0.482769 0.480564
0.0448151 0.486417 0.468768
0.134232 0.454188 0.41158
0.116952 0.428327 0.454721
