9.99641E-005 0.959667 0.000977815 9.99641E-005 0.0139107 0.0250444 9.99641E-005 9.99641E-005
9.994E-005 0.9993 9.994E-005 9.994E-005 9.994E-005 9.994E-005 9.994E-005 9.994E-005
9.99551E-005 0.947519 9.99551E-005 0.0387644 9.99551E-005 9.99551E-005 9.99551E-005 0.0132164
9.99821E-005 0.691903 9.99821E-005 0.0927944 0.00102537 0.0777684 0.123329 0.0129806
9.99461E-005 0.911553 9.99461E-005 9.99461E-005 9.99461E-005 0.087847 9.99461E-005 9.99461E-005
9.994E-005 0.9993 9.994E-005 9.994E-005 9.994E-005 9.994E-005 9.994E-005 9.994E-005
9.994E-005 0.9993 9.994E-005 9.994E-005 9.994E-005 9.994E-005 9.994E-005 9.994E-005
9.9982E-005 0.744948 0.0335028 0.0585786 0.0240329 0.0426766 0.0960612 9.9982E-005
0.0691174 0.855987 0.0184299 9.9964E-005 9.9964E-005 9.9964E-005 0.0560658 9.9964E-005
0.10219 0.877118 9.99551E-005 0.020192 9.99551E-005 9.99551E-005 9.99551E-005 9.99551E-005
0.0438244 0.897989 0.0576871 9.99551E-005 9.99551E-005 9.99551E-005 9.99551E-005 9.99551E-005
9.99821E-005 0.613818 9.99821E-005 0.0828941 0.0146932 0.194016 0.0069799 0.0873989
9.99821E-005 0.661538 9.99821E-005 0.121034 0.00531425 0.0585308 0.136703 0.0166803
0.0518388 0.691834 9.99821E-005 0.0291085 0.0157183 0.167366 0.0439348 9.99821E-005
9.999E-005 0.370165 0.0583205 0.101907 0.0634958 0.106185 0.277913 0.0219144
9.999E-005 0.465031 0.00515332 0.337185 0.0129118 0.0527807 0.0990987 0.02774
9.99731E-005 0.597963 9.99731E-005 0.132997 9.99731E-005 0.148527 0.101881 0.0183328
9.9982E-005 0.501926 0.0499583 0.329858 9.9982E-005 0.108192 0.00831513 0.00155041
9.9982E-005 0.0823531 9.9982E-005 0.1657 0.0050925 0.0641125 0.0290222 0.65352
0.0315253 0.126627 9.99641E-005 0.526361 9.99641E-005 9.99641E-005 9.99641E-005 0.315088
9.99731E-005 9.99731E-005 0.0139484 0.550104 9.99731E-005 0.0164413 0.0258306 0.393376
0.0617212 0.0952326 0.00767824 0.338019 0.00467949 0.00892493 9.9991E-005 0.483645
0.0901459 9.99641E-005 0.0678044 0.516852 9.99641E-005 9.99641E-005 9.99641E-005 0.324798
9.994E-005 9.994E-005 9.994E-005 9.994E-005 9.994E-005 9.994E-005 9.994E-005 0.9993
9.994E-005 9.994E-005 9.994E-005 9.994E-005 9.994E-005 9.994E-005 9.994E-005 0.9993
9.994E-005 9.994E-005 9.994E-005 9.994E-005 9.994E-005 9.994E-005 9.994E-005 0.9993
0.0761152 0.029016 9.9982E-005 0.532764 9.9982E-005 0.0148115 0.0519111 0.295182
9.9973E-005 0.0459036 9.9973E-005 0.0659503 0.0138638 0.000803168 9.9973E-005 0.873179
9.99641E-005 9.99641E-005 0.0283957 0.603372 9.99641E-005 9.99641E-005 0.0651651 0.302667
9.994E-005 9.994E-005 9.994E-005 9.994E-005 9.994E-005 9.994E-005 9.994E-005 0.9993
9.99731E-005 0.162169 9.99731E-005 0.366409 0.0299413 9.99731E-005 0.0406853 0.400496
9.994E-005 9.994E-005 9.994E-005 9.994E-005 9.994E-005 9.994E-005 9.994E-005 0.9993
0.00863403 9.99551E-005 9.99551E-005 0.639464 9.99551E-005 9.99551E-005 9.99551E-005 0.351403
0.0426637 0.0511274 9.99731E-005 0.370962 0.0146282 9.99731E-005 9.99731E-005 0.520318
0.0838473 9.9982E-005 0.00600842 0.5021 0.00993059 0.0079976 9.9982E-005 0.389916
9.9973E-005 0.0646564 9.9973E-005 0.482788 0.0121164 9.9973E-005 0.0391777 0.400962
0.0506262 0.068341 0.0167773 0.445709 0.00245295 9.9991E-005 0.0909722 0.325022
0.050214 0.0886617 9.99731E-005 0.152341 0.00948448 0.698999 9.99731E-005 9.99731E-005
9.99461E-005 9.99461E-005 0.00914331 9.99461E-005 9.99461E-005 0.990257 9.99461E-005 9.99461E-005
0.0329092 0.0185295 9.99821E-005 0.0788555 0.0416506 0.810989 9.99821E-005 0.0168665
9.99551E-005 9.99551E-005 0.0252997 0.146379 9.99551E-005 0.827821 9.99551E-005 9.99551E-005
9.99641E-005 9.99641E-005 9.99641E-005 0.180915 0.0127296 0.785827 9.99641E-005 0.0201285
9.99461E-005 9.99461E-005 9.99461E-005 9.99461E-005 9.99461E-005 0.974387 0.0250132 9.99461E-005
9.99461E-005 9.99461E-005 9.99461E-005 0.203161 9.99461E-005 0.796239 9.99461E-005 9.99461E-005
9.99731E-005 0.0102141 9.99731E-005 0.108756 9.99731E-005 0.786367 0.0782419 0.0161205
9.99551E-005 9.99551E-005 9.99551E-005 0.0341601 9.99551E-005 0.956077 9.99551E-005 0.0092627
0.0621211 0.0940424 9.99731E-005 9.99731E-005 9.99731E-005 0.0907343 0.723687 0.0291151
9.994E-005 9.994E-005 0.9993 9.994E-005 9.994E-005 9.994E-005 9.994E-005 9.994E-005
0.0328473 9.99549E-005 0.914633 9.99549E-005 9.99549E-005 0.05202 9.99549E-005 9.99549E-005
9.99641E-005 9.99641E-005 9.99641E-005 0.0309265 0.00618083 0.0287249 0.933768 9.99641E-005
0.103722 9.99548E-005 0.547362 9.99548E-005 9.99548E-005 9.99548E-005 0.348416 9.99548E-005
9.99551E-005 9.99551E-005 9.99551E-005 9.99551E-005 9.99551E-005 0.013638 0.981068 0.0047942
0.0257183 9.9982E-005 9.9982E-005 0.0421846 0.0373887 0.0205051 0.850179 0.0238245
0.00555163 0.0285075 9.99731E-005 9.99731E-005 9.99731E-005 0.127776 0.802902 0.0349636
0.0268612 0.0561675 9.99552E-005 9.99552E-005 9.99552E-005 9.99552E-005 0.916471 9.99552E-005
9.99551E-005 0.0433371 9.99551E-005 9.99551E-005 9.99551E-005 0.0305414 0.925622 9.99551E-005
0.0124755 9.9982E-005 9.9982E-005 0.048649 0.0636012 0.0305661 0.814772 0.0297362
9.99551E-005 0.0643738 9.99551E-005 9.99551E-005 0.0105571 9.99551E-005 0.924569 9.99551E-005
9.994E-005 9.994E-005 9.994E-005 9.994E-005 9.994E-005 9.994E-005 0.9993 9.994E-005
9.99461E-005 9.99461E-005 9.99461E-005 0.0157336 9.99461E-005 9.99461E-005 0.983667 9.99461E-005
0.0768376 9.99731E-005 9.99731E-005 0.119085 0.231662 9.99731E-005 0.543553 0.0285626
0.0119493 9.99731E-005 9.99731E-005 0.138539 0.259872 9.99731E-005 0.562132 0.0272085
0.0308509 0.00757347 9.9991E-005 0.0639291 0.241208 0.0472511 0.60303 0.00605675
0.196929 9.99731E-005 0.0205593 9.99731E-005 0.585132 9.99731E-005 0.180731 0.0163488
0.34192 9.99641E-005 9.99641E-005 9.99641E-005 0.491129 9.99641E-005 0.12159 0.0449619
9.994E-005 9.994E-005 9.994E-005 9.994E-005 0.9993 9.994E-005 9.994E-005 9.994E-005
9.994E-005 9.994E-005 9.994E-005 9.994E-005 0.9993 9.994E-005 9.994E-005 9.994E-005
0.197981 9.99821E-005 9.99821E-005 0.0303525 0.571832 0.00983583 0.170649 0.0191505
0.249163 9.99551E-005 9.99551E-005 9.99551E-005 0.549615 9.99551E-005 0.200722 9.99551E-005
9.99461E-005 9.99461E-005 9.99461E-005 0.040087 0.959313 9.99461E-005 9.99461E-005 9.99461E-005
9.994E-005 9.994E-005 9.994E-005 9.994E-005 0.9993 9.994E-005 9.994E-005 9.994E-005
0.174506 0.0296209 9.9982E-005 0.0363141 0.548951 9.9982E-005 0.184 0.0264076
9.994E-005 9.994E-005 9.994E-005 9.994E-005 0.9993 9.994E-005 9.994E-005 9.994E-005
9.994E-005 9.994E-005 9.994E-005 9.994E-005 0.9993 9.994E-005 9.994E-005 9.994E-005
9.994E-005 9.994E-005 9.994E-005 9.994E-005 0.9993 9.994E-005 9.994E-005 9.994E-005
0.00407424 9.99461E-005 9.99461E-005 9.99461E-005 0.995326 9.99461E-005 9.99461E-005 9.99461E-005
9.99461E-005 9.99461E-005 9.99461E-005 9.99461E-005 0.974037 9.99461E-005 9.99461E-005 0.0253635
0.0207064 9.99641E-005 0.0105349 0.722224 9.99641E-005 9.99641E-005 9.99641E-005 0.246135
9.9973E-005 0.0228956 0.0190631 0.0343623 9.9973E-005 0.913248 9.9973E-005 0.0101313
9.99461E-005 9.99461E-005 9.99461E-005 9.99461E-005 9.99461E-005 0.959117 9.99461E-005 0.040283
0.946224 9.99461E-005 9.99461E-005 9.99461E-005 0.0531758 9.99461E-005 9.99461E-005 9.99461E-005
0.92343 9.99462E-005 9.99462E-005 9.99462E-005 0.0759702 9.99462E-005 9.99462E-005 9.99462E-005
0.954178 9.99462E-005 9.99462E-005 9.99462E-005 0.0452223 9.99462E-005 9.99462E-005 9.99462E-005
0.972012 9.99551E-005 9.99551E-005 0.0244364 9.99551E-005 9.99551E-005 0.00305172 9.99551E-005
0.921537 9.99552E-005 9.99552E-005 9.99552E-005 0.00956766 9.99552E-005 0.0683959 9.99552E-005
0.960062 9.99551E-005 9.99551E-005 9.99551E-005 0.00325919 9.99551E-005 9.99551E-005 0.0361786
0.922257 9.99641E-005 9.99641E-005 0.00308881 0.0263702 9.99641E-005 9.99641E-005 0.0478845
0.937543 0.0118349 9.99731E-005 9.99731E-005 0.00648498 0.0167197 0.0271176 9.99731E-005
0.934935 9.99641E-005 9.99641E-005 0.0205841 9.99641E-005 9.99641E-005 0.0117905 0.0322907
0.940345 0.03467 9.99551E-005 9.99551E-005 9.99551E-005 9.99551E-005 0.0244852 9.99551E-005
0.984001 9.99462E-005 9.99462E-005 0.0153994 9.99462E-005 9.99462E-005 9.99462E-005 9.99462E-005
0.899409 9.99731E-005 0.0713363 9.99731E-005 0.0113887 9.99731E-005 0.00999532 0.00757069
0.967931 9.99462E-005 9.99462E-005 9.99462E-005 9.99462E-005 9.99462E-005 0.0314696 9.99462E-005
0.97656 9.99461E-005 9.99461E-005 9.99461E-005 0.0228407 9.99461E-005 9.99461E-005 9.99461E-005
0.983611 0.0157892 9.99461E-005 9.99461E-005 9.99461E-005 9.99461E-005 9.99461E-005 9.99461E-005
0.903185 9.99641E-005 0.0259188 0.0635338 9.99641E-005 9.99641E-005 9.99641E-005 0.00696269
0.939882 9.99461E-005 9.99461E-005 9.99461E-005 0.0595186 9.99461E-005 9.99461E-005 9.99461E-005
0.97523 0.00834726 9.99551E-005 9.99551E-005 9.99551E-005 0.0159231 9.99551E-005 9.99551E-005
0.983008 9.99641E-005 0.000245495 9.99641E-005 0.000677787 9.99641E-005 0.0156693 9.99641E-005
0.87714 9.99731E-005 0.0256872 0.024028 0.0541268 9.99731E-005 9.99731E-005 0.0187179
0.979728 9.99462E-005 9.99462E-005 9.99462E-005 0.0196726 9.99462E-005 9.99462E-005 9.99462E-005
0.885628 9.99641E-005 0.0123087 0.0479806 0.0536825 9.99641E-005 9.99641E-005 9.99641E-005
0.976312 0.0230881 9.99461E-005 9.99461E-005 9.99461E-005 9.99461E-005 9.99461E-005 9.99461E-005
0.86197 9.99641E-005 0.0171824 9.99641E-005 9.99641E-005 9.99641E-005 0.105514 0.0149343
0.980697 9.99551E-005 9.99551E-005 0.00234206 0.0164615 9.99551E-005 9.99551E-005 9.99551E-005
0.911912 0.0322369 0.0279189 9.9973E-005 9.9973E-005 9.9973E-005 0.00917647 0.018456
0.230058 9.99731E-005 9.99731E-005 0.0401576 0.570571 9.99731E-005 0.139573 0.0193401
0.150832 9.9982E-005 0.0404472 0.190927 0.340801 9.9982E-005 0.17948 0.0973127
0.338025 9.99731E-005 9.99731E-005 9.99731E-005 0.401999 0.0284568 0.195651 0.0355684
9.99641E-005 0.0558919 9.99641E-005 0.774207 0.0378519 0.13165 9.99641E-005 9.99641E-005
9.994E-005 9.994E-005 9.994E-005 0.9993 9.994E-005 9.994E-005 9.994E-005 9.994E-005
9.99551E-005 9.99551E-005 9.99551E-005 0.879456 9.99551E-005 0.103045 0.0169993 9.99551E-005
9.9946E-005 9.9946E-005 9.9946E-005 0.978577 9.9946E-005 9.9946E-005 9.9946E-005 0.0208232
9.99461E-005 9.99461E-005 9.99461E-005 0.803342 9.99461E-005 0.196059 9.99461E-005 9.99461E-005
9.99551E-005 0.00113521 9.99551E-005 0.891037 9.99551E-005 0.107328 9.99551E-005 9.99551E-005
9.9991E-005 0.127445 0.00758221 0.522326 0.0207474 0.251014 0.0141074 0.0566788
9.99551E-005 9.99551E-005 0.00561037 9.99551E-005 9.99551E-005 0.98499 9.99551E-005 0.00889984
9.994E-005 9.994E-005 9.994E-005 9.994E-005 9.994E-005 0.9993 9.994E-005 9.994E-005
0.00417828 0.0172711 9.99731E-005 9.99731E-005 0.0260392 0.878538 9.99731E-005 0.0736738
0.462939 9.99641E-005 9.99641E-005 0.424328 9.99641E-005 0.0259356 9.99641E-005 0.0863978
0.0555984 0.432594 0.072572 0.125908 9.9991E-005 0.0778562 0.150786 0.0845843
0.052199 0.128438 0.725328 9.99819E-005 0.0668387 0.0106502 9.99819E-005 0.0163456
0.128552 9.99641E-005 9.99641E-005 9.99641E-005 0.155869 9.99641E-005 0.702184 0.0129948
9.99641E-005 0.0570468 9.99641E-005 0.0383965 0.25993 9.99641E-005 0.644226 9.99641E-005
0.321383 9.99457E-005 0.678018 9.99457E-005 9.99457E-005 9.99457E-005 9.99457E-005 9.99457E-005
0.959842 0.00892136 9.99821E-005 0.00230435 0.0221161 9.99821E-005 0.00519863 0.00141718
0.970555 9.99462E-005 9.99462E-005 9.99462E-005 9.99462E-005 0.0288453 9.99462E-005 9.99462E-005
0.874419 0.02574 0.0696422 9.99731E-005 0.00549316 9.99731E-005 9.99731E-005 0.0244062
0.9993 9.994E-005 9.994E-005 9.994E-005 9.994E-005 9.994E-005 9.994E-005 9.994E-005
0.934663 9.99641E-005 0.00263251 0.0138295 9.99641E-005 9.99641E-005 0.0484749 9.99641E-005
0.939806 9.99551E-005 9.99551E-005 9.99551E-005 0.0350143 9.99551E-005 0.0246798 9.99551E-005
0.955569 0.0114129 9.99641E-005 9.99641E-005 0.0210732 0.0115455 9.99641E-005 9.99641E-005
0.9993 9.994E-005 9.994E-005 9.994E-005 9.994E-005 9.994E-005 9.994E-005 9.994E-005
0.924973 9.99641E-005 0.00623124 9.99641E-005 0.0309447 0.0374508 9.99641E-005 9.99641E-005
0.944331 9.99462E-005 9.99462E-005 9.99462E-005 0.0550688 9.99462E-005 9.99462E-005 9.99462E-005
0.969489 9.99462E-005 9.99462E-005 0.0299112 9.99462E-005 9.99462E-005 9.99462E-005 9.99462E-005
0.94336 9.99551E-005 9.99551E-005 0.0470354 0.00910438 9.99551E-005 9.99551E-005 9.99551E-005
0.916743 9.99462E-005 9.99462E-005 0.0826576 9.99462E-005 9.99462E-005 9.99462E-005 9.99462E-005
0.95534 9.99551E-005 9.99551E-005 9.99551E-005 9.99551E-005 9.99551E-005 0.00938427 0.0347761
0.917867 9.99641E-005 0.0219431 9.99641E-005 9.99641E-005 9.99641E-005 0.0493605 0.010429
0.0227798 0.0557689 9.99821E-005 0.554599 0.0675904 0.0342042 9.99821E-005 0.264858
0.0391407 0.150685 9.9982E-005 0.53438 0.00567962 0.00104049 9.9982E-005 0.268875
0.0234843 0.24769 0.00111981 0.295489 0.0541238 0.110053 9.9991E-005 0.26794
9.99462E-005 9.99462E-005 9.99462E-005 9.99462E-005 9.99462E-005 0.99086 0.00853989 9.99462E-005
9.99461E-005 9.99461E-005 9.99461E-005 9.99461E-005 9.99461E-005 0.996264 9.99461E-005 0.00313636
0.00585812 9.99552E-005 9.99552E-005 0.0302995 9.99552E-005 0.963343 9.99552E-005 9.99552E-005
9.99641E-005 9.99641E-005 9.99641E-005 0.0628489 9.99641E-005 0.861605 0.0533974 0.0217484
9.99821E-005 0.0202013 0.0210877 9.99821E-005 0.206828 0.00132194 0.741476 0.00888504
9.99641E-005 9.99641E-005 9.99641E-005 0.025235 0.203255 9.99641E-005 0.74077 0.0303401
0.0245111 9.99731E-005 9.99731E-005 0.183889 0.232382 9.99731E-005 0.557654 0.00126381
0.0309933 0.0711872 0.0227022 0.564195 0.0164725 9.9991E-005 0.0203045 0.274046
0.0192508 0.0332654 0.0670898 0.59803 9.9982E-005 9.9982E-005 0.0178133 0.26435
0.0892465 0.119257 9.9982E-005 0.51704 0.0378436 9.9982E-005 0.0390576 0.197355
0.084332 0.0208712 0.0524514 0.574936 0.0158451 9.9982E-005 9.9982E-005 0.251365
