9.99551E-005 9.99551E-005 9.99551E-005 9.99551E-005 0.94686 0.0309438 9.99551E-005 0.0216963
9.99461E-005 9.99461E-005 9.99461E-005 9.99461E-005 0.984277 0.0151238 9.99461E-005 9.99461E-005
9.99551E-005 9.99551E-005 0.000412598 9.99551E-005 0.965837 0.0332503 9.99551E-005 9.99551E-005
9.99731E-005 0.0811401 0.0545097 0.138529 0.72221 0.00331197 9.99731E-005 9.99731E-005
9.99551E-005 9.99551E-005 0.0956433 9.99551E-005 0.889727 0.0141296 9.99551E-005 9.99551E-005
9.994E-005 9.994E-005 9.994E-005 9.994E-005 0.9993 9.994E-005 9.994E-005 9.994E-005
9.99461E-005 9.99461E-005 9.99461E-005 9.99461E-005 0.993589 0.00581139 9.99461E-005 9.99461E-005
9.9982E-005 0.0787157 0.0439821 0.0873462 0.762397 9.9982E-005 0.0213361 0.00602269
0.0622041 0.0843374 9.9973E-005 0.0630936 0.788318 9.9973E-005 9.9973E-005 0.00174681
0.089614 0.106267 9.99551E-005 9.99551E-005 0.803619 9.99551E-005 9.99551E-005 9.99551E-005
0.043597 9.99551E-005 9.99551E-005 9.99551E-005 0.887363 9.99551E-005 9.99551E-005 0.0685404
9.997E-005 0.13456 0.16117 0.00124472 0.622246 0.0804793 9.997E-005 9.997E-005
9.999E-005 0.0176206 0.0790074 0.108297 0.749424 0.0181194 0.0128821 0.0145489
0.0605557 9.99731E-005 0.197281 0.0264541 0.698147 9.99731E-005 0.0172621 9.99731E-005
0.00966369 0.112577 0.129279 0.234152 0.410872 0.00368221 0.0422596 0.0575141
9.9982E-005 0.218259 0.132371 0.0790859 0.551922 9.9982E-005 0.0055212 0.0126413
9.99731E-005 0.133208 0.170137 0.0714752 0.605559 0.019321 9.99731E-005 9.99731E-005
9.9973E-005 0.132709 0.230383 9.9973E-005 0.577343 9.9973E-005 0.00183456 0.0574308
9.99731E-005 0.272559 0.0707435 0.0271766 0.0828132 0.546408 9.99731E-005 9.99731E-005
9.99641E-005 0.828954 0.0331814 9.99641E-005 0.0436904 0.0937741 9.99641E-005 9.99641E-005
9.99461E-005 0.860124 9.99461E-005 9.99461E-005 9.99461E-005 0.139276 9.99461E-005 9.99461E-005
0.0212149 0.623303 9.99641E-005 9.99641E-005 0.0688074 0.286274 9.99641E-005 9.99641E-005
0.018163 0.850249 9.9964E-005 9.9964E-005 9.9964E-005 0.0881159 9.9964E-005 0.0430724
9.994E-005 9.994E-005 9.994E-005 9.994E-005 9.994E-005 0.9993 9.994E-005 9.994E-005
9.99461E-005 0.000743892 9.99461E-005 9.99461E-005 9.99461E-005 0.998656 9.99461E-005 9.99461E-005
9.994E-005 9.994E-005 9.994E-005 9.994E-005 9.994E-005 0.9993 9.994E-005 9.994E-005
0.0280116 0.681052 0.0957758 0.0701102 9.9982E-005 0.123053 0.00179743 9.9982E-005
9.99641E-005 0.188683 9.99641E-005 9.99641E-005 0.00880895 0.787535 0.0145738 9.99641E-005
9.99551E-005 0.904616 9.99551E-005 0.031577 9.99551E-005 0.0633069 9.99551E-005 9.99551E-005
9.994E-005 9.994E-005 9.994E-005 9.994E-005 9.994E-005 0.9993 9.994E-005 9.994E-005
9.99641E-005 0.675215 9.99641E-005 0.0412514 0.0696872 0.213446 9.99641E-005 9.99641E-005
9.994E-005 9.994E-005 9.994E-005 9.994E-005 9.994E-005 0.9993 9.994E-005 9.994E-005
9.99551E-005 0.789271 0.0683397 9.99551E-005 9.99551E-005 0.14189 9.99551E-005 9.99551E-005
9.99551E-005 0.699087 9.99551E-005 9.99551E-005 9.99551E-005 0.294894 0.00551988 9.99551E-005
0.0314702 0.756464 0.0262537 9.99641E-005 9.99641E-005 0.185412 9.99641E-005 9.99641E-005
9.99551E-005 0.810845 9.99551E-005 9.99551E-005 0.021062 0.167593 9.99551E-005 9.99551E-005
0.000715307 0.722636 9.99731E-005 0.0753974 0.0422177 0.158734 9.99731E-005 9.99731E-005
0.043158 0.106045 0.770496 9.99731E-005 0.0695992 9.99731E-005 0.0104017 9.99731E-005
9.99461E-005 9.99461E-005 0.995368 9.99461E-005 9.99461E-005 0.00403236 9.99461E-005 9.99461E-005
0.0222871 9.99731E-005 0.888837 9.99731E-005 0.00806458 0.0318449 0.048666 9.99731E-005
9.99551E-005 9.99551E-005 0.950038 9.99551E-005 0.0136199 9.99551E-005 9.99551E-005 0.0358428
9.99731E-005 0.0179996 0.922159 0.00828746 9.99731E-005 0.0296925 0.0215615 9.99731E-005
9.99551E-005 9.99551E-005 0.97791 0.00744597 9.99551E-005 0.0141445 9.99551E-005 9.99551E-005
9.99462E-005 0.0720048 0.927395 9.99462E-005 9.99462E-005 9.99462E-005 9.99462E-005 9.99462E-005
9.99731E-005 0.0108926 0.856463 0.0498996 0.0397349 0.0427103 9.99731E-005 9.99731E-005
9.99461E-005 9.99461E-005 0.981946 9.99461E-005 9.99461E-005 0.0174547 9.99461E-005 9.99461E-005
0.0951769 9.99731E-005 0.0800237 0.63914 0.132736 0.0526231 9.99731E-005 9.99731E-005
9.994E-005 9.994E-005 9.994E-005 9.994E-005 9.994E-005 9.994E-005 9.994E-005 0.9993
0.0264756 9.99548E-005 0.0432088 9.99548E-005 9.99548E-005 9.99548E-005 9.99548E-005 0.929816
9.99552E-005 9.99552E-005 0.0600961 0.929521 9.99552E-005 9.99552E-005 0.00988346 9.99552E-005
0.100987 9.99549E-005 9.99549E-005 0.361738 9.99549E-005 9.99549E-005 9.99549E-005 0.536776
9.99461E-005 9.99461E-005 9.99461E-005 0.968883 9.99461E-005 0.0305168 9.99461E-005 9.99461E-005
0.00665544 0.103143 0.030977 0.808952 9.99731E-005 9.99731E-005 0.0499725 9.99731E-005
0.00552923 9.99731E-005 0.110459 0.816149 0.0446594 0.0229036 9.99731E-005 9.99731E-005
9.99462E-005 9.99462E-005 9.99462E-005 0.982577 0.0168233 9.99462E-005 9.99462E-005 9.99462E-005
9.99551E-005 9.99551E-005 0.0138508 0.936083 0.0495669 9.99551E-005 9.99551E-005 9.99551E-005
9.99641E-005 9.99641E-005 0.0403764 0.846787 9.99641E-005 0.0667989 0.0456381 9.99641E-005
9.99551E-005 9.99551E-005 9.99551E-005 0.902444 0.0890818 9.99551E-005 0.00797483 9.99551E-005
0.00318673 9.99461E-005 9.99461E-005 0.996214 9.99461E-005 9.99461E-005 9.99461E-005 9.99461E-005
9.99461E-005 0.0273176 9.99461E-005 0.972083 9.99461E-005 9.99461E-005 9.99461E-005 9.99461E-005
0.0649329 0.151576 9.99731E-005 0.517623 9.99731E-005 0.0184388 0.247129 9.99731E-005
9.99551E-005 0.220849 9.99551E-005 0.531397 9.99551E-005 9.99551E-005 0.247254 9.99551E-005
0.00969525 0.0726184 0.0471722 0.616689 9.99821E-005 0.0236116 0.230013 9.99821E-005
0.201857 9.99731E-005 9.99731E-005 0.195594 9.99731E-005 0.0260253 0.561024 0.0152
0.343436 9.99641E-005 9.99641E-005 0.112539 9.99641E-005 0.0523636 0.491261 9.99641E-005
9.99462E-005 9.99462E-005 0.00283325 9.99462E-005 9.99462E-005 9.99462E-005 0.996567 9.99462E-005
9.994E-005 9.994E-005 9.994E-005 9.994E-005 9.994E-005 9.994E-005 0.9993 9.994E-005
0.186193 0.0961388 9.99641E-005 0.154218 9.99641E-005 9.99641E-005 0.563051 9.99641E-005
0.254803 9.99551E-005 9.99551E-005 0.211717 9.99551E-005 9.99551E-005 0.532979 9.99551E-005
9.99551E-005 9.99551E-005 0.0136363 9.99551E-005 0.00760347 9.99551E-005 0.97826 9.99551E-005
9.994E-005 9.994E-005 9.994E-005 9.994E-005 9.994E-005 9.994E-005 0.9993 9.994E-005
0.163478 0.151571 9.99641E-005 0.151948 9.99641E-005 9.99641E-005 0.532603 9.99641E-005
9.994E-005 9.994E-005 9.994E-005 9.994E-005 9.994E-005 9.994E-005 0.9993 9.994E-005
9.994E-005 9.994E-005 9.994E-005 9.994E-005 9.994E-005 9.994E-005 0.9993 9.994E-005
9.99461E-005 9.99461E-005 9.99461E-005 9.99461E-005 9.99461E-005 9.99461E-005 0.99449 0.00490988
0.00804902 9.99461E-005 9.99461E-005 9.99461E-005 9.99461E-005 9.99461E-005 0.991351 9.99461E-005
9.99461E-005 9.99461E-005 9.99461E-005 9.99461E-005 9.99461E-005 0.0341145 0.965286 9.99461E-005
9.99552E-005 0.940453 0.0358808 9.99552E-005 9.99552E-005 0.0231663 9.99552E-005 9.99552E-005
9.99641E-005 9.99641E-005 0.942619 9.99641E-005 0.0274838 0.0269027 9.99641E-005 0.00259507
9.99461E-005 9.99461E-005 0.93664 9.99461E-005 9.99461E-005 0.0627604 9.99461E-005 9.99461E-005
0.948765 9.99461E-005 9.99461E-005 9.99461E-005 9.99461E-005 9.99461E-005 0.0506355 9.99461E-005
0.934186 9.99551E-005 9.99551E-005 9.99551E-005 9.99551E-005 9.99551E-005 0.0600811 0.00523261
0.953503 9.99462E-005 9.99462E-005 9.99462E-005 9.99462E-005 9.99462E-005 0.0458977 9.99462E-005
0.970934 9.99461E-005 9.99461E-005 0.0284665 9.99461E-005 9.99461E-005 9.99461E-005 9.99461E-005
0.927838 9.99462E-005 9.99462E-005 0.0715619 9.99462E-005 9.99462E-005 9.99462E-005 9.99462E-005
0.956018 9.99641E-005 9.99641E-005 0.00397501 9.99641E-005 0.0310174 0.00858963 9.99641E-005
0.933762 9.99642E-005 9.99642E-005 9.99642E-005 9.99642E-005 0.0395859 0.0227847 0.00346753
0.931498 9.99641E-005 9.99641E-005 0.0460956 0.00508165 9.99641E-005 0.0169248 9.99641E-005
0.92152 0.0725423 9.99551E-005 9.99551E-005 9.99551E-005 0.00543793 9.99551E-005 9.99551E-005
0.936158 9.99551E-005 9.99551E-005 0.0563547 0.00698737 9.99551E-005 9.99551E-005 9.99551E-005
0.993616 9.99462E-005 9.99462E-005 9.99462E-005 0.00578389 9.99462E-005 9.99462E-005 9.99462E-005
0.900259 9.99731E-005 9.99731E-005 0.0179885 9.99731E-005 0.0154644 0.00411839 0.06187
0.951919 9.99461E-005 9.99461E-005 0.0474809 9.99461E-005 9.99461E-005 9.99461E-005 9.99461E-005
0.972627 9.99461E-005 9.99461E-005 9.99461E-005 9.99461E-005 9.99461E-005 0.0267732 9.99461E-005
0.976311 0.0175518 9.99551E-005 9.99551E-005 0.00563793 9.99551E-005 9.99551E-005 9.99551E-005
0.90943 0.0584048 9.99641E-005 9.99641E-005 9.99641E-005 0.0206521 9.99641E-005 0.0111133
0.921579 9.99461E-005 9.99461E-005 9.99461E-005 9.99461E-005 9.99461E-005 0.0778209 9.99461E-005
0.963227 9.99552E-005 0.0328965 9.99552E-005 9.99552E-005 9.99552E-005 0.00337685 9.99552E-005
0.976314 9.99552E-005 9.99552E-005 0.00120462 9.99552E-005 9.99552E-005 0.0219818 9.99552E-005
0.882361 0.0858095 9.99641E-005 9.99641E-005 9.99641E-005 9.99641E-005 0.0207358 0.0106941
0.957756 0.00785987 9.99731E-005 9.99731E-005 9.99731E-005 0.00146276 0.0285509 0.00407031
0.902404 0.0321531 9.99731E-005 9.99731E-005 0.0296648 9.99731E-005 0.0308561 0.00462197
0.965462 9.99641E-005 9.99641E-005 9.99641E-005 0.0217128 0.00380104 9.99641E-005 0.00862421
0.866964 9.99551E-005 9.99551E-005 0.114173 9.99551E-005 0.0183624 9.99551E-005 9.99551E-005
0.990782 9.99461E-005 9.99461E-005 9.99461E-005 9.99461E-005 9.99461E-005 0.00861855 9.99461E-005
0.928015 9.9973E-005 9.9973E-005 0.00192521 0.0255717 0.0272426 9.9973E-005 0.0169459
0.232446 0.0552505 9.99641E-005 0.152523 9.99641E-005 9.99641E-005 0.55938 9.99641E-005
0.155641 0.3451 9.9973E-005 0.122759 9.9973E-005 9.9973E-005 0.320493 0.0557071
0.33952 0.0748922 9.99731E-005 0.194498 9.99731E-005 0.0239866 0.366803 9.99731E-005
9.99641E-005 0.299948 0.448018 9.99641E-005 0.215122 9.99641E-005 0.0365124 9.99641E-005
9.99551E-005 0.224742 0.598674 9.99551E-005 0.176085 9.99551E-005 9.99551E-005 9.99551E-005
9.99731E-005 0.161678 0.593396 0.0515804 0.189694 9.99731E-005 0.00335126 9.99731E-005
9.99641E-005 0.253163 0.476145 9.99641E-005 0.259514 9.99641E-005 0.0107784 9.99641E-005
9.99641E-005 0.122003 0.640215 9.99641E-005 0.236239 9.99641E-005 0.00114396 9.99641E-005
9.99552E-005 0.135155 0.567443 9.99552E-005 0.296903 9.99552E-005 9.99552E-005 9.99552E-005
9.99821E-005 0.193844 0.466663 9.99821E-005 0.249397 0.0383554 0.028938 0.0226038
9.99551E-005 9.99551E-005 0.951995 9.99551E-005 9.99551E-005 0.0198166 9.99551E-005 0.0276883
9.994E-005 9.994E-005 0.9993 9.994E-005 9.994E-005 9.994E-005 9.994E-005 9.994E-005
9.99641E-005 9.99641E-005 0.878018 9.99641E-005 0.00376512 0.0782657 0.0395517 9.99641E-005
0.439475 0.419481 0.112281 9.99641E-005 9.99641E-005 0.0283624 9.99641E-005 9.99641E-005
0.0475674 0.199647 0.0674622 0.153264 0.436944 0.0403993 9.9991E-005 0.0546165
0.0445349 9.99819E-005 0.0203579 9.99819E-005 0.11695 0.0361752 0.0472447 0.734538
0.107422 9.99641E-005 9.99641E-005 0.706112 9.99641E-005 0.0251292 0.160938 9.99641E-005
9.99641E-005 0.0405977 9.99641E-005 0.621173 0.0673054 9.99641E-005 0.270524 9.99641E-005
0.319218 9.99457E-005 9.99457E-005 9.99457E-005 9.99457E-005 9.99457E-005 9.99457E-005 0.680182
0.942766 0.00590909 9.99731E-005 0.0393612 0.000601058 9.99731E-005 0.0110632 9.99731E-005
0.972562 9.99552E-005 0.0190031 9.99552E-005 0.00793476 9.99552E-005 9.99552E-005 9.99552E-005
0.8843 0.0421248 9.9973E-005 9.9973E-005 0.00953634 0.00218465 9.9973E-005 0.0615541
0.993074 9.99462E-005 0.00632659 9.99462E-005 9.99462E-005 9.99462E-005 9.99462E-005 9.99462E-005
0.926848 9.99551E-005 9.99551E-005 0.065855 9.99551E-005 9.99551E-005 9.99551E-005 0.00679754
0.943842 9.99641E-005 9.99641E-005 0.00336997 9.99641E-005 9.99641E-005 0.029093 0.0232954
0.9233 9.99821E-005 0.0104138 0.0243079 9.99821E-005 0.00364511 0.0336918 0.00444124
0.9993 9.994E-005 9.994E-005 9.994E-005 9.994E-005 9.994E-005 9.994E-005 9.994E-005
0.954519 0.000521017 0.0269645 9.99641E-005 9.99641E-005 9.99641E-005 0.0175957 9.99641E-005
0.938983 9.99462E-005 9.99462E-005 9.99462E-005 9.99462E-005 9.99462E-005 0.0604178 9.99462E-005
0.972211 0.027189 9.99462E-005 9.99462E-005 9.99462E-005 9.99462E-005 9.99462E-005 9.99462E-005
0.946882 0.0395586 9.99551E-005 9.99551E-005 9.99551E-005 9.99551E-005 0.0130597 9.99551E-005
0.900641 0.0987596 9.99461E-005 9.99461E-005 9.99461E-005 9.99461E-005 9.99461E-005 9.99461E-005
0.961147 0.0126696 9.99551E-005 9.99551E-005 9.99551E-005 0.0256839 9.99551E-005 9.99551E-005
0.927464 9.99462E-005 9.99462E-005 0.0719366 9.99462E-005 9.99462E-005 9.99462E-005 9.99462E-005
0.0157092 0.612677 0.11357 9.99821E-005 0.0977001 0.106206 0.0539377 9.99821E-005
9.99641E-005 0.806327 0.0184025 9.99641E-005 0.107956 0.0669145 9.99641E-005 9.99641E-005
9.99731E-005 0.532984 0.0803291 9.99731E-005 0.216988 0.136896 0.0325036 9.99731E-005
0.00193341 9.99462E-005 0.997467 9.99462E-005 9.99462E-005 9.99462E-005 9.99462E-005 9.99462E-005
9.99461E-005 9.99461E-005 0.964408 9.99461E-005 9.99461E-005 0.034992 9.99461E-005 9.99461E-005
9.99552E-005 0.077667 0.908312 0.0135216 9.99552E-005 9.99552E-005 9.99552E-005 9.99552E-005
9.99731E-005 0.0357555 0.888037 0.0252706 0.000735634 0.0499018 9.99731E-005 9.99731E-005
0.000344847 0.0801896 9.99821E-005 0.714546 9.99821E-005 0.00130588 0.196074 0.00733951
9.99731E-005 0.000307434 0.0240952 0.734893 9.99731E-005 0.027706 0.212699 9.99731E-005
0.00210167 0.177944 0.0214439 0.53716 9.99731E-005 9.99731E-005 0.26105 9.99731E-005
9.99821E-005 0.803164 0.0336256 0.00744565 0.0525379 0.0967108 0.00631602 9.99821E-005
9.99641E-005 0.929397 9.99641E-005 9.99641E-005 0.00256508 0.0458165 9.99641E-005 0.0218216
0.042767 0.730477 0.00105497 0.0377845 0.136214 0.030079 0.0215229 9.9991E-005
0.030438 0.884484 9.99641E-005 9.99641E-005 9.99641E-005 0.0452086 9.99641E-005 0.0394696
