9.9991E-005 0.167765 0.73243 0.0997049
9.999E-005 0.197581 0.731383 0.0709365
9.999E-005 0.210565 0.731945 0.0573899
9.999E-005 0.173151 0.698376 0.128373
9.999E-005 0.159667 0.798517 0.0417158
9.9991E-005 0.172299 0.771327 0.0562739
9.999E-005 0.240845 0.704391 0.0546641
9.999E-005 0.135456 0.699558 0.164887
0.0826852 0.159468 0.651721 0.106126
0.123706 0.138089 0.706272 0.031934
0.114411 0.104589 0.718509 0.0624913
9.999E-005 0.244252 0.696733 0.0589148
0.0327055 0.147519 0.711275 0.108501
0.0411046 0.0834144 0.768443 0.107038
0.103903 0.16319 0.577672 0.155235
9.9991E-005 0.161124 0.714998 0.123778
9.9991E-005 0.1929 0.748129 0.058871
9.9991E-005 0.160681 0.771012 0.068207
0.0104085 0.73188 0.252265 0.0054463
0.0271731 0.479199 0.454004 0.0396238
0.0405336 0.558333 0.401034 9.9991E-005
0.0646737 0.609839 0.315599 0.00988836
0.136819 0.529514 0.333567 9.9991E-005
9.998E-005 0.9997 9.998E-005 9.998E-005
9.998E-005 0.9997 9.998E-005 9.998E-005
9.998E-005 0.9997 9.998E-005 9.998E-005
0.112778 0.434168 0.407663 0.0453913
9.9991E-005 0.956881 0.029463 0.0135563
0.00617115 0.498571 0.413638 0.0816205
9.998E-005 0.9997 9.998E-005 9.998E-005
0.0343815 0.556528 0.342786 0.0663045
9.998E-005 0.9997 9.998E-005 9.998E-005
0.0400875 0.510782 0.427014 0.0221171
0.0502384 0.655015 0.251374 0.0433726
0.0860834 0.508776 0.35123 0.0539105
9.9991E-005 0.56903 0.371684 0.059186
0.0903821 0.502712 0.358139 0.0487671
0.0617704 0.0550324 0.87915 0.00404741
9.9982E-005 0.0134715 0.986329 9.9982E-005
0.0187019 0.0607128 0.888957 0.031628
0.0145132 9.99821E-005 0.985287 9.99821E-005
9.9991E-005 0.0791112 0.89888 0.0219084
9.9982E-005 0.0387025 0.961098 9.9982E-005
9.9991E-005 0.00530674 0.982434 0.012159
0.0066564 0.0964613 0.896782 9.9991E-005
9.9982E-005 0.0546214 0.945179 9.9982E-005
0.314348 0.10845 0.425144 0.152058
0.177493 0.443948 0.378459 9.99914E-005
0.518398 0.155984 0.325518 9.99911E-005
0.290189 0.0514931 0.422834 0.235484
0.577724 0.0980532 0.263734 0.0604885
0.298649 0.105442 0.376423 0.219486
0.305657 0.132736 0.34017 0.221437
0.287453 0.115129 0.430629 0.166788
0.346708 0.0745858 0.379498 0.199208
0.310006 0.0564752 0.446382 0.187137
0.298468 0.127664 0.341179 0.232688
0.285956 0.0506269 0.412518 0.250899
0.381753 0.094955 0.300784 0.222509
0.338811 0.104159 0.338728 0.218302
0.245767 0.150062 0.222706 0.381465
0.179766 0.149092 0.246268 0.424874
0.204739 0.0967401 0.300081 0.39844
0.257618 0.0649758 9.9991E-005 0.677306
0.376626 0.0801775 9.9991E-005 0.543097
9.998E-005 9.998E-005 9.998E-005 0.9997
9.998E-005 9.998E-005 9.998E-005 0.9997
0.239585 0.0443388 0.0800778 0.635998
0.314348 0.0454686 9.9991E-005 0.640083
9.998E-005 9.998E-005 9.998E-005 0.9997
9.998E-005 9.998E-005 9.998E-005 0.9997
0.216043 0.109627 0.0382274 0.636103
9.998E-005 9.998E-005 9.998E-005 0.9997
9.998E-005 9.998E-005 9.998E-005 0.9997
9.998E-005 9.998E-005 9.998E-005 0.9997
9.998E-005 9.998E-005 9.998E-005 0.9997
9.9982E-005 0.0221483 9.9982E-005 0.977652
0.0604518 0.414077 0.488835 0.0366361
9.9982E-005 0.0976889 0.902111 9.9982E-005
9.9982E-005 0.0943653 0.905435 9.9982E-005
0.956622 9.9982E-005 9.9982E-005 0.0431778
0.928442 9.9982E-005 9.9982E-005 0.0713579
0.978217 9.9982E-005 9.9982E-005 0.0215834
0.997479 9.9982E-005 0.00232056 9.9982E-005
0.991944 9.99821E-005 9.99821E-005 0.00785642
0.972804 0.026996 9.9982E-005 9.9982E-005
0.93973 0.0600701 9.99821E-005 9.99821E-005
0.966069 9.9991E-005 0.0185527 0.015278
0.961228 0.0385725 9.9982E-005 9.9982E-005
0.978716 0.0121125 0.00907131 9.9991E-005
0.99316 0.00664043 9.99821E-005 9.99821E-005
0.955063 0.0165297 9.9991E-005 0.0283071
0.997922 0.00187801 9.9982E-005 9.9982E-005
0.967536 9.9982E-005 9.9982E-005 0.0322639
0.9997 9.998E-005 9.998E-005 9.998E-005
0.940117 0.0460975 0.0136853 9.9991E-005
0.934322 9.9982E-005 9.9982E-005 0.0654784
0.967004 9.9991E-005 0.0183575 0.014539
0.9997 9.998E-005 9.998E-005 9.998E-005
0.927367 0.0619284 9.9991E-005 0.0106048
0.981983 9.9982E-005 9.9982E-005 0.0178169
0.924282 0.00429226 0.0314882 0.0399372
0.9997 9.998E-005 9.998E-005 9.998E-005
0.934652 0.0461685 9.9991E-005 0.0190799
0.998604 9.9982E-005 9.9982E-005 0.00119618
0.953154 0.046646 9.9982E-005 9.9982E-005
0.287653 0.0605119 0.0146282 0.637207
0.230154 0.205291 0.142607 0.421948
0.399819 0.0807303 0.0509886 0.468462
9.9991E-005 0.121975 0.795461 0.0824644
0.02717 0.0592345 0.903113 0.0104827
9.9991E-005 0.0954164 0.858818 0.0456658
9.9991E-005 0.136401 0.836904 0.0265951
9.9991E-005 0.0283338 0.926023 0.0455437
0.0056012 0.0769848 0.917314 9.9991E-005
9.9991E-005 0.174512 0.759635 0.0657525
9.9982E-005 0.0528196 0.94698 9.9982E-005
9.9982E-005 0.0298175 0.969983 9.9982E-005
0.00221739 0.149121 0.830433 0.0182288
0.513612 0.215653 0.270634 9.9991E-005
0.147344 0.223939 0.568934 0.0597825
0.431414 0.185811 0.307709 0.0750657
0.352415 0.109469 0.191371 0.346745
0.181784 0.102959 0.255267 0.45999
0.983888 9.99822E-005 9.99822E-005 0.0159125
0.966068 0.0146374 0.00676592 0.0125292
0.994683 9.99821E-005 0.00511702 9.99821E-005
0.954497 0.0235236 0.0218797 9.9991E-005
0.9997 9.998E-005 9.998E-005 9.998E-005
0.990558 0.00921976 0.000122479 9.9991E-005
0.965009 9.9982E-005 9.9982E-005 0.0347908
0.980309 9.9991E-005 0.00972103 0.0098701
0.9997 9.998E-005 9.998E-005 9.998E-005
0.964626 9.9991E-005 0.0196929 0.0155811
0.94318 9.9982E-005 9.9982E-005 0.0566205
0.9934 9.99821E-005 0.00639997 9.99821E-005
0.966017 9.9991E-005 0.00829393 0.0255889
0.949905 0.00295659 0.0470386 9.9991E-005
0.968542 0.0312584 9.9982E-005 9.9982E-005
0.974288 0.0193768 9.9991E-005 0.00623534
0.0470825 0.404825 0.45205 0.0960429
0.0338665 0.436708 0.465087 0.0643391
0.0252088 0.427179 0.462233 0.0853794
0.0156089 9.9982E-005 0.984191 9.9982E-005
9.9982E-005 0.0505926 0.949207 9.9982E-005
0.0071195 0.03286 0.95992 9.9991E-005
9.9982E-005 0.0851068 0.914693 9.9982E-005
0.239148 0.119995 0.246955 0.393903
0.222487 0.12277 0.258552 0.39619
0.196926 0.0941522 0.304529 0.404392
0.0485805 0.441483 0.457404 0.0525327
0.0546989 0.44345 0.459816 0.0420349
0.106214 0.370136 0.436234 0.0874158
0.118108 0.431359 0.396538 0.0539957
