9.9991E-005 0.166126 0.101556 0.732218
9.999E-005 0.197736 0.0714852 0.730679
9.999E-005 0.212458 0.0665881 0.720854
0.00203416 0.185206 0.104785 0.707975
9.999E-005 0.186932 0.0263211 0.786647
9.9991E-005 0.163003 0.050653 0.786244
9.999E-005 0.244837 0.0398968 0.715166
9.999E-005 0.131039 0.145884 0.722977
0.101954 0.162278 0.0891356 0.646632
0.114772 0.155473 0.0388098 0.690945
0.126378 0.108026 0.0421022 0.723494
9.999E-005 0.235386 0.0792093 0.685305
0.0311913 0.152578 0.0996935 0.716538
0.0485232 0.104596 0.0929792 0.753902
0.103183 0.1677 0.16059 0.568527
9.9991E-005 0.186452 0.111851 0.701597
9.9991E-005 0.188133 0.0489393 0.762828
9.9991E-005 0.179924 0.0682105 0.751766
0.00808885 0.745915 0.0223324 0.223664
0.0276091 0.490884 0.0224931 0.459014
0.0333548 0.564539 9.9991E-005 0.402006
0.0798545 0.611884 0.00034949 0.307912
0.142934 0.529291 9.9991E-005 0.327675
9.998E-005 0.9997 9.998E-005 9.998E-005
9.998E-005 0.9997 9.998E-005 9.998E-005
9.998E-005 0.9997 9.998E-005 9.998E-005
0.0942747 0.440238 0.0582415 0.407246
9.9991E-005 0.965857 0.0117406 0.0223023
0.00574736 0.50992 0.0688081 0.415525
9.998E-005 0.9997 9.998E-005 9.998E-005
0.024276 0.575514 0.0588561 0.341354
9.998E-005 0.9997 9.998E-005 9.998E-005
0.0396078 0.518549 0.0176447 0.424198
0.0497764 0.650078 0.0339248 0.266221
0.0877004 0.52239 0.0457591 0.344151
9.9991E-005 0.574141 0.0701446 0.355614
0.0871019 0.491718 0.0406346 0.380546
0.0516495 0.0667295 0.00952559 0.872095
9.9982E-005 0.0375521 9.9982E-005 0.962248
0.0294223 0.0775221 0.0186709 0.874385
0.0087684 0.0174659 9.9991E-005 0.973666
9.9991E-005 0.0814006 0.0267964 0.891703
9.9982E-005 0.0614632 9.9982E-005 0.938337
9.9991E-005 0.0332942 0.00603361 0.960572
0.00617743 0.0905715 9.9991E-005 0.903151
9.9982E-005 0.0503782 9.9982E-005 0.949422
0.327859 0.130475 0.125025 0.416641
0.166473 0.389994 9.99914E-005 0.443433
0.524557 0.14729 9.99911E-005 0.328053
0.305264 0.0484874 0.212873 0.433376
0.574877 0.0819026 0.0591653 0.284055
0.281518 0.127592 0.225013 0.365877
0.314092 0.105258 0.206447 0.374203
0.276839 0.121858 0.180903 0.4204
0.368578 0.0896696 0.176638 0.365114
0.321818 0.0577453 0.176508 0.443929
0.308029 0.133444 0.220076 0.338451
0.275124 0.0894391 0.233956 0.401481
0.38722 0.0956107 0.219337 0.297832
0.326864 0.126136 0.21141 0.33559
0.266877 0.122124 0.380201 0.230798
0.199766 0.136236 0.417997 0.246001
0.19476 0.102264 0.409261 0.293716
0.268957 0.0673053 0.662238 0.00149946
0.374492 0.072621 0.552787 9.9991E-005
9.998E-005 9.998E-005 0.9997 9.998E-005
9.998E-005 9.998E-005 0.9997 9.998E-005
0.225425 0.0438033 0.656574 0.0741978
0.328717 0.032953 0.637036 0.00129416
9.998E-005 9.998E-005 0.9997 9.998E-005
9.998E-005 9.998E-005 0.9997 9.998E-005
0.23366 0.0784502 0.608976 0.0789144
9.998E-005 9.998E-005 0.9997 9.998E-005
9.998E-005 9.998E-005 0.9997 9.998E-005
9.998E-005 9.998E-005 0.9997 9.998E-005
9.998E-005 9.998E-005 0.9997 9.998E-005
9.9982E-005 0.00820001 0.9916 9.9982E-005
0.0621593 0.419029 0.0287251 0.490087
9.9982E-005 0.105401 9.9982E-005 0.894399
9.9982E-005 0.102356 9.9982E-005 0.897444
0.969003 9.9982E-005 0.0307975 9.9982E-005
0.939926 9.9982E-005 0.0598735 9.9982E-005
0.975339 9.9982E-005 0.0244615 9.9982E-005
0.9997 9.998E-005 9.998E-005 9.998E-005
0.977913 9.99821E-005 0.0218866 9.99821E-005
0.970021 0.0225579 0.00732129 9.9991E-005
0.943949 0.0558507 9.99821E-005 9.99821E-005
0.967896 9.9991E-005 0.0246155 0.00738878
0.95525 0.0445498 9.9982E-005 9.9982E-005
0.976025 0.00516191 9.9991E-005 0.0187128
0.993815 0.00594649 0.000138498 9.9991E-005
0.973508 0.0161533 0.0102391 9.9991E-005
0.9997 9.998E-005 9.998E-005 9.998E-005
0.981757 9.9982E-005 0.0180426 9.9982E-005
0.993067 0.0011627 9.9991E-005 0.00567062
0.938808 0.0424508 9.9991E-005 0.0186413
0.93928 9.9982E-005 0.0605199 9.9982E-005
0.981088 9.99821E-005 9.99821E-005 0.0187125
0.991329 9.9982E-005 0.00847083 9.9982E-005
0.913886 0.0509955 0.0350184 9.9991E-005
0.98964 9.9982E-005 0.01016 9.9982E-005
0.932245 0.00105193 0.0292417 0.0374614
0.9997 9.998E-005 9.998E-005 9.998E-005
0.951739 0.0466224 0.00153825 9.9991E-005
0.976347 9.9982E-005 0.0234528 9.9982E-005
0.956016 0.0437842 9.9982E-005 9.9982E-005
0.287775 0.0646342 0.63256 0.0150306
0.254948 0.211868 0.414552 0.118631
0.397558 0.0772825 0.454843 0.0703172
9.9991E-005 0.111286 0.0896024 0.799012
0.0282195 0.0731126 9.9991E-005 0.898568
0.00265257 0.0685299 0.0570668 0.871751
9.9991E-005 0.163585 0.0355211 0.800793
9.9991E-005 0.0564618 0.0342739 0.909164
0.0168154 0.10874 9.9991E-005 0.874345
9.9991E-005 0.17811 0.0684232 0.753367
9.9982E-005 0.0665797 9.9982E-005 0.93322
9.9982E-005 0.0352877 9.9982E-005 0.964512
0.00257063 0.123732 0.022464 0.851234
0.517324 0.198101 9.9991E-005 0.284475
0.14764 0.240879 0.0664857 0.544995
0.418569 0.190318 0.0853812 0.305732
0.358894 0.101529 0.337837 0.201741
0.187161 0.112339 0.444609 0.25589
0.971382 9.99822E-005 0.0284178 9.99822E-005
0.960561 0.00267135 0.0366677 9.9991E-005
0.988107 9.99821E-005 9.99821E-005 0.0116935
0.949475 0.040752 9.9991E-005 0.00967252
0.9997 9.998E-005 9.998E-005 9.998E-005
0.991448 0.000598739 9.9991E-005 0.00785348
0.966358 9.9982E-005 0.0334423 9.9982E-005
0.96126 0.00602251 0.0268046 0.00591327
0.9997 9.998E-005 9.998E-005 9.998E-005
0.961549 0.0125365 0.0086167 0.017298
0.951142 9.9982E-005 0.0486582 9.9982E-005
0.99804 9.99821E-005 9.99821E-005 0.00175981
0.976672 9.9982E-005 0.023128 9.9982E-005
0.94508 0.022931 0.000807158 0.0311819
0.969923 0.0298768 9.9982E-005 9.9982E-005
0.98998 0.00982016 9.99821E-005 9.99821E-005
0.0248638 0.397003 0.103659 0.474474
0.048812 0.427025 0.0428176 0.481346
0.0393064 0.420725 0.0707497 0.469219
0.0202905 9.9982E-005 9.9982E-005 0.97951
9.9982E-005 0.066696 9.9982E-005 0.933104
0.011124 0.0474067 9.9991E-005 0.941369
9.9982E-005 0.0952524 9.9982E-005 0.904548
0.218563 0.0993386 0.416858 0.26524
0.23529 0.118515 0.38898 0.257215
0.192912 0.0999263 0.386367 0.320795
0.0496834 0.433874 0.0455234 0.470919
0.0646222 0.459841 0.0326598 0.442877
0.113405 0.354475 0.0855258 0.446594
0.121057 0.418346 0.0568442 0.403753
