0.0283825 0.0725356 9.99461E-005 9.99461E-005 9.99461E-005 0.00292647 9.99461E-005 0.0166582 0.00421941 0.860838 0.0138407 9.99461E-005 9.99461E-005
9.99102E-005 9.99102E-005 9.99102E-005 9.99102E-005 9.99102E-005 9.99102E-005 9.99102E-005 0.0150296 9.99102E-005 0.824825 9.99102E-005 0.159146 9.99102E-005
0.0664356 9.99191E-005 9.99191E-005 9.99191E-005 9.99191E-005 9.99191E-005 9.99191E-005 0.0162782 9.99191E-005 0.595488 9.99191E-005 0.320899 9.99191E-005
9.99282E-005 9.99282E-005 9.99282E-005 0.00670983 9.99282E-005 9.99282E-005 0.00269746 9.99282E-005 0.0612785 0.364085 9.99282E-005 0.564429 9.99282E-005
0.0169893 0.0468802 9.99191E-005 9.99191E-005 9.99191E-005 9.99191E-005 9.99191E-005 9.99191E-005 9.99191E-005 0.619164 9.99191E-005 0.316067 9.99191E-005
9.98921E-005 9.98921E-005 9.98921E-005 9.98921E-005 9.98921E-005 9.98921E-005 9.98921E-005 9.98921E-005 9.98921E-005 0.998801 9.98921E-005 9.98921E-005 9.98921E-005
9.99102E-005 9.99102E-005 9.99102E-005 9.99102E-005 9.99102E-005 9.99102E-005 9.99102E-005 0.0147957 9.99102E-005 0.976859 9.99102E-005 0.00734657 9.99102E-005
9.99282E-005 9.99282E-005 9.99282E-005 0.0619954 0.127819 0.0258116 0.0692472 9.99282E-005 9.99282E-005 0.714327 9.99282E-005 9.99282E-005 9.99282E-005
9.99281E-005 9.99281E-005 0.0489787 0.0017476 9.99281E-005 9.99281E-005 9.99281E-005 9.99281E-005 0.0232939 0.905358 9.99281E-005 9.99281E-005 0.0198222
9.99102E-005 9.99102E-005 0.0695907 0.0500587 9.99102E-005 9.99102E-005 9.99102E-005 9.99102E-005 9.99102E-005 0.879351 9.99102E-005 9.99102E-005 9.99102E-005
9.99102E-005 9.99102E-005 0.00271957 9.99102E-005 9.99102E-005 9.99102E-005 9.99102E-005 9.99102E-005 9.99102E-005 0.912616 9.99102E-005 9.99102E-005 0.0836651
9.99013E-005 9.99013E-005 9.99013E-005 9.99013E-005 9.99013E-005 9.99013E-005 9.99013E-005 0.0342011 9.99013E-005 9.99013E-005 9.99013E-005 0.9647 9.99013E-005
9.99282E-005 9.99282E-005 0.000850073 9.99282E-005 0.0412599 9.99282E-005 9.99282E-005 9.99282E-005 9.99282E-005 0.163788 9.99282E-005 0.792367 0.000935773
9.99193E-005 0.00631423 0.0204115 9.99193E-005 9.99193E-005 9.99193E-005 9.99193E-005 9.99193E-005 9.99193E-005 0.0692874 9.99193E-005 0.903088 9.99193E-005
9.99282E-005 9.99282E-005 0.0250861 9.99282E-005 0.00131898 9.99282E-005 9.99282E-005 9.99282E-005 9.99282E-005 9.99282E-005 0.0256288 0.858374 0.0887925
0.0392952 9.99192E-005 9.99192E-005 9.99192E-005 0.00201209 9.99192E-005 9.99192E-005 9.99192E-005 9.99192E-005 9.99192E-005 9.99192E-005 0.950272 0.00752158
9.99102E-005 9.99102E-005 9.99102E-005 9.99102E-005 9.99102E-005 0.00867914 0.0254215 9.99102E-005 9.99102E-005 9.99102E-005 9.99102E-005 0.9649 9.99102E-005
0.0648492 9.99101E-005 9.99101E-005 9.99101E-005 9.99101E-005 0.00735643 9.99101E-005 9.99101E-005 9.99101E-005 9.99101E-005 9.99101E-005 0.926795 9.99101E-005
0.0554777 9.99462E-005 9.99462E-005 0.233812 9.99462E-005 9.99462E-005 0.0703034 0.547079 0.0218503 0.0529319 9.99462E-005 0.0179455 9.99462E-005
9.99192E-005 0.0343487 9.99192E-005 0.858627 9.99192E-005 9.99192E-005 9.99192E-005 0.011943 9.99192E-005 9.99192E-005 9.99192E-005 0.0941821 9.99192E-005
9.99102E-005 0.0911689 9.99102E-005 0.82669 9.99102E-005 9.99102E-005 9.99102E-005 0.081142 9.99102E-005 9.99102E-005 9.99102E-005 9.99102E-005 9.99102E-005
9.99372E-005 0.0252043 0.0198822 0.656433 9.99372E-005 0.00289031 9.99372E-005 0.229589 9.99372E-005 0.0653013 9.99372E-005 9.99372E-005 9.99372E-005
9.99192E-005 0.00151714 9.99192E-005 0.896665 9.99192E-005 9.99192E-005 9.99192E-005 0.033925 9.99192E-005 9.99192E-005 9.99192E-005 9.99192E-005 0.0669938
9.98919E-005 9.98919E-005 9.98919E-005 9.98919E-005 9.98919E-005 9.98919E-005 9.98919E-005 0.998801 9.98919E-005 9.98919E-005 9.98919E-005 9.98919E-005 9.98919E-005
9.99011E-005 9.99011E-005 9.99011E-005 0.00656098 9.99011E-005 9.99011E-005 9.99011E-005 0.99234 9.99011E-005 9.99011E-005 9.99011E-005 9.99011E-005 9.99011E-005
9.98922E-005 9.98922E-005 9.98922E-005 9.98922E-005 9.98922E-005 9.98922E-005 9.98922E-005 0.998801 9.98922E-005 9.98922E-005 9.98922E-005 9.98922E-005 9.98922E-005
9.99282E-005 9.99282E-005 0.0039268 0.681813 9.99282E-005 9.99282E-005 0.143729 0.068819 0.100913 9.99282E-005 9.99282E-005 9.99282E-005 9.99282E-005
9.99281E-005 0.00994594 9.99281E-005 0.211959 9.99281E-005 9.99281E-005 9.99281E-005 0.751883 9.99281E-005 0.0194451 0.00596777 9.99281E-005 9.99281E-005
0.0339524 9.99102E-005 9.99102E-005 0.933973 9.99102E-005 9.99102E-005 9.99102E-005 9.99102E-005 0.0310753 9.99102E-005 9.99102E-005 9.99102E-005 9.99102E-005
9.98921E-005 9.98921E-005 9.98921E-005 9.98921E-005 9.98921E-005 9.98921E-005 9.98921E-005 0.998801 9.98921E-005 9.98921E-005 9.98921E-005 9.98921E-005 9.98921E-005
9.99192E-005 9.99192E-005 9.99192E-005 0.714428 0.0847541 9.99192E-005 9.99192E-005 0.139252 9.99192E-005 0.0606668 9.99192E-005 9.99192E-005 9.99192E-005
9.99012E-005 9.99012E-005 9.99012E-005 9.99012E-005 9.99012E-005 9.99012E-005 9.99012E-005 0.994918 9.99012E-005 9.99012E-005 9.99012E-005 9.99012E-005 0.00398339
0.099714 9.99192E-005 9.99192E-005 0.742052 9.99192E-005 9.99192E-005 0.049568 0.107767 9.99192E-005 9.99192E-005 9.99192E-005 9.99192E-005 9.99192E-005
9.99282E-005 9.99282E-005 9.99282E-005 0.642634 9.99282E-005 9.99282E-005 0.0479574 0.267684 9.99282E-005 0.0171139 0.0238111 9.99282E-005 9.99282E-005
0.0313365 0.0619018 0.0106351 0.699703 0.0502546 9.99461E-005 9.99461E-005 0.144293 9.99461E-005 9.99461E-005 9.99461E-005 0.00127697 9.99461E-005
9.99192E-005 0.0441553 9.99192E-005 0.794842 9.99192E-005 9.99192E-005 9.99192E-005 0.12489 9.99192E-005 0.035213 9.99192E-005 9.99192E-005 9.99192E-005
9.99282E-005 9.99282E-005 9.99282E-005 0.752378 9.99282E-005 0.0157231 9.99282E-005 0.113798 0.0751457 0.0421564 9.99282E-005 9.99282E-005 9.99282E-005
9.99193E-005 9.99193E-005 0.0278331 9.99193E-005 9.99193E-005 9.99193E-005 0.827691 9.99193E-005 9.99193E-005 9.99193E-005 0.0125856 0.130991 9.99193E-005
9.99101E-005 0.25301 9.99101E-005 9.99101E-005 9.99101E-005 9.99101E-005 0.744592 9.99101E-005 9.99101E-005 9.99101E-005 9.99101E-005 9.99101E-005 0.00139859
0.00652801 9.99283E-005 0.00114892 9.99283E-005 9.99283E-005 9.99283E-005 0.929918 0.0140923 9.99283E-005 9.99283E-005 0.0475131 9.99283E-005 9.99283E-005
0.0016028 9.99103E-005 9.99103E-005 9.99103E-005 9.99103E-005 0.00206231 0.995336 9.99103E-005 9.99103E-005 9.99103E-005 9.99103E-005 9.99103E-005 9.99103E-005
0.0381322 9.99282E-005 9.99282E-005 9.99282E-005 9.99282E-005 0.00417641 0.943335 0.00314251 9.99282E-005 9.99282E-005 0.0104141 9.99282E-005 9.99282E-005
9.99012E-005 0.0779141 9.99012E-005 9.99012E-005 9.99012E-005 9.99012E-005 0.920987 9.99012E-005 9.99012E-005 9.99012E-005 9.99012E-005 9.99012E-005 9.99012E-005
0.13476 0.0417384 9.99102E-005 9.99102E-005 9.99102E-005 9.99102E-005 0.822503 9.99102E-005 9.99102E-005 9.99102E-005 9.99102E-005 9.99102E-005 9.99102E-005
0.0012993 0.383109 9.99372E-005 9.99372E-005 9.99372E-005 9.99372E-005 0.449476 0.00701536 0.041595 9.99372E-005 9.99372E-005 0.116806 9.99372E-005
9.99012E-005 0.0120541 9.99012E-005 9.99012E-005 9.99012E-005 9.99012E-005 0.986847 9.99012E-005 9.99012E-005 9.99012E-005 9.99012E-005 9.99012E-005 9.99012E-005
0.000996781 0.0278788 0.0659559 9.99551E-005 0.148154 9.99551E-005 0.0210517 0.0370506 0.473018 9.99551E-005 9.99551E-005 0.225395 9.99551E-005
9.98901E-005 9.98901E-005 9.98901E-005 9.98901E-005 9.98901E-005 0.998801 9.98901E-005 9.98901E-005 9.98901E-005 9.98901E-005 9.98901E-005 9.98901E-005 9.98901E-005
9.99101E-005 9.99101E-005 9.99101E-005 9.99101E-005 9.99101E-005 0.0143707 0.0174916 9.99101E-005 9.99101E-005 9.99101E-005 9.99101E-005 9.99101E-005 0.967139
0.052801 9.99103E-005 9.99103E-005 9.99103E-005 9.99103E-005 9.99103E-005 0.00856667 9.99103E-005 0.937633 9.99103E-005 9.99103E-005 9.99103E-005 9.99103E-005
9.9901E-005 9.9901E-005 9.9901E-005 9.9901E-005 9.9901E-005 9.9901E-005 9.9901E-005 9.9901E-005 0.266458 9.9901E-005 9.9901E-005 9.9901E-005 0.732443
9.99102E-005 0.0217782 9.99102E-005 9.99102E-005 9.99102E-005 9.99102E-005 9.99102E-005 0.0191504 0.958072 9.99102E-005 9.99102E-005 9.99102E-005 9.99102E-005
9.99371E-005 0.0473836 0.0402752 0.113249 0.0258589 9.99371E-005 9.99371E-005 9.99371E-005 0.765798 9.99371E-005 0.00673576 9.99371E-005 9.99371E-005
9.99641E-005 0.0773936 0.008596 9.99641E-005 0.072664 0.0127229 0.0149136 0.029239 0.704483 0.00650812 9.99641E-005 0.0730798 9.99641E-005
9.99283E-005 0.00532199 0.00850307 9.99283E-005 9.99283E-005 9.99283E-005 9.99283E-005 9.99283E-005 0.961766 0.0199815 9.99283E-005 0.00362835 9.99283E-005
9.99013E-005 9.99013E-005 9.99013E-005 9.99013E-005 9.99013E-005 9.99013E-005 9.99013E-005 9.99013E-005 0.961597 0.0373044 9.99013E-005 9.99013E-005 9.99013E-005
0.0589868 9.99371E-005 0.00508488 9.99371E-005 9.99371E-005 9.99371E-005 0.0045538 0.0465174 0.823704 9.99371E-005 0.0604539 9.99371E-005 9.99371E-005
9.99103E-005 9.99103E-005 9.99103E-005 9.99103E-005 9.99103E-005 9.99103E-005 9.99103E-005 9.99103E-005 0.952499 0.0440633 9.99103E-005 9.99103E-005 0.00243829
9.99012E-005 9.99012E-005 0.0198603 9.99012E-005 9.99012E-005 9.99012E-005 9.99012E-005 9.99012E-005 0.979041 9.99012E-005 9.99012E-005 9.99012E-005 9.99012E-005
9.99012E-005 9.99012E-005 9.99012E-005 0.0379894 9.99012E-005 9.99012E-005 9.99012E-005 9.99012E-005 0.960912 9.99012E-005 9.99012E-005 9.99012E-005 9.99012E-005
9.99192E-005 9.99192E-005 9.99192E-005 0.0179058 0.932326 9.99192E-005 9.99192E-005 0.00681881 9.99192E-005 9.99192E-005 9.99192E-005 0.0420504 9.99192E-005
0.00628656 0.0478136 9.99282E-005 0.0672569 0.864525 9.99282E-005 9.99282E-005 9.99282E-005 9.99282E-005 9.99282E-005 0.0133185 9.99282E-005 9.99282E-005
9.99372E-005 0.0776032 9.99372E-005 9.99372E-005 0.803287 0.00524187 9.99372E-005 9.99372E-005 0.0625788 0.0357032 0.0148864 9.99372E-005 9.99372E-005
9.99192E-005 9.99192E-005 0.126456 9.99192E-005 0.515766 9.99192E-005 9.99192E-005 9.99192E-005 9.99192E-005 9.99192E-005 0.347206 9.99192E-005 0.00967311
0.0104972 9.99282E-005 0.300873 9.99282E-005 0.295687 9.99282E-005 9.99282E-005 0.0334331 9.99282E-005 9.99282E-005 0.35871 9.99282E-005 9.99282E-005
9.99103E-005 0.0130201 9.99103E-005 9.99103E-005 9.99103E-005 9.99103E-005 9.99103E-005 9.99103E-005 0.00940148 9.99103E-005 0.976579 9.99103E-005 9.99103E-005
9.98921E-005 9.98921E-005 9.98921E-005 9.98921E-005 9.98921E-005 9.98921E-005 9.98921E-005 9.98921E-005 9.98921E-005 9.98921E-005 0.998801 9.98921E-005 9.98921E-005
9.99193E-005 9.99193E-005 0.150361 0.044465 0.38614 9.99193E-005 9.99193E-005 9.99193E-005 9.99193E-005 9.99193E-005 0.418135 9.99193E-005 9.99193E-005
9.99192E-005 9.99192E-005 0.231447 9.99192E-005 0.350183 9.99192E-005 9.99192E-005 9.99192E-005 0.0192822 9.99192E-005 0.398189 9.99192E-005 9.99192E-005
0.00390879 9.99192E-005 9.99192E-005 9.99192E-005 9.99192E-005 9.99192E-005 9.99192E-005 9.99192E-005 9.99192E-005 9.99192E-005 0.943217 0.0486463 0.00332821
9.98922E-005 9.98922E-005 9.98922E-005 9.98922E-005 9.98922E-005 9.98922E-005 9.98922E-005 9.98922E-005 9.98922E-005 9.98922E-005 0.998801 9.98922E-005 9.98922E-005
9.99192E-005 9.99192E-005 0.12207 0.0515238 0.459328 9.99192E-005 9.99192E-005 9.99192E-005 9.99192E-005 9.99192E-005 0.366179 9.99192E-005 9.99192E-005
9.99103E-005 0.0054934 9.99103E-005 9.99103E-005 9.99103E-005 9.99103E-005 9.99103E-005 9.99103E-005 0.029389 9.99103E-005 0.964119 9.99103E-005 9.99103E-005
9.99101E-005 9.99101E-005 9.99101E-005 9.99101E-005 0.00233948 0.0136727 9.99101E-005 9.99101E-005 9.99101E-005 9.99101E-005 0.982989 9.99101E-005 9.99101E-005
9.98923E-005 9.98923E-005 9.98923E-005 9.98923E-005 9.98923E-005 9.98923E-005 9.98923E-005 9.98923E-005 9.98923E-005 9.98923E-005 0.998801 9.98923E-005 9.98923E-005
9.99102E-005 9.99102E-005 0.013487 9.99102E-005 0.0268752 9.99102E-005 9.99102E-005 9.99102E-005 9.99102E-005 9.99102E-005 0.958639 9.99102E-005 9.99102E-005
9.99012E-005 9.99012E-005 9.99012E-005 9.99012E-005 9.99012E-005 9.99012E-005 9.99012E-005 0.0361724 9.99012E-005 9.99012E-005 0.962729 9.99012E-005 9.99012E-005
0.0306251 9.99103E-005 9.99103E-005 0.883656 9.99103E-005 9.99103E-005 0.0847199 9.99103E-005 9.99103E-005 9.99103E-005 9.99103E-005 9.99103E-005 9.99103E-005
9.99012E-005 9.99012E-005 9.99012E-005 9.99012E-005 9.99012E-005 9.99012E-005 0.979752 9.99012E-005 9.99012E-005 0.0191488 9.99012E-005 9.99012E-005 9.99012E-005
9.99102E-005 0.0133296 9.99102E-005 9.99102E-005 9.99102E-005 9.99102E-005 0.967117 0.0185543 9.99102E-005 9.99102E-005 9.99102E-005 9.99102E-005 9.99102E-005
9.99102E-005 9.99102E-005 0.93878 9.99102E-005 9.99102E-005 9.99102E-005 9.99102E-005 0.0108565 9.99102E-005 9.99102E-005 0.049364 9.99102E-005 9.99102E-005
9.99103E-005 9.99103E-005 0.885148 9.99103E-005 9.99103E-005 9.99103E-005 9.99103E-005 9.99103E-005 9.99103E-005 9.99103E-005 0.0661355 9.99103E-005 0.0477176
9.99103E-005 9.99103E-005 0.94971 9.99103E-005 9.99103E-005 9.99103E-005 9.99103E-005 9.99103E-005 9.99103E-005 9.99103E-005 0.0374063 9.99103E-005 0.0118845
0.00484173 9.99192E-005 0.955753 9.99192E-005 9.99192E-005 9.99192E-005 0.0336977 9.99192E-005 0.00480867 9.99192E-005 9.99192E-005 9.99192E-005 9.99192E-005
9.99283E-005 9.99283E-005 0.89365 9.99283E-005 0.024214 9.99283E-005 9.99283E-005 9.99283E-005 0.0624039 9.99283E-005 0.0152193 9.99283E-005 0.00371293
9.99282E-005 0.00701238 0.930427 9.99282E-005 0.0308673 9.99282E-005 9.99282E-005 0.0198443 9.99282E-005 9.99282E-005 9.99282E-005 9.99282E-005 0.0110498
9.99194E-005 9.99194E-005 0.933745 0.0298245 9.99194E-005 9.99194E-005 9.99194E-005 0.0346295 9.99194E-005 9.99194E-005 9.99194E-005 9.99194E-005 0.000901657
9.99372E-005 0.046701 0.914708 9.99372E-005 9.99372E-005 9.99372E-005 9.99372E-005 9.99372E-005 0.0334433 0.0011501 0.000916597 9.99372E-005 0.00238175
9.99282E-005 9.99282E-005 0.920732 0.0539929 9.99282E-005 0.0129898 9.99282E-005 0.00843473 0.00305119 9.99282E-005 9.99282E-005 9.99282E-005 9.99282E-005
9.99102E-005 9.99102E-005 0.910454 9.99102E-005 9.99102E-005 9.99102E-005 9.99102E-005 9.99102E-005 0.0256265 9.99102E-005 9.99102E-005 0.0629208 9.99102E-005
0.0262343 9.99014E-005 0.972667 9.99014E-005 9.99014E-005 9.99014E-005 9.99014E-005 9.99014E-005 9.99014E-005 9.99014E-005 9.99014E-005 9.99014E-005 9.99014E-005
9.99283E-005 9.99283E-005 0.882584 9.99283E-005 9.99283E-005 0.0161265 9.99283E-005 9.99283E-005 0.0605312 9.99283E-005 0.0112509 9.99283E-005 0.028708
9.99013E-005 9.99013E-005 0.938155 9.99013E-005 9.99013E-005 9.99013E-005 9.99013E-005 9.99013E-005 0.0607465 9.99013E-005 9.99013E-005 9.99013E-005 9.99013E-005
9.99012E-005 9.99012E-005 0.955865 9.99012E-005 9.99012E-005 9.99012E-005 9.99012E-005 9.99012E-005 9.99012E-005 9.99012E-005 0.0430356 9.99012E-005 9.99012E-005
9.99282E-005 9.99282E-005 0.928039 9.99282E-005 0.0330018 0.00185474 9.99282E-005 9.99282E-005 9.99282E-005 0.0302572 9.99282E-005 9.99282E-005 0.00604829
0.0551008 9.99461E-005 0.879817 0.00150772 0.0126219 9.99461E-005 9.99461E-005 0.00431124 9.99461E-005 0.0146319 9.99461E-005 9.99461E-005 0.0314094
9.99103E-005 9.99103E-005 0.912428 9.99103E-005 9.99103E-005 9.99103E-005 9.99103E-005 9.99103E-005 9.99103E-005 9.99103E-005 0.0652846 9.99103E-005 0.021288
0.0135327 9.99372E-005 0.921284 9.99372E-005 9.99372E-005 9.99372E-005 0.0192912 9.99372E-005 9.99372E-005 0.0255997 0.00788271 9.99372E-005 0.0117102
9.99104E-005 9.99104E-005 0.966884 9.99104E-005 0.0296456 0.00247144 9.99104E-005 9.99104E-005 9.99104E-005 9.99104E-005 9.99104E-005 9.99104E-005 9.99104E-005
9.99192E-005 9.99192E-005 0.875237 0.0852307 9.99192E-005 9.99192E-005 9.99192E-005 9.99192E-005 9.99192E-005 9.99192E-005 0.0210167 9.99192E-005 0.0176164
9.99282E-005 9.99282E-005 0.933584 0.0226904 9.99282E-005 0.00354282 9.99282E-005 9.99282E-005 9.99282E-005 9.99282E-005 0.0379462 9.99282E-005 0.00143715
0.0214092 9.99282E-005 0.869076 9.99282E-005 0.0371335 9.99282E-005 9.99282E-005 9.99282E-005 9.99282E-005 9.99282E-005 9.99282E-005 0.0703602 0.00122174
9.99102E-005 9.99102E-005 0.918117 9.99102E-005 9.99102E-005 9.99102E-005 9.99102E-005 9.99102E-005 9.99102E-005 0.0332948 9.99102E-005 9.99102E-005 0.047589
9.99282E-005 9.99282E-005 0.825368 9.99282E-005 9.99282E-005 9.99282E-005 9.99282E-005 0.0128746 0.122371 0.000535198 9.99282E-005 9.99282E-005 0.0380514
9.99102E-005 9.99102E-005 0.946643 9.99102E-005 0.0502925 9.99102E-005 9.99102E-005 9.99102E-005 9.99102E-005 9.99102E-005 0.00206499 9.99102E-005 9.99102E-005
9.99281E-005 9.99281E-005 0.893068 9.99281E-005 9.99281E-005 0.00792995 9.99281E-005 0.000855889 9.99281E-005 0.0639059 9.99281E-005 9.99281E-005 0.0334412
9.99102E-005 9.99102E-005 0.133398 9.99102E-005 0.548993 9.99102E-005 9.99102E-005 9.99102E-005 9.99102E-005 9.99102E-005 0.31661 9.99102E-005 9.99102E-005
9.99281E-005 9.99281E-005 0.0936075 0.266282 0.429713 9.99281E-005 9.99281E-005 9.99281E-005 9.99281E-005 9.99281E-005 0.159971 9.99281E-005 0.049627
9.99283E-005 9.99283E-005 0.30229 0.00507857 0.42526 9.99283E-005 9.99283E-005 0.0284754 9.99283E-005 9.99283E-005 0.238097 9.99283E-005 9.99283E-005
0.604657 9.99371E-005 9.99371E-005 0.0479047 9.99371E-005 0.000146118 0.0764973 9.99371E-005 9.99371E-005 9.99371E-005 0.0350955 0.235 9.99371E-005
0.998801 9.98919E-005 9.98919E-005 9.98919E-005 9.98919E-005 9.98919E-005 9.98919E-005 9.98919E-005 9.98919E-005 9.98919E-005 9.98919E-005 9.98919E-005 9.98919E-005
0.945125 9.99192E-005 9.99192E-005 9.99192E-005 9.99192E-005 9.99192E-005 0.0260592 9.99192E-005 0.026379 0.00153762 9.99192E-005 9.99192E-005 9.99192E-005
0.998801 9.98922E-005 9.98922E-005 9.98922E-005 9.98922E-005 9.98922E-005 9.98922E-005 9.98922E-005 9.98922E-005 9.98922E-005 9.98922E-005 9.98922E-005 9.98922E-005
0.899247 0.099654 9.99013E-005 9.99013E-005 9.99013E-005 9.99013E-005 9.99013E-005 9.99013E-005 9.99013E-005 9.99013E-005 9.99013E-005 9.99013E-005 9.99013E-005
0.998801 9.98923E-005 9.98923E-005 9.98923E-005 9.98923E-005 9.98923E-005 9.98923E-005 9.98923E-005 9.98923E-005 9.98923E-005 9.98923E-005 9.98923E-005 9.98923E-005
0.422954 0.0683067 9.99551E-005 0.102448 9.99551E-005 0.018703 0.103658 0.0328944 9.99551E-005 9.99551E-005 0.0130238 0.237513 9.99551E-005
9.98921E-005 0.998801 9.98921E-005 9.98921E-005 9.98921E-005 9.98921E-005 9.98921E-005 9.98921E-005 9.98921E-005 9.98921E-005 9.98921E-005 9.98921E-005 9.98921E-005
9.9892E-005 0.998801 9.9892E-005 9.9892E-005 9.9892E-005 9.9892E-005 9.9892E-005 9.9892E-005 9.9892E-005 9.9892E-005 9.9892E-005 9.9892E-005 9.9892E-005
0.00312703 0.87462 0.00105678 9.99551E-005 0.00725287 0.0128945 9.99551E-005 0.0586255 9.99551E-005 9.99551E-005 0.00193826 0.0399857 9.99551E-005
0.134293 0.0646914 0.441447 0.358596 9.99282E-005 9.99282E-005 9.99282E-005 0.000173163 9.99282E-005 9.99282E-005 9.99282E-005 9.99282E-005 9.99282E-005
9.99461E-005 9.99461E-005 0.0722201 0.00171903 9.99461E-005 0.0032011 9.99461E-005 0.0361886 0.00536518 9.99461E-005 9.99461E-005 0.831607 0.0490996
9.99189E-005 9.99189E-005 9.99189E-005 9.99189E-005 9.99189E-005 9.99189E-005 9.99189E-005 0.0128634 9.99189E-005 0.0221312 9.99189E-005 0.0853021 0.878804
9.99192E-005 9.99192E-005 0.0406371 9.99192E-005 0.919493 0.00504114 9.99192E-005 9.99192E-005 0.0339296 9.99192E-005 9.99192E-005 9.99192E-005 9.99192E-005
9.99192E-005 9.99192E-005 9.99192E-005 9.99192E-005 0.882352 9.99192E-005 9.99192E-005 9.99192E-005 0.0226575 0.0605926 0.0334983 9.99192E-005 9.99192E-005
9.99008E-005 9.99008E-005 0.0893881 9.99008E-005 9.99008E-005 9.99008E-005 9.99008E-005 9.99008E-005 9.99008E-005 9.99008E-005 9.99008E-005 9.99008E-005 0.909513
9.99283E-005 0.0153758 0.938872 9.99283E-005 9.99283E-005 9.99283E-005 9.99283E-005 9.99283E-005 0.00345272 9.99283E-005 0.0133456 0.0281544 9.99283E-005
9.99014E-005 9.99014E-005 0.943721 9.99014E-005 9.99014E-005 9.99014E-005 0.0551802 9.99014E-005 9.99014E-005 9.99014E-005 9.99014E-005 9.99014E-005 9.99014E-005
9.99372E-005 9.99372E-005 0.880035 9.99372E-005 9.99372E-005 0.00147756 9.99372E-005 0.00974367 9.99372E-005 9.99372E-005 0.00810651 0.0748133 0.0251244
9.99193E-005 9.99193E-005 0.977667 9.99193E-005 9.99193E-005 0.007975 0.00915819 9.99193E-005 9.99193E-005 9.99193E-005 9.99193E-005 9.99193E-005 0.00430052
9.99192E-005 9.99192E-005 0.920126 9.99192E-005 9.99192E-005 0.00625292 9.99192E-005 9.99192E-005 0.027863 9.99192E-005 9.99192E-005 0.0448584 9.99192E-005
9.99282E-005 9.99282E-005 0.934183 9.99282E-005 0.042041 0.00467585 9.99282E-005 9.99282E-005 9.99282E-005 9.99282E-005 0.0145759 9.99282E-005 0.00372507
0.024626 9.99282E-005 0.915924 9.99282E-005 9.99282E-005 9.99282E-005 0.00474723 9.99282E-005 0.0269046 9.99282E-005 0.0269983 9.99282E-005 9.99282E-005
0.00561752 9.99193E-005 0.979622 9.99193E-005 9.99193E-005 9.99193E-005 0.0108735 0.00298748 9.99193E-005 9.99193E-005 9.99193E-005 9.99193E-005 9.99193E-005
9.99192E-005 0.0472889 0.88932 9.99192E-005 9.99192E-005 9.99192E-005 9.99192E-005 9.99192E-005 9.99192E-005 9.99192E-005 0.0281299 9.99192E-005 0.0343617
9.99103E-005 0.0189121 0.950712 9.99103E-005 9.99103E-005 9.99103E-005 9.99103E-005 9.99103E-005 9.99103E-005 9.99103E-005 0.0293766 9.99103E-005 9.99103E-005
9.99268E-005 9.99268E-005 0.95948 9.99268E-005 0.012395 9.99268E-005 0.0168455 9.99268E-005 9.99268E-005 9.99268E-005 9.99268E-005 0.0103801 9.99268E-005
9.99192E-005 0.0241969 0.939886 0.0225568 9.99192E-005 9.99192E-005 9.99192E-005 9.99192E-005 9.99192E-005 9.99192E-005 0.0124608 9.99192E-005 9.99192E-005
9.99102E-005 9.99102E-005 0.887592 0.0648161 9.99102E-005 9.99102E-005 9.99102E-005 9.99102E-005 9.99102E-005 9.99102E-005 9.99102E-005 0.0465928 9.99102E-005
9.99372E-005 9.99372E-005 0.905953 0.0113314 0.00942769 9.99372E-005 9.99372E-005 0.0394261 0.019786 9.99372E-005 9.99372E-005 9.99372E-005 0.0133767
9.99234E-005 9.99234E-005 0.885708 9.99234E-005 9.99234E-005 9.99234E-005 9.99234E-005 0.00143667 0.0675563 9.99234E-005 9.99234E-005 9.99234E-005 0.0443996
0.0943958 0.0953043 9.99372E-005 0.632696 9.99372E-005 9.99372E-005 9.99372E-005 0.0507621 9.99372E-005 0.0679766 0.0581659 9.99372E-005 9.99372E-005
9.99282E-005 9.99282E-005 0.00394667 0.772999 9.99282E-005 9.99282E-005 0.125483 0.00450846 9.99282E-005 0.0922634 9.99282E-005 9.99282E-005 9.99282E-005
9.99372E-005 9.99372E-005 9.99372E-005 0.587988 9.99372E-005 9.99372E-005 0.169212 0.0724185 9.99372E-005 0.154845 0.0135548 9.99372E-005 0.00128252
9.99013E-005 0.732878 9.99013E-005 9.99013E-005 9.99013E-005 9.99013E-005 0.266023 9.99013E-005 9.99013E-005 9.99013E-005 9.99013E-005 9.99013E-005 9.99013E-005
9.99192E-005 0.880984 9.99192E-005 9.99192E-005 9.99192E-005 9.99192E-005 0.101444 0.0148366 9.99192E-005 0.00183561 9.99192E-005 9.99192E-005 9.99192E-005
0.00420317 0.918088 9.99282E-005 0.0355444 9.99282E-005 9.99282E-005 0.0152519 9.99282E-005 0.0261132 9.99282E-005 9.99282E-005 9.99282E-005 9.99282E-005
9.99281E-005 0.367233 9.99281E-005 9.99281E-005 0.0227286 9.99281E-005 0.497142 0.0113565 9.99281E-005 9.99281E-005 9.99281E-005 0.100741 9.99281E-005
9.99103E-005 0.00714085 9.99103E-005 9.99103E-005 0.958894 9.99103E-005 9.99103E-005 9.99103E-005 9.99103E-005 9.99103E-005 9.99103E-005 0.0329662 9.99103E-005
9.99012E-005 9.99012E-005 9.99012E-005 9.99012E-005 0.976489 9.99012E-005 9.99012E-005 9.99012E-005 0.0224126 9.99012E-005 9.99012E-005 9.99012E-005 9.99012E-005
0.0174245 0.0517849 9.99193E-005 0.000237308 0.929654 9.99193E-005 9.99193E-005 9.99193E-005 9.99193E-005 9.99193E-005 9.99193E-005 9.99193E-005 9.99193E-005
0.0650276 0.0904939 9.99551E-005 0.771905 0.00384657 9.99551E-005 9.99551E-005 0.0323446 0.0107571 9.99551E-005 0.000473235 0.024652 9.99551E-005
0.00259499 0.0781658 9.99461E-005 0.885852 0.00587903 0.0131522 9.99461E-005 9.99461E-005 9.99461E-005 9.99461E-005 9.99461E-005 0.00905898 0.00469703
9.99461E-005 9.99461E-005 0.0565584 0.638227 0.0156444 9.99461E-005 0.0284021 9.99461E-005 9.99461E-005 0.00115492 0.00905187 0.250362 9.99461E-005
9.99461E-005 0.00742626 0.0195824 0.883338 0.0612462 0.0056635 0.00754612 9.99461E-005 9.99461E-005 9.99461E-005 9.99461E-005 9.99461E-005 0.014598
