9.99461E-005 0.899363 0.0105342 9.99461E-005 0.00217469 9.99461E-005 9.99461E-005 9.99461E-005 9.99461E-005 0.0255983 0.0430181 0.00292463 0.0157875
9.99012E-005 0.988145 9.99012E-005 9.99012E-005 9.99012E-005 9.99012E-005 9.99012E-005 9.99012E-005 9.99012E-005 9.99012E-005 9.99012E-005 9.99012E-005 0.0107558
9.99102E-005 0.850527 9.99102E-005 9.99102E-005 9.99102E-005 9.99102E-005 9.99102E-005 9.99102E-005 9.99102E-005 9.99102E-005 0.113444 9.99102E-005 0.0350295
0.00394452 0.695791 9.99462E-005 0.125103 9.99462E-005 0.00852441 9.99462E-005 9.99462E-005 0.0834203 0.0737729 9.99462E-005 9.99462E-005 0.00884428
9.99192E-005 0.85901 9.99192E-005 9.99192E-005 9.99192E-005 9.99192E-005 9.99192E-005 9.99192E-005 9.99192E-005 0.0715041 0.0472952 9.99192E-005 0.0212911
9.98922E-005 0.998801 9.98922E-005 9.98922E-005 9.98922E-005 9.98922E-005 9.98922E-005 9.98922E-005 9.98922E-005 9.98922E-005 9.98922E-005 9.98922E-005 9.98922E-005
9.99012E-005 0.998617 9.99012E-005 9.99012E-005 9.99012E-005 9.99012E-005 9.99012E-005 9.99012E-005 9.99012E-005 9.99012E-005 9.99012E-005 9.99012E-005 0.000283795
9.99371E-005 0.741418 0.0349147 0.0661199 9.99371E-005 9.99371E-005 9.99371E-005 9.99371E-005 0.082121 0.0530824 9.99371E-005 0.0216446 9.99371E-005
0.0737721 0.821065 9.99371E-005 0.0203117 9.99371E-005 0.00474578 9.99371E-005 0.0395734 0.0398321 9.99371E-005 9.99371E-005 9.99371E-005 9.99371E-005
0.103604 0.796198 9.99192E-005 9.99192E-005 9.99192E-005 9.99192E-005 9.99192E-005 0.0316331 0.0676659 9.99192E-005 9.99192E-005 9.99192E-005 9.99192E-005
9.99102E-005 0.858039 9.99102E-005 9.99102E-005 9.99102E-005 9.99102E-005 0.059782 0.0811801 9.99102E-005 9.99102E-005 9.99102E-005 9.99102E-005 9.99102E-005
9.99462E-005 0.562263 9.99462E-005 0.00891727 9.99462E-005 0.00541721 9.99462E-005 9.99462E-005 0.150625 0.157861 0.0509982 9.99462E-005 0.0633184
9.99551E-005 0.652621 9.99551E-005 0.0876345 0.027196 9.99551E-005 9.99551E-005 0.0207201 0.0106886 0.0617999 0.133077 9.99551E-005 0.00576323
9.996E-005 0.650291 0.019122 0.00122761 0.0213447 0.0158863 0.0361541 0.0146618 9.996E-005 0.10258 0.138332 9.996E-005 9.996E-005
0.0566221 0.412169 0.0194784 0.216388 9.99641E-005 0.00231942 9.99641E-005 0.0515727 0.101792 0.0939938 0.0452644 9.99641E-005 9.99641E-005
9.99462E-005 0.431585 0.00104609 0.12842 9.99462E-005 9.99462E-005 9.99462E-005 0.00304224 0.176959 0.0128161 0.245533 9.99462E-005 9.99462E-005
9.99372E-005 0.57228 9.99372E-005 0.0933204 9.99372E-005 9.99372E-005 9.99372E-005 9.99372E-005 0.119298 0.0979229 0.105522 0.0109581 9.99372E-005
9.99461E-005 0.473313 9.99461E-005 0.00505526 9.99461E-005 9.99461E-005 9.99461E-005 0.031443 0.103758 0.0857543 0.279569 0.0205084 9.99461E-005
9.99462E-005 0.0620042 9.99462E-005 0.00786941 9.99462E-005 9.99462E-005 0.0146352 9.99462E-005 0.278629 0.00527364 0.112911 9.99462E-005 0.518078
9.99193E-005 0.038132 9.99193E-005 9.99193E-005 9.99193E-005 9.99193E-005 9.99193E-005 9.99193E-005 0.867938 0.0376203 9.99193E-005 9.99193E-005 0.0554103
9.99103E-005 9.99103E-005 9.99103E-005 9.99103E-005 9.99103E-005 0.00280567 9.99103E-005 9.99103E-005 0.882755 9.99103E-005 9.99103E-005 9.99103E-005 0.113441
9.99282E-005 0.0480523 9.99282E-005 9.99282E-005 9.99282E-005 9.99282E-005 0.052839 9.99282E-005 0.634768 9.99282E-005 9.99282E-005 0.00406823 0.259473
9.99281E-005 9.99281E-005 9.99281E-005 9.99281E-005 9.99281E-005 0.0251074 0.0364245 0.0511118 0.839568 9.99281E-005 9.99281E-005 9.99281E-005 0.0469888
9.98919E-005 9.98919E-005 9.98919E-005 9.98919E-005 9.98919E-005 9.98919E-005 9.98919E-005 9.98919E-005 9.98919E-005 9.98919E-005 9.98919E-005 9.98919E-005 0.998801
9.98921E-005 9.98921E-005 9.98921E-005 9.98921E-005 9.98921E-005 9.98921E-005 9.98921E-005 9.98921E-005 9.98921E-005 9.98921E-005 9.98921E-005 9.98921E-005 0.998801
9.98922E-005 9.98922E-005 9.98922E-005 9.98922E-005 9.98922E-005 9.98922E-005 9.98922E-005 9.98922E-005 9.98922E-005 9.98922E-005 9.98922E-005 9.98922E-005 0.998801
9.99372E-005 9.99372E-005 9.99372E-005 0.0587127 0.0730143 9.99372E-005 9.99372E-005 9.99372E-005 0.693286 0.0849869 0.00722401 9.99372E-005 0.0820763
0.00105718 9.99191E-005 0.00683257 9.99191E-005 9.99191E-005 9.99191E-005 9.99191E-005 9.99191E-005 0.233719 9.99191E-005 9.99191E-005 9.99191E-005 0.757492
9.99192E-005 9.99192E-005 9.99192E-005 0.0502214 9.99192E-005 9.99192E-005 9.99192E-005 9.99192E-005 0.893583 9.99192E-005 0.0409432 9.99192E-005 0.0143534
9.98921E-005 9.98921E-005 9.98921E-005 9.98921E-005 9.98921E-005 9.98921E-005 9.98921E-005 9.98921E-005 9.98921E-005 9.98921E-005 9.98921E-005 9.98921E-005 0.998801
0.0162786 0.0689699 9.99282E-005 0.0108185 9.99282E-005 9.99282E-005 9.99282E-005 9.99282E-005 0.741997 9.99282E-005 9.99282E-005 9.99282E-005 0.161136
9.99012E-005 9.99012E-005 9.99012E-005 9.99012E-005 9.99012E-005 9.99012E-005 9.99012E-005 0.0143388 9.99012E-005 9.99012E-005 9.99012E-005 9.99012E-005 0.984562
9.99192E-005 9.99192E-005 9.99192E-005 9.99192E-005 9.99192E-005 9.99192E-005 9.99192E-005 9.99192E-005 0.778241 0.00514336 0.106037 9.99192E-005 0.10968
0.0484639 9.99103E-005 9.99103E-005 9.99103E-005 9.99103E-005 9.99103E-005 9.99103E-005 9.99103E-005 0.694379 9.99103E-005 9.99103E-005 9.99103E-005 0.256158
9.99372E-005 9.99372E-005 0.00159752 9.99372E-005 9.99372E-005 0.0796948 9.99372E-005 9.99372E-005 0.698579 0.0374061 0.0190417 9.99372E-005 0.162981
9.99192E-005 0.0334378 0.00360948 9.99192E-005 9.99192E-005 9.99192E-005 9.99192E-005 9.99192E-005 0.824222 9.99192E-005 9.99192E-005 9.99192E-005 0.137831
0.0199849 0.0496485 9.99462E-005 0.0391456 9.99462E-005 9.99462E-005 0.0301948 9.99462E-005 0.742526 9.99462E-005 9.99462E-005 0.0109861 0.106914
0.0202323 0.077634 0.00826592 9.99462E-005 9.99462E-005 9.99462E-005 0.0331905 9.99462E-005 0.0788119 0.689341 0.0919243 9.99462E-005 9.99462E-005
9.99012E-005 9.99012E-005 9.99012E-005 9.99012E-005 9.99012E-005 9.99012E-005 9.99012E-005 0.00475949 9.99012E-005 0.994142 9.99012E-005 9.99012E-005 9.99012E-005
0.0163035 9.99372E-005 0.0297869 9.99372E-005 9.99372E-005 9.99372E-005 0.0268077 9.99372E-005 9.99372E-005 0.798303 0.113564 9.99372E-005 0.0145357
9.99282E-005 9.99282E-005 9.99282E-005 9.99282E-005 9.99282E-005 0.00971758 9.99282E-005 0.00741917 9.99282E-005 0.853445 0.122456 0.00616246 9.99282E-005
9.99372E-005 9.99372E-005 0.0380738 0.00491068 9.99372E-005 9.99372E-005 9.99372E-005 9.99372E-005 9.99372E-005 0.774914 0.165921 0.00611264 0.00936865
9.99102E-005 9.99102E-005 9.99102E-005 0.0236088 9.99102E-005 9.99102E-005 9.99102E-005 9.99102E-005 9.99102E-005 0.935894 0.0394977 9.99102E-005 9.99102E-005
9.99013E-005 9.99013E-005 9.99013E-005 9.99013E-005 9.99013E-005 9.99013E-005 9.99013E-005 9.99013E-005 9.99013E-005 0.768377 0.230524 9.99013E-005 9.99013E-005
9.99461E-005 9.99461E-005 9.99461E-005 0.0506009 9.99461E-005 9.99461E-005 0.0204474 9.99461E-005 0.0244595 0.847767 0.0475608 0.000781857 0.00778272
0.00318863 9.99192E-005 9.99192E-005 9.99192E-005 9.99192E-005 9.99192E-005 9.99192E-005 9.99192E-005 9.99192E-005 0.945186 0.04597 9.99192E-005 0.00475624
0.148457 0.0668181 9.99372E-005 0.619506 9.99372E-005 9.99372E-005 9.99372E-005 9.99372E-005 9.99372E-005 0.0623713 0.0539713 9.99372E-005 0.0481775
9.98901E-005 9.98901E-005 9.98901E-005 9.98901E-005 9.98901E-005 9.98901E-005 9.98901E-005 9.98901E-005 9.98901E-005 9.98901E-005 9.98901E-005 0.998801 9.98901E-005
9.99102E-005 9.99102E-005 9.99102E-005 9.99102E-005 9.99102E-005 9.99102E-005 9.99102E-005 0.967406 9.99102E-005 0.0115501 9.99102E-005 0.020045 9.99102E-005
0.0115567 9.99282E-005 0.00935142 0.867147 9.99282E-005 9.99282E-005 0.0195172 9.99282E-005 9.99282E-005 9.99282E-005 0.0916283 9.99282E-005 9.99282E-005
9.9901E-005 9.9901E-005 9.9901E-005 0.257333 9.9901E-005 9.9901E-005 9.9901E-005 0.741568 9.9901E-005 9.9901E-005 9.9901E-005 9.9901E-005 9.9901E-005
9.99013E-005 9.99013E-005 9.99013E-005 0.979979 9.99013E-005 9.99013E-005 9.99013E-005 9.99013E-005 9.99013E-005 9.99013E-005 9.99013E-005 9.99013E-005 0.0189224
9.99282E-005 9.99282E-005 0.0200438 0.741258 9.99282E-005 0.105369 9.99282E-005 9.99282E-005 0.119097 0.0134336 9.99282E-005 9.99282E-005 9.99282E-005
9.99461E-005 0.0383506 9.99461E-005 0.715114 0.0311865 9.99461E-005 0.0421849 9.99461E-005 9.99461E-005 0.125982 9.99461E-005 0.014797 0.0317853
9.99193E-005 0.0539989 9.99193E-005 0.847271 0.097558 9.99193E-005 9.99193E-005 0.00027292 9.99193E-005 9.99193E-005 9.99193E-005 9.99193E-005 9.99193E-005
9.99193E-005 0.0194597 9.99193E-005 0.968879 9.99193E-005 9.99193E-005 0.0082418 9.99193E-005 9.99193E-005 0.00251987 9.99193E-005 9.99193E-005 9.99193E-005
0.0203785 9.9946E-005 0.0447988 0.717593 0.0123435 9.9946E-005 0.0508842 9.9946E-005 9.9946E-005 9.9946E-005 0.0875271 9.9946E-005 0.065875
9.99282E-005 0.0863172 0.00670228 0.845064 0.052242 9.99282E-005 9.99282E-005 0.00887501 9.99282E-005 9.99282E-005 9.99282E-005 9.99282E-005 9.99282E-005
9.99012E-005 9.99012E-005 9.99012E-005 0.913441 9.99012E-005 9.99012E-005 0.0854604 9.99012E-005 9.99012E-005 9.99012E-005 9.99012E-005 9.99012E-005 9.99012E-005
0.0018198 9.99192E-005 9.99192E-005 0.915834 9.99192E-005 0.062009 9.99192E-005 9.99192E-005 0.0194377 9.99192E-005 9.99192E-005 9.99192E-005 9.99192E-005
0.00192395 9.99372E-005 0.210963 0.442194 0.0792804 0.0584621 9.99372E-005 9.99372E-005 0.206477 9.99372E-005 9.99372E-005 9.99372E-005 9.99372E-005
0.0709254 9.99372E-005 0.258046 0.427572 9.99372E-005 9.99372E-005 9.99372E-005 0.00584996 0.234388 9.99372E-005 0.00251924 9.99372E-005 9.99372E-005
0.0405308 0.00204716 0.212313 0.454905 0.0820497 9.99641E-005 9.99641E-005 9.99641E-005 0.151328 0.0172219 0.0294223 0.00978278 9.99641E-005
9.99551E-005 0.0418171 0.512997 0.0333198 0.361517 9.99551E-005 9.99551E-005 0.0118889 0.0264027 9.99551E-005 0.00301213 9.99551E-005 0.00854557
9.99281E-005 9.99281E-005 0.407091 0.0435167 0.466249 9.99281E-005 9.99281E-005 9.99281E-005 9.99281E-005 9.99281E-005 0.0375482 9.99281E-005 0.0447957
0.00199278 9.99014E-005 0.996908 9.99014E-005 9.99014E-005 9.99014E-005 9.99014E-005 9.99014E-005 9.99014E-005 9.99014E-005 9.99014E-005 9.99014E-005 9.99014E-005
9.98921E-005 9.98921E-005 0.998801 9.98921E-005 9.98921E-005 9.98921E-005 9.98921E-005 9.98921E-005 9.98921E-005 9.98921E-005 9.98921E-005 9.98921E-005 9.98921E-005
9.99282E-005 9.99282E-005 0.514281 0.0686834 0.292121 9.99282E-005 9.99282E-005 9.99282E-005 0.122329 0.00178535 9.99282E-005 9.99282E-005 9.99282E-005
0.023713 9.99461E-005 0.525207 0.140419 0.202649 0.0418898 0.0507815 9.99461E-005 0.014741 9.99461E-005 9.99461E-005 9.99461E-005 9.99461E-005
9.99012E-005 9.99012E-005 0.972483 9.99012E-005 9.99012E-005 9.99012E-005 9.99012E-005 9.99012E-005 9.99012E-005 9.99012E-005 0.0264181 9.99012E-005 9.99012E-005
9.98922E-005 9.98922E-005 0.998801 9.98922E-005 9.98922E-005 9.98922E-005 9.98922E-005 9.98922E-005 9.98922E-005 9.98922E-005 9.98922E-005 9.98922E-005 9.98922E-005
9.99281E-005 9.99281E-005 0.456326 0.0532938 0.312591 9.99281E-005 9.99281E-005 9.99281E-005 0.173963 9.99281E-005 9.99281E-005 0.00302703 9.99281E-005
9.98923E-005 9.98923E-005 0.998801 9.98923E-005 9.98923E-005 9.98923E-005 9.98923E-005 9.98923E-005 9.98923E-005 9.98923E-005 9.98923E-005 9.98923E-005 9.98923E-005
9.99011E-005 9.99011E-005 0.992866 9.99011E-005 9.99011E-005 9.99011E-005 9.99011E-005 9.99011E-005 9.99011E-005 9.99011E-005 9.99011E-005 0.00603515 9.99011E-005
0.0150169 9.99102E-005 0.981533 9.99102E-005 9.99102E-005 9.99102E-005 9.99102E-005 0.00245109 9.99102E-005 9.99102E-005 9.99102E-005 9.99102E-005 9.99102E-005
9.99012E-005 9.99012E-005 0.959301 9.99012E-005 0.0396001 9.99012E-005 9.99012E-005 9.99012E-005 9.99012E-005 9.99012E-005 9.99012E-005 9.99012E-005 9.99012E-005
9.99101E-005 9.99101E-005 0.958684 9.99101E-005 9.99101E-005 9.99101E-005 0.0158454 9.99101E-005 9.99101E-005 9.99101E-005 9.99101E-005 9.99101E-005 0.0244711
9.99103E-005 9.99103E-005 9.99103E-005 9.99103E-005 9.99103E-005 9.99103E-005 0.0117028 9.99103E-005 0.936511 9.99103E-005 0.0507876 9.99103E-005 9.99103E-005
9.99371E-005 0.0270182 9.99371E-005 9.99371E-005 0.0120991 9.99371E-005 9.99371E-005 0.00424135 9.99371E-005 0.838776 0.102243 9.99371E-005 0.0149224
9.99102E-005 9.99102E-005 9.99102E-005 9.99102E-005 0.00871045 9.99102E-005 9.99102E-005 9.99102E-005 9.99102E-005 0.946905 9.99102E-005 9.99102E-005 0.0433853
0.569131 9.99191E-005 0.00116191 9.99191E-005 0.420321 0.00848686 9.99191E-005 9.99191E-005 9.99191E-005 9.99191E-005 9.99191E-005 9.99191E-005 9.99191E-005
0.310415 9.99282E-005 0.014699 9.99282E-005 0.510231 0.157994 9.99282E-005 0.00586208 9.99282E-005 9.99282E-005 9.99282E-005 9.99282E-005 9.99282E-005
9.99011E-005 9.99011E-005 9.99011E-005 9.99011E-005 0.974792 0.0241089 9.99011E-005 9.99011E-005 9.99011E-005 9.99011E-005 9.99011E-005 9.99011E-005 9.99011E-005
0.998801 9.98923E-005 9.98923E-005 9.98923E-005 9.98923E-005 9.98923E-005 9.98923E-005 9.98923E-005 9.98923E-005 9.98923E-005 9.98923E-005 9.98923E-005 9.98923E-005
0.329761 9.99372E-005 0.012987 0.0232204 0.000507254 0.0701616 0.562663 9.99372E-005 9.99372E-005 9.99372E-005 9.99372E-005 9.99372E-005 9.99372E-005
0.292773 9.99191E-005 9.99191E-005 9.99191E-005 0.50423 0.138226 0.0638712 9.99191E-005 9.99191E-005 9.99191E-005 9.99191E-005 9.99191E-005 9.99191E-005
0.138632 9.99282E-005 9.99282E-005 9.99282E-005 0.545262 0.162601 0.128893 9.99282E-005 9.99282E-005 9.99282E-005 9.99282E-005 9.99282E-005 0.0238117
0.410769 9.99372E-005 0.00129149 0.0571713 0.166708 0.0743867 0.288974 9.99372E-005 9.99372E-005 9.99372E-005 9.99372E-005 9.99372E-005 9.99372E-005
0.75233 9.99372E-005 9.99372E-005 9.99372E-005 0.0485779 0.101414 0.0641605 9.99372E-005 0.0290066 9.99372E-005 9.99372E-005 0.00381088 9.99372E-005
0.998801 9.98922E-005 9.98922E-005 9.98922E-005 9.98922E-005 9.98922E-005 9.98922E-005 9.98922E-005 9.98922E-005 9.98922E-005 9.98922E-005 9.98922E-005 9.98922E-005
0.998801 9.98922E-005 9.98922E-005 9.98922E-005 9.98922E-005 9.98922E-005 9.98922E-005 9.98922E-005 9.98922E-005 9.98922E-005 9.98922E-005 9.98922E-005 9.98922E-005
0.228522 9.99282E-005 9.99282E-005 9.99282E-005 0.712113 9.99282E-005 0.0319667 0.025063 9.99282E-005 9.99282E-005 9.99282E-005 0.00153548 9.99282E-005
0.499594 9.99102E-005 9.99102E-005 9.99102E-005 0.393684 0.105723 9.99102E-005 9.99102E-005 9.99102E-005 9.99102E-005 9.99102E-005 9.99102E-005 9.99102E-005
0.490761 9.99281E-005 0.00523586 9.99281E-005 0.357167 0.0340191 0.112017 9.99281E-005 9.99281E-005 9.99281E-005 9.99281E-005 9.99281E-005 9.99281E-005
0.826091 9.99102E-005 9.99102E-005 9.99102E-005 9.99102E-005 9.99102E-005 0.159092 0.0138185 9.99102E-005 9.99102E-005 9.99102E-005 9.99102E-005 9.99102E-005
0.401261 9.99461E-005 9.99461E-005 9.99461E-005 0.217294 0.20848 0.0984317 0.0493394 9.99461E-005 9.99461E-005 0.0227531 9.99461E-005 0.00184144
9.98921E-005 9.98921E-005 9.98921E-005 9.98921E-005 0.998801 9.98921E-005 9.98921E-005 9.98921E-005 9.98921E-005 9.98921E-005 9.98921E-005 9.98921E-005 9.98921E-005
0.241361 9.99282E-005 9.99282E-005 9.99282E-005 0.589912 0.104599 0.0607714 9.99282E-005 9.99282E-005 0.00255728 9.99282E-005 9.99282E-005 9.99282E-005
0.23884 9.99102E-005 9.99102E-005 9.99102E-005 0.723498 9.99102E-005 0.0366635 9.99102E-005 9.99102E-005 9.99102E-005 9.99102E-005 9.99102E-005 9.99102E-005
0.0370806 9.99371E-005 9.99371E-005 9.99371E-005 0.46099 0.14822 0.289661 9.99371E-005 0.050593 9.99371E-005 9.99371E-005 0.0127564 9.99371E-005
0.221978 9.99371E-005 0.00811366 9.99371E-005 0.346211 0.0304864 0.389477 9.99371E-005 0.00303471 9.99371E-005 9.99371E-005 9.99371E-005 9.99371E-005
0.940463 9.99192E-005 0.0265081 9.99192E-005 9.99192E-005 9.99192E-005 9.99192E-005 0.0319002 9.99192E-005 9.99192E-005 0.0002295 9.99192E-005 9.99192E-005
0.172378 9.99281E-005 9.99281E-005 9.99281E-005 0.0357627 0.0784991 0.677154 0.0354067 9.99281E-005 9.99281E-005 9.99281E-005 9.99281E-005 9.99281E-005
0.211064 9.99281E-005 9.99281E-005 0.0618759 0.675963 9.99281E-005 0.0408243 9.99281E-005 9.99281E-005 9.99281E-005 9.99281E-005 0.00947263 9.99281E-005
0.483114 9.99192E-005 9.99192E-005 9.99192E-005 0.253548 0.062505 0.199934 9.99192E-005 9.99192E-005 9.99192E-005 9.99192E-005 9.99192E-005 9.99192E-005
0.577536 0.00617628 9.99461E-005 9.99461E-005 0.330895 0.0345163 0.0107203 0.0259674 9.99461E-005 9.99461E-005 9.99461E-005 9.99461E-005 0.0135886
9.99281E-005 9.99281E-005 0.485555 0.0287327 0.366371 9.99281E-005 9.99281E-005 9.99281E-005 0.0706735 9.99281E-005 0.0478682 9.99281E-005 9.99281E-005
9.99281E-005 9.99281E-005 0.257875 0.0726015 0.275235 9.99281E-005 9.99281E-005 0.0218428 0.371647 9.99281E-005 9.99281E-005 9.99281E-005 9.99281E-005
0.128663 9.99462E-005 0.365973 0.121075 0.22127 0.0662496 9.99462E-005 9.99462E-005 0.0746868 9.99462E-005 9.99462E-005 9.99462E-005 0.021482
9.99282E-005 9.99282E-005 0.0315893 9.99282E-005 9.99282E-005 9.99282E-005 9.99282E-005 9.99282E-005 0.106268 0.0250967 0.826815 0.0094316 9.99282E-005
9.98919E-005 9.98919E-005 9.98919E-005 9.98919E-005 9.98919E-005 9.98919E-005 9.98919E-005 9.98919E-005 9.98919E-005 9.98919E-005 0.998801 9.98919E-005 9.98919E-005
9.99013E-005 9.99013E-005 9.99013E-005 0.0595685 9.99013E-005 9.99013E-005 9.99013E-005 9.99013E-005 9.99013E-005 9.99013E-005 0.939333 9.99013E-005 9.99013E-005
9.99011E-005 9.99011E-005 9.99011E-005 9.99011E-005 9.99011E-005 9.99011E-005 9.99011E-005 9.99011E-005 9.99011E-005 9.99011E-005 0.99764 9.99011E-005 0.00126103
9.99013E-005 9.99013E-005 9.99013E-005 9.99013E-005 9.99013E-005 9.99013E-005 9.99013E-005 9.99013E-005 9.99013E-005 0.0640237 0.934877 9.99013E-005 9.99013E-005
9.98923E-005 9.98923E-005 9.98923E-005 9.98923E-005 9.98923E-005 9.98923E-005 9.98923E-005 9.98923E-005 9.98923E-005 9.98923E-005 0.998801 9.98923E-005 9.98923E-005
9.99551E-005 0.0716941 0.0278017 0.0223826 9.99551E-005 9.99551E-005 9.99551E-005 9.99551E-005 0.0831187 0.19331 0.526922 0.0247174 0.0495536
9.99192E-005 9.99192E-005 9.99192E-005 9.99192E-005 9.99192E-005 9.99192E-005 9.99192E-005 0.00829872 9.99192E-005 0.979771 9.99192E-005 0.0034731 0.00755814
9.98923E-005 9.98923E-005 9.98923E-005 9.98923E-005 9.98923E-005 9.98923E-005 9.98923E-005 9.98923E-005 9.98923E-005 0.998801 9.98923E-005 9.98923E-005 9.98923E-005
9.99551E-005 0.0212642 0.0332317 9.99551E-005 9.99551E-005 0.00120028 0.0207009 9.99551E-005 9.99551E-005 0.844548 0.00729788 0.0127331 0.0585237
0.0676009 9.99462E-005 9.99462E-005 9.99462E-005 9.99462E-005 0.412274 0.0335503 9.99462E-005 0.292625 0.0184924 0.160034 9.99462E-005 0.0148243
9.9964E-005 0.45221 9.9964E-005 0.0696852 9.9964E-005 0.105619 9.9964E-005 0.069745 0.173519 0.00754797 0.0786304 0.00203427 0.0406098
9.991E-005 0.0994859 9.991E-005 9.991E-005 9.991E-005 9.991E-005 9.991E-005 0.889271 9.991E-005 9.991E-005 9.991E-005 9.991E-005 0.0102443
0.109044 9.99461E-005 0.150976 0.579694 0.107243 9.99461E-005 9.99461E-005 9.99461E-005 0.0232153 9.99461E-005 9.99461E-005 0.00646273 0.0227647
9.99282E-005 0.0791536 0.23201 0.513512 0.0793346 9.99282E-005 9.99282E-005 9.99282E-005 0.0951909 9.99282E-005 9.99282E-005 9.99282E-005 9.99282E-005
9.99189E-005 9.99189E-005 9.99189E-005 9.99189E-005 0.0408992 0.00492825 0.0407025 0.912571 9.99189E-005 9.99189E-005 9.99189E-005 9.99189E-005 9.99189E-005
0.22173 9.99192E-005 9.99192E-005 9.99192E-005 0.610876 9.99192E-005 0.163122 9.99192E-005 9.99192E-005 9.99192E-005 0.00337239 9.99192E-005 9.99192E-005
9.99012E-005 9.99012E-005 9.99012E-005 9.99012E-005 0.000113894 9.99012E-005 0.998787 9.99012E-005 9.99012E-005 9.99012E-005 9.99012E-005 9.99012E-005 9.99012E-005
0.187224 0.0102072 9.99551E-005 9.99551E-005 0.571385 0.0968801 0.103414 0.0150798 9.99551E-005 9.99551E-005 9.99551E-005 0.00599742 0.00931269
9.98918E-005 9.98918E-005 9.98918E-005 9.98918E-005 9.98918E-005 9.98918E-005 0.998801 9.98918E-005 9.98918E-005 9.98918E-005 9.98918E-005 9.98918E-005 9.98918E-005
0.907482 9.99101E-005 9.99101E-005 9.99101E-005 9.99101E-005 0.0815566 9.99101E-005 9.99101E-005 9.99101E-005 9.99101E-005 9.99101E-005 0.00996269 9.99101E-005
0.490599 9.99192E-005 9.99192E-005 9.99192E-005 0.368926 0.0720054 0.0675703 9.99192E-005 9.99192E-005 9.99192E-005 9.99192E-005 9.99192E-005 9.99192E-005
0.262614 9.99191E-005 9.99191E-005 9.99191E-005 0.647303 0.0772312 9.99191E-005 9.99191E-005 9.99191E-005 9.99191E-005 0.0119521 9.99191E-005 9.99191E-005
9.98919E-005 9.98919E-005 9.98919E-005 9.98919E-005 9.98919E-005 9.98919E-005 0.998801 9.98919E-005 9.98919E-005 9.98919E-005 9.98919E-005 9.98919E-005 9.98919E-005
0.390202 9.99371E-005 9.99371E-005 9.99371E-005 0.400788 0.0886966 0.093303 0.000108468 9.99371E-005 0.0262022 9.99371E-005 9.99371E-005 9.99371E-005
0.581815 9.99192E-005 0.0281934 9.99192E-005 0.261413 9.99192E-005 0.127679 9.99192E-005 9.99192E-005 9.99192E-005 9.99192E-005 9.99192E-005 9.99192E-005
9.9892E-005 9.9892E-005 9.9892E-005 9.9892E-005 9.9892E-005 0.998801 9.9892E-005 9.9892E-005 9.9892E-005 9.9892E-005 9.9892E-005 9.9892E-005 9.9892E-005
9.98919E-005 9.98919E-005 9.98919E-005 9.98919E-005 9.98919E-005 0.998801 9.98919E-005 9.98919E-005 9.98919E-005 9.98919E-005 9.98919E-005 9.98919E-005 9.98919E-005
9.98921E-005 9.98921E-005 9.98921E-005 9.98921E-005 9.98921E-005 0.998801 9.98921E-005 9.98921E-005 9.98921E-005 9.98921E-005 9.98921E-005 9.98921E-005 9.98921E-005
0.443135 9.99371E-005 9.99371E-005 9.99371E-005 0.431364 0.0387916 0.0692633 0.000737471 9.99371E-005 9.99371E-005 9.99371E-005 9.99371E-005 0.0160085
0.223361 9.99371E-005 9.99371E-005 0.0258896 0.218614 0.216972 0.258134 0.0563308 9.99371E-005 9.99371E-005 9.99371E-005 9.99371E-005 9.99371E-005
9.99462E-005 0.0454193 0.030589 9.99462E-005 9.99462E-005 9.99462E-005 0.0469645 9.99462E-005 0.617608 0.019392 0.174512 9.99462E-005 0.0649154
9.99371E-005 0.103699 9.99371E-005 9.99371E-005 0.0219261 9.99371E-005 9.99371E-005 9.99371E-005 0.814103 0.0247362 0.0104749 9.99371E-005 0.0243611
9.99372E-005 0.163142 0.00657281 9.99372E-005 0.0298037 9.99372E-005 9.99372E-005 9.99372E-005 0.612835 0.0865208 9.99372E-005 9.99372E-005 0.100426
9.99013E-005 9.99013E-005 9.99013E-005 9.99013E-005 0.0267539 9.99013E-005 9.99013E-005 9.99013E-005 9.99013E-005 0.972147 9.99013E-005 9.99013E-005 9.99013E-005
9.99103E-005 9.99103E-005 9.99103E-005 0.015061 9.99103E-005 9.99103E-005 9.99103E-005 9.99103E-005 9.99103E-005 0.955289 9.99103E-005 9.99103E-005 0.0286505
9.99104E-005 9.99104E-005 9.99104E-005 0.0575779 9.99104E-005 9.99104E-005 9.99104E-005 9.99104E-005 0.0369172 0.904506 9.99104E-005 9.99104E-005 9.99104E-005
9.99192E-005 9.99192E-005 9.99192E-005 0.0504192 9.99192E-005 9.99192E-005 9.99192E-005 9.99192E-005 9.99192E-005 0.840683 0.0740331 9.99192E-005 0.0339654
0.0914673 9.99283E-005 0.177685 0.626481 9.99283E-005 9.99283E-005 9.99283E-005 0.00565108 0.097916 9.99283E-005 9.99283E-005 9.99283E-005 9.99283E-005
9.99461E-005 9.99461E-005 0.198016 0.606479 0.00309271 9.99461E-005 0.0770233 9.99461E-005 0.0127721 9.99461E-005 0.0667403 9.99461E-005 0.0352762
9.99462E-005 9.99462E-005 0.209829 0.383359 0.126406 0.00183067 9.99462E-005 0.0337224 0.165906 9.99462E-005 0.0783465 9.99462E-005 9.99462E-005
0.0158481 0.00977672 9.99641E-005 0.00258352 9.99641E-005 0.0205089 9.99641E-005 9.99641E-005 0.791571 0.00996655 0.0896247 0.00530998 0.0544109
9.99193E-005 9.99193E-005 9.99193E-005 9.99193E-005 0.0275692 9.99193E-005 9.99193E-005 9.99193E-005 0.944678 9.99193E-005 0.0189189 0.00793426 9.99193E-005
0.103436 0.116061 0.0112412 9.99461E-005 9.99461E-005 0.0264378 9.99461E-005 9.99461E-005 0.664712 9.99461E-005 0.0662574 9.99461E-005 0.011255
0.0746899 9.99192E-005 9.99192E-005 9.99192E-005 9.99192E-005 9.99192E-005 9.99192E-005 0.0229515 0.896374 9.99192E-005 9.99192E-005 0.00508524 9.99192E-005
