0.17663 0.103769 0.719501 9.9991E-005
0.197862 0.0762655 0.725773 9.9991E-005
0.208944 0.0574041 0.733552 9.9991E-005
0.182536 0.0937197 0.707357 0.0163871
0.170072 0.0458746 0.783954 9.9991E-005
0.185392 0.0437294 0.770778 9.9991E-005
0.236888 0.0514645 0.711548 9.9991E-005
0.119604 0.160259 0.720038 9.9991E-005
0.165399 0.107717 0.637721 0.0891635
0.148207 0.0425039 0.688793 0.120497
0.108138 0.0495712 0.727421 0.11487
0.24401 0.0937969 0.662094 9.9991E-005
0.181532 0.113158 0.687467 0.0178422
0.0889013 0.114847 0.748165 0.0480865
0.168727 0.143429 0.578442 0.109401
0.179217 0.129447 0.691235 9.9991E-005
0.209246 0.0554231 0.735231 9.9991E-005
0.15447 0.0764652 0.768965 9.9991E-005
0.741518 0.0138641 0.231608 0.01301
0.494917 0.0357682 0.442347 0.0269675
0.563288 9.9991E-005 0.404735 0.0318771
0.620681 9.9991E-005 0.306779 0.0724398
0.540691 0.00753418 0.31244 0.139334
0.9997 9.998E-005 9.998E-005 9.998E-005
0.9997 9.998E-005 9.998E-005 9.998E-005
0.9997 9.998E-005 9.998E-005 9.998E-005
0.439078 0.0533975 0.409704 0.0978204
0.967587 0.0199739 0.0123387 9.9991E-005
0.517389 0.0920109 0.3905 9.9991E-005
0.9997 9.998E-005 9.998E-005 9.998E-005
0.569764 0.0774995 0.333598 0.0191381
0.9997 9.998E-005 9.998E-005 9.998E-005
0.513002 0.0293678 0.436813 0.0208177
0.663438 0.053061 0.2526 0.0309013
0.534316 0.0408273 0.336611 0.0882455
0.582603 0.0663394 0.350958 9.9991E-005
0.509175 0.060438 0.346358 0.0840283
0.0635881 0.00602121 0.869552 0.060839
0.0222301 9.9982E-005 0.97757 9.9982E-005
0.0793181 0.0328634 0.857782 0.0300366
9.9982E-005 9.9982E-005 0.985769 0.0140306
0.0797398 0.00934275 0.910817 9.9991E-005
0.0363174 9.9982E-005 0.963483 9.9982E-005
0.0321181 9.9982E-005 0.967682 9.9982E-005
0.100932 9.9991E-005 0.889059 0.0099081
0.0394869 9.9982E-005 0.960313 9.9982E-005
0.134452 0.118841 0.413107 0.3336
0.421733 9.99914E-005 0.406065 0.172102
0.164499 9.99911E-005 0.308824 0.526576
0.0574894 0.233832 0.408465 0.300213
0.0965317 0.0717083 0.24766 0.5841
0.134409 0.232896 0.348258 0.284437
0.133081 0.231068 0.334993 0.300859
0.121572 0.170375 0.419887 0.288166
0.0967441 0.188741 0.360146 0.354369
0.0606731 0.175055 0.463108 0.301164
0.147426 0.242039 0.322294 0.28824
0.075799 0.263875 0.39805 0.262276
0.121431 0.21819 0.279133 0.381246
0.145568 0.219665 0.307747 0.327021
0.141863 0.401025 0.215715 0.241396
0.140874 0.406661 0.254586 0.197879
0.111563 0.391105 0.27776 0.219572
0.0776367 0.662755 9.9991E-005 0.259508
0.0707294 0.540349 9.9991E-005 0.388822
9.998E-005 0.9997 9.998E-005 9.998E-005
9.998E-005 0.9997 9.998E-005 9.998E-005
0.0582784 0.648801 0.0595409 0.233379
0.0416723 0.632042 9.9991E-005 0.326186
9.998E-005 0.9997 9.998E-005 9.998E-005
9.998E-005 0.9997 9.998E-005 9.998E-005
0.0890953 0.631409 0.0592218 0.220274
9.998E-005 0.9997 9.998E-005 9.998E-005
9.998E-005 0.9997 9.998E-005 9.998E-005
9.998E-005 0.9997 9.998E-005 9.998E-005
9.998E-005 0.9997 9.998E-005 9.998E-005
0.0242682 0.975532 9.9982E-005 9.9982E-005
0.44147 0.0247746 0.477223 0.0565329
0.0691245 9.9982E-005 0.930676 9.9982E-005
0.091753 9.9982E-005 0.908047 9.9982E-005
9.9982E-005 0.0292765 9.9982E-005 0.970524
9.9982E-005 0.056928 9.9982E-005 0.942872
9.9982E-005 0.0355755 9.9982E-005 0.964225
9.998E-005 9.998E-005 9.998E-005 0.9997
9.99821E-005 0.0193992 9.99821E-005 0.980401
0.0259173 9.9982E-005 9.9982E-005 0.973883
0.0463586 0.0152031 9.9991E-005 0.938338
9.9991E-005 0.0323951 0.0055518 0.961953
0.0423154 9.9991E-005 0.00141768 0.956167
9.9982E-005 9.9982E-005 0.0103272 0.989473
0.00120952 9.99821E-005 9.99821E-005 0.998591
0.0246726 0.0281386 9.9991E-005 0.947089
0.000765617 0.00437131 9.9991E-005 0.994763
9.9982E-005 0.0319025 9.9982E-005 0.967898
9.9982E-005 0.00300761 9.9982E-005 0.996792
0.0568349 9.9991E-005 0.00019797 0.942867
9.9982E-005 0.0760674 9.9982E-005 0.923733
9.9982E-005 9.9982E-005 0.0150001 0.9848
9.9982E-005 0.0133348 9.9982E-005 0.986465
0.0481525 0.0294163 9.9991E-005 0.922331
9.9982E-005 0.0178398 9.9982E-005 0.98196
0.00345444 0.0264273 0.0394589 0.930659
9.9982E-005 0.010849 9.9982E-005 0.988951
0.0444725 0.0278085 9.9991E-005 0.927619
9.9982E-005 0.0195599 9.9982E-005 0.98024
0.0517821 9.9982E-005 9.9982E-005 0.948018
0.0639934 0.641845 0.0113075 0.282855
0.215405 0.419503 0.110828 0.254264
0.084624 0.455613 0.0550353 0.404727
0.110679 0.0939306 0.79529 9.9991E-005
0.0561033 9.9991E-005 0.909318 0.0344791
0.0722602 0.0573673 0.868348 0.00202495
0.134589 0.0430311 0.82228 9.9991E-005
0.0560467 0.0305899 0.913263 9.9991E-005
0.094654 9.99821E-005 0.905146 9.99821E-005
0.193727 0.078338 0.727835 9.9991E-005
0.0582413 9.9982E-005 0.941559 9.9982E-005
0.0318232 9.9982E-005 0.967977 9.9982E-005
0.126514 0.0118631 0.859395 0.00222825
0.20212 9.9991E-005 0.286531 0.511249
0.243599 0.0508941 0.556521 0.148986
0.20686 0.0748664 0.290772 0.427502
0.113662 0.339258 0.191437 0.355642
0.114774 0.465515 0.238777 0.180934
9.99822E-005 0.0325879 9.99822E-005 0.967212
9.99821E-005 0.0286418 9.99821E-005 0.971158
9.99821E-005 9.99821E-005 0.0131732 0.986627
0.0364132 9.9991E-005 0.0113311 0.952156
9.998E-005 9.998E-005 9.998E-005 0.9997
0.0085466 9.9982E-005 9.9982E-005 0.991253
9.9982E-005 0.029887 9.9982E-005 0.969913
9.9991E-005 0.0439806 0.01043 0.945489
9.998E-005 9.998E-005 9.998E-005 0.9997
9.9991E-005 0.0217003 0.0136288 0.964571
9.9982E-005 0.0577274 9.9982E-005 0.942073
9.998E-005 9.998E-005 9.998E-005 0.9997
9.9991E-005 0.0277254 0.00123735 0.970937
0.00434838 0.0122197 0.0412287 0.942203
0.0331312 9.9982E-005 9.9982E-005 0.966669
0.0169703 9.99821E-005 9.99821E-005 0.98283
0.408593 0.0965889 0.442176 0.0526429
0.432506 0.0614081 0.464754 0.0413315
0.429011 0.0919827 0.458022 0.0209837
9.9982E-005 9.9982E-005 0.984952 0.0148484
0.0471528 9.9982E-005 0.952647 9.9982E-005
0.0358152 9.9991E-005 0.960979 0.00310627
0.089349 0.00213947 0.908412 9.9991E-005
0.122012 0.402157 0.237629 0.238202
0.122989 0.388842 0.259011 0.229158
0.111717 0.388731 0.297151 0.2024
0.433446 0.0758412 0.454679 0.0360337
0.447185 0.0462065 0.45169 0.0549175
0.354765 0.0971109 0.436123 0.112002
0.44636 0.0637082 0.369002 0.12093
