9.9991E-005 0.212871 0.701371 0.0856574
9.999E-005 0.226276 0.702971 0.0706528
9.999E-005 0.222434 0.711901 0.065565
0.00870219 0.196263 0.683781 0.111254
9.999E-005 0.201436 0.763812 0.0346525
9.9991E-005 0.210465 0.731063 0.0583721
9.999E-005 0.270907 0.712031 0.0169614
0.000115629 0.147998 0.697468 0.154419
0.0926119 0.204723 0.617865 0.0847998
0.11945 0.168724 0.668343 0.0434829
0.116895 0.134653 0.699961 0.04849
9.999E-005 0.257303 0.679402 0.0631948
0.0170777 0.199516 0.680188 0.103219
0.0471017 0.094564 0.751196 0.107139
0.107369 0.180447 0.548221 0.163963
9.9991E-005 0.19119 0.695459 0.113251
9.9991E-005 0.195758 0.750295 0.0538468
9.9991E-005 0.186382 0.74105 0.0724688
0.000563555 0.742049 0.231503 0.025884
0.0269718 0.479152 0.44445 0.0494264
0.0357195 0.573736 0.390444 9.9991E-005
0.0531156 0.628896 0.29217 0.0258186
0.143093 0.518244 0.317693 0.0209695
9.998E-005 0.9997 9.998E-005 9.998E-005
9.998E-005 0.9997 9.998E-005 9.998E-005
9.998E-005 0.9997 9.998E-005 9.998E-005
0.110174 0.431087 0.417647 0.0410917
9.9991E-005 0.95037 0.0329712 0.0165588
0.00650498 0.522366 0.395932 0.0751968
9.998E-005 0.9997 9.998E-005 9.998E-005
0.0217114 0.595413 0.315014 0.0678622
9.998E-005 0.9997 9.998E-005 9.998E-005
0.0233858 0.53084 0.406657 0.0391177
0.0435215 0.662843 0.251453 0.0421823
0.105548 0.524423 0.330848 0.0391815
9.9991E-005 0.586249 0.338453 0.0751985
0.0920448 0.510711 0.337574 0.0596701
0.0619143 0.0631854 0.873269 0.00163148
9.9982E-005 0.0361834 0.963617 9.9982E-005
0.0339309 0.0916762 0.860879 0.0135142
0.0188739 0.0181114 0.962915 9.9991E-005
9.9991E-005 0.0938029 0.888213 0.0178836
9.9982E-005 0.0462807 0.953519 9.9982E-005
9.9982E-005 0.0323376 0.967462 9.9982E-005
0.0165833 0.103551 0.879765 9.9991E-005
9.9982E-005 0.0835055 0.916295 9.9982E-005
0.315896 0.130767 0.411517 0.14182
0.186946 0.393924 0.419029 9.99914E-005
0.516789 0.164932 0.318179 9.99911E-005
0.302679 0.0491239 0.417455 0.230743
0.567198 0.0882152 0.260637 0.08395
0.277699 0.137744 0.348818 0.235739
0.316761 0.127898 0.33454 0.220801
0.279183 0.14427 0.405096 0.171451
0.357425 0.107421 0.350603 0.18455
0.310269 0.0609746 0.450504 0.178252
0.289559 0.147663 0.327904 0.234874
0.266774 0.0982228 0.38445 0.250554
0.383899 0.118779 0.280592 0.21673
0.328772 0.124506 0.335509 0.211213
0.254973 0.135128 0.226286 0.383612
0.188324 0.129924 0.259471 0.422281
0.228647 0.107899 0.278537 0.384917
0.267289 0.0684611 9.9991E-005 0.66415
0.381967 0.066999 9.9991E-005 0.550934
9.998E-005 9.998E-005 9.998E-005 0.9997
9.998E-005 9.998E-005 9.998E-005 0.9997
0.245299 0.063131 0.0525741 0.638996
0.327879 0.0424874 9.9991E-005 0.629533
9.998E-005 9.998E-005 9.998E-005 0.9997
9.998E-005 9.998E-005 9.998E-005 0.9997
0.248576 0.072733 0.0581332 0.620558
9.998E-005 9.998E-005 9.998E-005 0.9997
9.998E-005 9.998E-005 9.998E-005 0.9997
9.998E-005 9.998E-005 9.998E-005 0.9997
9.998E-005 9.998E-005 9.998E-005 0.9997
9.9982E-005 0.038491 9.9982E-005 0.961309
0.0547609 0.435436 0.46844 0.0413626
9.9982E-005 0.0972499 0.90255 9.9982E-005
9.9982E-005 0.102004 0.897796 9.9982E-005
0.957307 9.9982E-005 9.9982E-005 0.0424926
0.950351 9.9982E-005 9.9982E-005 0.0494491
0.977913 9.9982E-005 9.9982E-005 0.0218869
0.996498 9.9982E-005 0.00330177 9.9982E-005
0.968743 9.99821E-005 9.99821E-005 0.0310574
0.979012 0.0207884 9.9982E-005 9.9982E-005
0.937151 0.0512124 9.9991E-005 0.011537
0.962701 9.9991E-005 0.00798298 0.0292163
0.950027 0.0497729 9.9982E-005 9.9982E-005
0.985428 9.9982E-005 0.014372 9.9982E-005
0.9997 9.998E-005 9.998E-005 9.998E-005
0.950102 0.0159632 9.9991E-005 0.0338343
0.9997 9.998E-005 9.998E-005 9.998E-005
0.971239 9.9982E-005 9.9982E-005 0.0285611
0.9997 9.998E-005 9.998E-005 9.998E-005
0.946932 0.0336401 0.0193276 9.9991E-005
0.941975 9.9982E-005 9.9982E-005 0.0578255
0.992191 9.9982E-005 0.00760922 9.9982E-005
0.982527 9.99821E-005 9.99821E-005 0.0172734
0.917583 0.0458036 9.9991E-005 0.0365132
0.9997 9.998E-005 9.998E-005 9.998E-005
0.919864 9.9991E-005 0.0277804 0.0522555
0.9997 9.998E-005 9.998E-005 9.998E-005
0.946513 0.0441627 9.9991E-005 0.00922405
0.984558 9.9982E-005 9.9982E-005 0.0152425
0.962241 0.0375589 9.9982E-005 9.9982E-005
0.278835 0.0687664 9.9991E-005 0.652298
0.231142 0.21585 0.131644 0.421364
0.403852 0.0722984 0.0601441 0.463705
9.9991E-005 0.111729 0.795169 0.0930023
0.0341423 0.0782974 0.886728 0.000832598
0.0122407 0.107121 0.830359 0.0502795
9.9991E-005 0.15463 0.807237 0.0380331
9.9991E-005 0.0737816 0.896749 0.0293697
9.99821E-005 0.112454 0.887346 9.99821E-005
9.9991E-005 0.178419 0.745883 0.0755984
9.9982E-005 0.068486 0.931314 9.9982E-005
9.9982E-005 0.0231642 0.976636 9.9982E-005
0.00152109 0.144241 0.849883 0.00435526
0.51771 0.183969 0.298222 9.9991E-005
0.136538 0.255595 0.544696 0.0631707
0.426851 0.1825 0.317787 0.0728627
0.340923 0.11754 0.196753 0.344784
0.190895 0.11507 0.249163 0.444872
0.977111 9.99822E-005 9.99822E-005 0.0226889
0.97271 0.00748998 0.000790857 0.0190094
0.986679 9.9982E-005 0.0131215 9.9982E-005
0.946918 0.029376 0.0108882 0.0128182
0.9997 9.998E-005 9.998E-005 9.998E-005
0.989861 0.00993887 9.9982E-005 9.9982E-005
0.960182 9.9982E-005 9.9982E-005 0.0396179
0.97826 9.9991E-005 0.00128225 0.0203582
0.9997 9.998E-005 9.998E-005 9.998E-005
0.951893 9.9991E-005 0.0204558 0.0275508
0.962875 9.9982E-005 9.9982E-005 0.0369247
0.9997 9.998E-005 9.998E-005 9.998E-005
0.971633 9.9991E-005 0.00845187 0.0198147
0.942209 0.0305845 0.0271068 9.9991E-005
0.968286 0.031514 9.9982E-005 9.9982E-005
0.978328 0.0214721 9.99821E-005 9.99821E-005
0.0403045 0.397319 0.460636 0.101741
0.054298 0.426088 0.470218 0.0493963
0.0171237 0.444913 0.456198 0.0817659
0.0124402 0.00416587 0.983294 9.9991E-005
9.9982E-005 0.0514629 0.948337 9.9982E-005
9.99821E-005 0.0467538 0.953046 9.99821E-005
9.9982E-005 0.0969071 0.902893 9.9982E-005
0.230092 0.109378 0.265383 0.395147
0.237931 0.132443 0.250185 0.379441
0.204797 0.105622 0.300012 0.389569
0.0562462 0.439634 0.44974 0.0543804
0.069148 0.463415 0.434091 0.0333456
0.115477 0.358706 0.437334 0.088484
0.111175 0.433481 0.386624 0.0687195
