0.0132006 0.00271888 9.99372E-005 0.915323 9.99372E-005 0.041869 9.99372E-005 9.99372E-005 9.99372E-005 0.0261894 9.99372E-005 9.99372E-005
0.0157334 9.99102E-005 9.99102E-005 0.983268 9.99102E-005 9.99102E-005 9.99102E-005 9.99102E-005 9.99102E-005 9.99102E-005 9.99102E-005 9.99102E-005
0.0271107 9.99192E-005 9.99192E-005 0.870785 9.99192E-005 9.99192E-005 9.99192E-005 9.99192E-005 9.99192E-005 0.101205 9.99192E-005 9.99192E-005
9.99462E-005 9.99462E-005 0.123958 0.69962 9.99462E-005 0.0906346 0.0238186 9.99462E-005 0.0483627 0.0130065 9.99462E-005 9.99462E-005
0.00723815 9.99371E-005 9.99371E-005 0.858447 9.99371E-005 0.043432 9.99371E-005 9.99371E-005 9.99371E-005 0.0228098 9.99371E-005 0.0673734
9.99011E-005 9.99011E-005 9.99011E-005 0.998901 9.99011E-005 9.99011E-005 9.99011E-005 9.99011E-005 9.99011E-005 9.99011E-005 9.99011E-005 9.99011E-005
9.99012E-005 9.99012E-005 9.99012E-005 0.998901 9.99012E-005 9.99012E-005 9.99012E-005 9.99012E-005 9.99012E-005 9.99012E-005 9.99012E-005 9.99012E-005
9.99461E-005 0.00770601 9.99461E-005 0.740898 0.111655 0.0500191 9.99461E-005 9.99461E-005 0.0778677 9.99461E-005 9.99461E-005 0.0112538
9.99281E-005 9.99281E-005 0.0542261 0.82291 9.99281E-005 9.99281E-005 0.066233 9.99281E-005 0.055831 9.99281E-005 9.99281E-005 9.99281E-005
9.99192E-005 9.99192E-005 9.99192E-005 0.827128 9.99192E-005 9.99192E-005 0.102037 9.99192E-005 0.069936 9.99192E-005 9.99192E-005 9.99192E-005
9.99192E-005 9.99192E-005 9.99192E-005 0.885337 9.99192E-005 9.99192E-005 9.99192E-005 0.0470669 9.99192E-005 9.99192E-005 0.0666969 9.99192E-005
0.0567936 0.0037848 0.00129726 0.586854 0.00466084 9.99641E-005 9.99641E-005 9.99641E-005 0.155121 0.00712652 9.99641E-005 0.183962
9.99641E-005 9.99641E-005 9.99641E-005 0.699218 0.0902543 0.00740927 9.99641E-005 0.000255602 0.0323603 0.0705722 0.031431 0.0680991
9.99462E-005 0.032969 0.0524304 0.614144 9.99462E-005 0.173617 9.99462E-005 9.99462E-005 9.99462E-005 0.0909102 0.0353304 9.99462E-005
9.99731E-005 0.021488 0.110267 0.40881 0.055198 0.144994 0.0736751 0.0619664 0.100166 0.0231348 9.99731E-005 9.99731E-005
0.00061416 9.99641E-005 0.0948378 0.469912 0.0522707 9.99641E-005 9.99641E-005 0.00234824 0.0925879 0.1773 9.99641E-005 0.10973
9.99372E-005 9.99372E-005 0.0719994 0.550022 9.99372E-005 9.99372E-005 9.99372E-005 9.99372E-005 0.1423 0.0274163 9.99372E-005 0.207562
9.99551E-005 9.99551E-005 0.00991445 0.471604 9.99551E-005 0.0569256 9.99551E-005 0.0698216 0.0756563 0.209509 9.99551E-005 0.106069
0.549813 9.99462E-005 0.0393654 0.0319312 9.99462E-005 9.99462E-005 9.99462E-005 9.99462E-005 0.235223 0.0666756 9.99462E-005 0.0763927
0.0260553 9.99282E-005 9.99282E-005 0.0564793 9.99282E-005 0.0288477 9.99282E-005 9.99282E-005 0.887818 9.99282E-005 9.99282E-005 9.99282E-005
0.103943 9.99192E-005 9.99192E-005 9.99192E-005 9.99192E-005 0.0936689 9.99192E-005 9.99192E-005 0.801489 9.99192E-005 9.99192E-005 9.99192E-005
0.250136 9.99461E-005 9.99461E-005 0.0266376 0.0332596 9.99461E-005 9.99461E-005 9.99461E-005 0.634375 9.99461E-005 0.0120122 0.0429806
0.0397061 9.99281E-005 9.99281E-005 9.99281E-005 9.99281E-005 9.99281E-005 9.99281E-005 0.0197949 0.885922 9.99281E-005 0.0537776 9.99281E-005
0.998901 9.99009E-005 9.99009E-005 9.99009E-005 9.99009E-005 9.99009E-005 9.99009E-005 9.99009E-005 9.99009E-005 9.99009E-005 9.99009E-005 9.99009E-005
0.998901 9.99012E-005 9.99012E-005 9.99012E-005 9.99012E-005 9.99012E-005 9.99012E-005 9.99012E-005 9.99012E-005 9.99012E-005 9.99012E-005 9.99012E-005
0.998901 9.99011E-005 9.99011E-005 9.99011E-005 9.99011E-005 9.99011E-005 9.99011E-005 9.99011E-005 9.99011E-005 9.99011E-005 9.99011E-005 9.99011E-005
0.0613739 0.013981 0.0821841 9.99535E-005 9.99535E-005 9.99535E-005 9.99535E-005 9.99535E-005 0.683932 9.99535E-005 0.0181138 0.139815
0.771426 9.99281E-005 9.99281E-005 9.99281E-005 9.99281E-005 0.00262702 0.00723985 9.99281E-005 0.217908 9.99281E-005 9.99281E-005 9.99281E-005
0.0242117 9.99282E-005 0.0357587 9.99282E-005 9.99282E-005 9.99282E-005 9.99282E-005 9.99282E-005 0.920891 0.0183389 9.99282E-005 9.99282E-005
0.998901 9.99011E-005 9.99011E-005 9.99011E-005 9.99011E-005 9.99011E-005 9.99011E-005 9.99011E-005 9.99011E-005 9.99011E-005 9.99011E-005 9.99011E-005
0.1772 9.99461E-005 9.99461E-005 0.0342575 0.0982637 9.99461E-005 0.000951329 9.99461E-005 0.663656 9.99461E-005 9.99461E-005 0.0250724
0.998901 9.99012E-005 9.99012E-005 9.99012E-005 9.99012E-005 9.99012E-005 9.99012E-005 9.99012E-005 9.99012E-005 9.99012E-005 9.99012E-005 9.99012E-005
0.087766 9.99282E-005 9.99282E-005 9.99282E-005 9.99282E-005 9.99282E-005 9.99282E-005 9.99282E-005 0.770751 0.0840485 9.99282E-005 0.056635
0.266502 9.99282E-005 9.99282E-005 9.99282E-005 9.99282E-005 9.99282E-005 0.0341773 9.99282E-005 0.681911 9.99282E-005 9.99282E-005 0.0166098
0.182439 9.99461E-005 9.99461E-005 9.99461E-005 0.0432807 0.0361195 0.0527155 9.99461E-005 0.635993 0.0488533 9.99461E-005 9.99461E-005
0.121585 9.99371E-005 0.00189202 0.028057 9.99371E-005 0.014638 9.99371E-005 9.99371E-005 0.833128 9.99371E-005 9.99371E-005 9.99371E-005
0.114854 0.0176803 0.086635 0.0179177 9.99551E-005 9.99551E-005 9.99551E-005 0.00802069 0.753064 9.99551E-005 9.99551E-005 0.00132811
9.99282E-005 9.99282E-005 9.99282E-005 0.0399651 0.0194579 9.99282E-005 0.0414322 9.99282E-005 9.99282E-005 9.99282E-005 9.99282E-005 0.898345
9.99102E-005 9.99102E-005 9.99102E-005 9.99102E-005 9.99102E-005 0.194169 9.99102E-005 9.99102E-005 9.99102E-005 9.99102E-005 9.99102E-005 0.804832
0.00634038 0.0243887 9.99372E-005 9.99372E-005 9.99372E-005 9.99372E-005 0.0281432 9.99372E-005 9.99372E-005 0.00895366 9.99372E-005 0.931474
9.99013E-005 9.99013E-005 9.99013E-005 9.99013E-005 9.99013E-005 9.99013E-005 9.99013E-005 9.99013E-005 9.99013E-005 9.99013E-005 9.99013E-005 0.998901
0.0175883 0.0114468 9.99282E-005 9.99282E-005 9.99282E-005 9.99282E-005 9.99282E-005 9.99282E-005 9.99282E-005 0.0372039 9.99282E-005 0.932962
9.99102E-005 9.99102E-005 9.99102E-005 9.99102E-005 9.99102E-005 0.0589083 9.99102E-005 9.99102E-005 9.99102E-005 9.99102E-005 9.99102E-005 0.940093
9.99192E-005 9.99192E-005 9.99192E-005 9.99192E-005 9.99192E-005 0.00561787 9.99192E-005 9.99192E-005 9.99192E-005 0.0795957 9.99192E-005 0.913887
0.0156582 9.99641E-005 0.0518596 0.0100804 0.00961643 0.487922 9.99641E-005 9.99641E-005 0.0163865 0.0574803 9.99641E-005 0.350597
9.99102E-005 9.99102E-005 9.99102E-005 9.99102E-005 9.99102E-005 0.0877369 9.99102E-005 9.99102E-005 9.99102E-005 9.99102E-005 9.99102E-005 0.911264
0.0419115 9.99641E-005 0.494859 0.0781854 0.174664 0.0988483 0.0892941 9.99641E-005 9.99641E-005 0.0214244 9.99641E-005 0.000413307
9.99018E-005 9.99018E-005 9.99018E-005 9.99018E-005 9.99018E-005 9.99018E-005 9.99018E-005 0.998901 9.99018E-005 9.99018E-005 9.99018E-005 9.99018E-005
9.99187E-005 9.99187E-005 9.99187E-005 9.99187E-005 9.99187E-005 9.99187E-005 0.0489504 0.901689 9.99187E-005 9.99187E-005 9.99187E-005 0.0484614
9.99283E-005 0.00930735 0.926489 9.99283E-005 9.99283E-005 9.99283E-005 9.99283E-005 9.99283E-005 9.99283E-005 0.0509031 9.99283E-005 0.0125015
9.99368E-005 9.99368E-005 0.349113 9.99368E-005 0.00304126 9.99368E-005 0.0600368 0.519775 9.99368E-005 9.99368E-005 0.0673337 9.99368E-005
0.0280464 9.99192E-005 0.969036 9.99192E-005 9.99192E-005 0.00201874 9.99192E-005 9.99192E-005 9.99192E-005 9.99192E-005 9.99192E-005 9.99192E-005
9.99372E-005 0.0374413 0.796701 9.99372E-005 9.99372E-005 0.0595902 0.0287222 9.99372E-005 0.0768462 9.99372E-005 9.99372E-005 9.99372E-005
0.0180849 9.99551E-005 0.692002 0.0426663 0.123606 0.0145413 9.99551E-005 9.99551E-005 9.99551E-005 9.99551E-005 0.0131349 0.0954646
9.99104E-005 9.99104E-005 0.990898 0.00810275 9.99104E-005 9.99104E-005 9.99104E-005 9.99104E-005 9.99104E-005 9.99104E-005 9.99104E-005 9.99104E-005
9.99103E-005 9.99103E-005 0.969448 0.0295532 9.99103E-005 9.99103E-005 9.99103E-005 9.99103E-005 9.99103E-005 9.99103E-005 9.99103E-005 9.99103E-005
0.035061 0.0648859 0.829505 9.99281E-005 9.99281E-005 9.99281E-005 9.99281E-005 9.99281E-005 9.99281E-005 0.0697482 9.99281E-005 9.99281E-005
9.99103E-005 9.99103E-005 0.972295 0.026706 9.99103E-005 9.99103E-005 9.99103E-005 9.99103E-005 9.99103E-005 9.99103E-005 9.99103E-005 9.99103E-005
9.99102E-005 9.99102E-005 0.97594 9.99102E-005 9.99102E-005 9.99102E-005 9.99102E-005 9.99102E-005 9.99102E-005 9.99102E-005 0.0230604 9.99102E-005
9.99192E-005 9.99192E-005 0.88971 9.99192E-005 9.99192E-005 9.99192E-005 0.0460073 9.99192E-005 0.0633836 9.99192E-005 9.99192E-005 9.99192E-005
0.00640677 9.99282E-005 9.99282E-005 9.99282E-005 0.97417 9.99282E-005 0.00800746 9.99282E-005 0.0106168 9.99282E-005 9.99282E-005 9.99282E-005
9.99282E-005 9.99282E-005 9.99282E-005 9.99282E-005 0.922958 0.0164856 9.99282E-005 9.99282E-005 0.0378785 0.0218783 9.99282E-005 9.99282E-005
9.99193E-005 0.00394773 9.99193E-005 9.99193E-005 0.909287 0.0858664 9.99193E-005 9.99193E-005 9.99193E-005 9.99193E-005 9.99193E-005 9.99193E-005
9.99192E-005 0.360774 9.99192E-005 9.99192E-005 0.471304 9.99192E-005 9.99192E-005 9.99192E-005 9.99192E-005 9.99192E-005 0.167022 9.99192E-005
0.0329202 0.367697 9.99282E-005 9.99282E-005 0.258914 9.99282E-005 9.99282E-005 9.99282E-005 9.99282E-005 9.99282E-005 0.339669 9.99282E-005
9.99193E-005 0.979181 9.99193E-005 9.99193E-005 9.99193E-005 0.0048496 0.0150705 9.99193E-005 9.99193E-005 9.99193E-005 9.99193E-005 9.99193E-005
9.99011E-005 0.998901 9.99011E-005 9.99011E-005 9.99011E-005 9.99011E-005 9.99011E-005 9.99011E-005 9.99011E-005 9.99011E-005 9.99011E-005 9.99011E-005
9.99372E-005 0.419592 9.99372E-005 9.99372E-005 0.368422 0.0334359 9.99372E-005 9.99372E-005 0.00331741 9.99372E-005 0.174534 9.99372E-005
9.99282E-005 0.428693 0.0432217 9.99282E-005 0.274776 9.99282E-005 9.99282E-005 9.99282E-005 9.99282E-005 9.99282E-005 0.25251 9.99282E-005
9.99192E-005 0.960689 9.99192E-005 9.99192E-005 9.99192E-005 9.99192E-005 9.99192E-005 9.99192E-005 0.00820846 0.0302034 9.99192E-005 9.99192E-005
9.99012E-005 0.998901 9.99012E-005 9.99012E-005 9.99012E-005 9.99012E-005 9.99012E-005 9.99012E-005 9.99012E-005 9.99012E-005 9.99012E-005 9.99012E-005
9.99282E-005 0.377256 9.99282E-005 9.99282E-005 0.413504 9.99282E-005 9.99282E-005 9.99282E-005 0.0543378 9.99282E-005 0.154103 9.99282E-005
0.0038204 0.983179 9.99192E-005 9.99192E-005 9.99192E-005 0.0121018 9.99192E-005 9.99192E-005 9.99192E-005 9.99192E-005 9.99192E-005 9.99192E-005
9.99012E-005 0.998901 9.99012E-005 9.99012E-005 9.99012E-005 9.99012E-005 9.99012E-005 9.99012E-005 9.99012E-005 9.99012E-005 9.99012E-005 9.99012E-005
9.99013E-005 0.998901 9.99013E-005 9.99013E-005 9.99013E-005 9.99013E-005 9.99013E-005 9.99013E-005 9.99013E-005 9.99013E-005 9.99013E-005 9.99013E-005
9.99192E-005 0.946204 9.99192E-005 9.99192E-005 0.0346138 9.99192E-005 9.99192E-005 9.99192E-005 9.99192E-005 9.99192E-005 0.0182833 9.99192E-005
0.0302556 0.968745 9.99102E-005 9.99102E-005 9.99102E-005 9.99102E-005 9.99102E-005 9.99102E-005 9.99102E-005 9.99102E-005 9.99102E-005 9.99102E-005
9.99193E-005 9.99193E-005 9.99193E-005 9.99193E-005 9.99193E-005 9.99193E-005 9.99193E-005 9.99193E-005 0.886701 0.0383631 9.99193E-005 0.0740363
0.0145856 9.99192E-005 9.99192E-005 9.99192E-005 9.99192E-005 9.99192E-005 9.99192E-005 0.00377007 9.99192E-005 9.99192E-005 9.99192E-005 0.980745
0.0376763 9.99191E-005 9.99191E-005 9.99191E-005 9.99191E-005 0.0972847 9.99191E-005 9.99191E-005 9.99191E-005 9.99191E-005 9.99191E-005 0.86414
9.99192E-005 0.0300706 9.99192E-005 9.99192E-005 9.99192E-005 9.99192E-005 0.244323 9.99192E-005 9.99192E-005 9.99192E-005 0.724707 9.99192E-005
9.99193E-005 0.0402507 9.99193E-005 9.99193E-005 9.99193E-005 9.99193E-005 0.163071 9.99193E-005 9.99193E-005 9.99193E-005 0.79578 9.99193E-005
9.99192E-005 0.0219463 9.99192E-005 9.99192E-005 9.99192E-005 9.99192E-005 0.127656 9.99192E-005 9.99192E-005 9.99192E-005 0.849498 9.99192E-005
9.99011E-005 9.99011E-005 9.99011E-005 9.99011E-005 9.99011E-005 9.99011E-005 0.998901 9.99011E-005 9.99011E-005 9.99011E-005 9.99011E-005 9.99011E-005
9.99283E-005 9.99283E-005 0.0136528 9.99283E-005 0.0549481 9.99283E-005 0.0211205 9.99283E-005 9.99283E-005 9.99283E-005 0.909479 9.99283E-005
0.0181914 9.99281E-005 9.99281E-005 9.99281E-005 0.0425138 9.99281E-005 0.171971 9.99281E-005 9.99281E-005 9.99281E-005 0.766524 9.99281E-005
0.0439508 0.00337276 9.99283E-005 9.99283E-005 9.99283E-005 9.99283E-005 0.165983 9.99283E-005 9.99283E-005 9.99283E-005 0.785894 9.99283E-005
9.99462E-005 0.00241711 0.0453069 9.99462E-005 0.0179745 0.00600589 0.223137 9.99462E-005 9.99462E-005 9.99462E-005 0.704559 9.99462E-005
9.99282E-005 9.99282E-005 0.00797923 9.99282E-005 9.99282E-005 9.99282E-005 0.172132 9.99282E-005 0.0620328 9.99282E-005 0.757056 9.99282E-005
9.99011E-005 9.99011E-005 9.99011E-005 9.99011E-005 9.99011E-005 9.99011E-005 0.998901 9.99011E-005 9.99011E-005 9.99011E-005 9.99011E-005 9.99011E-005
9.99011E-005 9.99011E-005 9.99011E-005 9.99011E-005 9.99011E-005 9.99011E-005 0.998901 9.99011E-005 9.99011E-005 9.99011E-005 9.99011E-005 9.99011E-005
9.99372E-005 0.0189833 0.0660344 9.99372E-005 9.99372E-005 9.99372E-005 0.235399 0.0265609 9.99372E-005 9.99372E-005 0.652323 9.99372E-005
9.99192E-005 9.99192E-005 0.0689567 9.99192E-005 9.99192E-005 9.99192E-005 0.256522 9.99192E-005 9.99192E-005 9.99192E-005 0.673622 9.99192E-005
9.99192E-005 0.0256515 9.99192E-005 9.99192E-005 9.99192E-005 9.99192E-005 0.33153 9.99192E-005 9.99192E-005 9.99192E-005 0.641919 9.99192E-005
9.99192E-005 9.99192E-005 9.99192E-005 9.99192E-005 0.0298747 9.99192E-005 0.619461 9.99192E-005 9.99192E-005 9.99192E-005 0.349765 9.99192E-005
0.0160994 9.99371E-005 9.99371E-005 9.99371E-005 9.99371E-005 9.99371E-005 0.274592 0.0254019 9.99371E-005 0.0510175 0.632189 9.99371E-005
9.99192E-005 0.0676013 9.99192E-005 9.99192E-005 9.99192E-005 9.99192E-005 0.183906 9.99192E-005 9.99192E-005 9.99192E-005 0.747594 9.99192E-005
9.99462E-005 9.99462E-005 9.99462E-005 0.00650003 9.99462E-005 0.00217211 0.167855 9.99462E-005 9.99462E-005 0.0207282 0.796433 0.0057112
9.99193E-005 9.99193E-005 9.99193E-005 9.99193E-005 0.0165185 9.99193E-005 0.325648 9.99193E-005 9.99193E-005 9.99193E-005 0.656934 9.99193E-005
9.99372E-005 0.00723276 9.99372E-005 9.99372E-005 9.99372E-005 9.99372E-005 0.0554518 0.00313971 0.0779965 9.99372E-005 0.85548 9.99372E-005
9.99192E-005 9.99192E-005 9.99192E-005 9.99192E-005 9.99192E-005 9.99192E-005 0.0419241 9.99192E-005 0.0282457 9.99192E-005 0.928931 9.99192E-005
9.99103E-005 0.0328845 9.99103E-005 9.99103E-005 9.99103E-005 9.99103E-005 0.966116 9.99103E-005 9.99103E-005 9.99103E-005 9.99103E-005 9.99103E-005
9.99102E-005 9.99102E-005 9.99102E-005 0.0325881 9.99102E-005 9.99102E-005 9.99102E-005 9.99102E-005 9.99102E-005 9.99102E-005 0.966413 9.99102E-005
0.00379663 9.99372E-005 0.0902287 9.99372E-005 0.0428265 9.99372E-005 0.0964042 9.99372E-005 9.99372E-005 9.99372E-005 0.766044 9.99372E-005
9.99192E-005 9.99192E-005 9.99192E-005 9.99192E-005 0.0561337 9.99192E-005 0.106395 9.99192E-005 9.99192E-005 9.99192E-005 0.836572 9.99192E-005
0.0292682 9.99371E-005 9.99371E-005 0.0150888 9.99371E-005 9.99371E-005 0.397299 0.00863029 9.99371E-005 9.99371E-005 0.549014 9.99371E-005
9.99281E-005 0.352847 9.99281E-005 9.99281E-005 0.494832 9.99281E-005 0.0471679 9.99281E-005 9.99281E-005 9.99281E-005 0.104353 9.99281E-005
9.99371E-005 0.184461 9.99371E-005 9.99371E-005 0.408548 9.99371E-005 9.99371E-005 0.00125275 0.276936 9.99371E-005 0.128102 9.99371E-005
0.0210752 0.276567 9.99462E-005 9.99462E-005 0.375595 9.99462E-005 0.185386 9.99462E-005 0.00067711 9.99462E-005 0.1401 9.99462E-005
9.99461E-005 0.0391599 9.99461E-005 0.00546157 9.99461E-005 9.99461E-005 9.99461E-005 0.00380516 0.119227 0.699028 9.99461E-005 0.132718
9.99009E-005 9.99009E-005 9.99009E-005 9.99009E-005 9.99009E-005 9.99009E-005 9.99009E-005 9.99009E-005 9.99009E-005 0.998901 9.99009E-005 9.99009E-005
9.99192E-005 9.99192E-005 0.0186017 9.99192E-005 9.99192E-005 9.99192E-005 9.99192E-005 9.99192E-005 9.99192E-005 0.927093 9.99192E-005 0.0534056
0.00827497 9.99101E-005 9.99101E-005 9.99101E-005 9.99101E-005 9.99101E-005 9.99101E-005 9.99101E-005 9.99101E-005 0.990726 9.99101E-005 9.99101E-005
9.99103E-005 9.99103E-005 9.99103E-005 9.99103E-005 9.99103E-005 0.0613117 9.99103E-005 9.99103E-005 9.99103E-005 0.937689 9.99103E-005 9.99103E-005
9.99012E-005 9.99012E-005 9.99012E-005 9.99012E-005 9.99012E-005 9.99012E-005 9.99012E-005 9.99012E-005 9.99012E-005 0.998901 9.99012E-005 9.99012E-005
0.0443946 0.0333945 9.99552E-005 0.0733184 9.99552E-005 0.0156065 9.99552E-005 9.99552E-005 0.120744 0.520189 9.99552E-005 0.191853
9.99011E-005 9.99011E-005 9.99011E-005 9.99011E-005 9.99011E-005 0.998901 9.99011E-005 9.99011E-005 9.99011E-005 9.99011E-005 9.99011E-005 9.99011E-005
9.9901E-005 9.9901E-005 9.9901E-005 9.9901E-005 9.9901E-005 0.998901 9.9901E-005 9.9901E-005 9.9901E-005 9.9901E-005 9.9901E-005 9.9901E-005
0.0756464 0.0198586 9.99461E-005 0.00507297 0.0123659 0.87091 9.99461E-005 9.99461E-005 9.99461E-005 9.99461E-005 9.99461E-005 0.0155463
9.99372E-005 9.99372E-005 9.99372E-005 9.99372E-005 9.99372E-005 0.0687284 0.0140621 9.99372E-005 0.306955 0.166215 0.443339 9.99372E-005
0.0499611 9.9973E-005 0.174185 0.398825 9.9973E-005 0.0308067 0.0404033 0.0733688 0.167887 0.051882 9.9973E-005 0.0123804
0.0227392 0.0424467 9.99548E-005 0.126043 9.99548E-005 0.0101246 9.99548E-005 0.695276 9.99548E-005 0.0126655 0.0902048 9.99548E-005
9.99102E-005 9.99102E-005 9.99102E-005 9.99102E-005 0.891216 9.99102E-005 0.107785 9.99102E-005 9.99102E-005 9.99102E-005 9.99102E-005 9.99102E-005
9.99192E-005 0.0277689 9.99192E-005 0.0514828 0.919849 9.99192E-005 9.99192E-005 9.99192E-005 9.99192E-005 9.99192E-005 9.99192E-005 9.99192E-005
9.99095E-005 9.99095E-005 9.99095E-005 9.99095E-005 9.99095E-005 9.99095E-005 9.99095E-005 0.66219 9.99095E-005 9.99095E-005 0.336811 9.99095E-005
9.99462E-005 0.00102705 0.0107297 9.99462E-005 9.99462E-005 0.00526348 0.245359 9.99462E-005 9.99462E-005 0.0134118 0.723609 9.99462E-005
9.99103E-005 9.99103E-005 9.99103E-005 9.99103E-005 9.99103E-005 9.99103E-005 9.99103E-005 9.99103E-005 9.99103E-005 9.99103E-005 0.970999 0.0280022
9.995E-005 0.00334538 9.995E-005 0.00958356 9.995E-005 9.995E-005 0.282687 0.0487992 0.00497748 9.995E-005 0.611544 0.0385644
9.99103E-005 9.99103E-005 9.99103E-005 9.99103E-005 9.99103E-005 9.99103E-005 9.99103E-005 9.99103E-005 9.99103E-005 9.99103E-005 0.997112 0.00188885
9.99191E-005 9.99191E-005 0.0146802 9.99191E-005 9.99191E-005 9.99191E-005 0.812524 9.99191E-005 9.99191E-005 9.99191E-005 0.171897 9.99191E-005
9.99282E-005 0.0204797 9.99282E-005 9.99282E-005 0.0234742 9.99282E-005 0.328584 9.99282E-005 9.99282E-005 9.99282E-005 0.626662 9.99282E-005
9.99372E-005 0.0324859 0.0061275 9.99372E-005 9.99372E-005 9.99372E-005 0.182842 9.99372E-005 9.99372E-005 0.0264075 0.751438 9.99372E-005
9.99013E-005 9.99013E-005 9.99013E-005 9.99013E-005 9.99013E-005 9.99013E-005 9.99013E-005 9.99013E-005 9.99013E-005 9.99013E-005 0.998901 9.99013E-005
9.99462E-005 0.00261304 9.99462E-005 9.99462E-005 9.99462E-005 0.0114912 0.19406 9.99462E-005 9.99462E-005 0.00725835 0.756853 0.0271251
0.00765021 0.0440815 9.99282E-005 9.99282E-005 9.99282E-005 9.99282E-005 0.153528 9.99282E-005 9.99282E-005 9.99282E-005 0.793941 9.99282E-005
9.99283E-005 9.99283E-005 9.99283E-005 9.99283E-005 0.00221355 9.99283E-005 0.0778802 9.99283E-005 9.99283E-005 9.99283E-005 0.893319 0.0257881
9.99372E-005 0.0211357 9.99372E-005 9.99372E-005 9.99372E-005 0.00832992 9.99372E-005 9.99372E-005 0.00577968 0.00791661 0.956139 9.99372E-005
9.99282E-005 9.99282E-005 9.99282E-005 9.99282E-005 9.99282E-005 9.99282E-005 0.0947859 9.99282E-005 0.0699192 9.99282E-005 0.822572 0.0119236
0.0407519 9.99282E-005 0.0105406 9.99282E-005 9.99282E-005 9.99282E-005 0.149702 9.99282E-005 9.99282E-005 9.99282E-005 0.798206 9.99282E-005
9.99282E-005 9.99282E-005 0.0598973 9.99282E-005 9.99282E-005 9.99282E-005 0.139991 0.0218856 9.99282E-005 9.99282E-005 0.777427 9.99282E-005
0.0538721 0.04686 9.99551E-005 0.0474594 9.99551E-005 0.0715107 9.99551E-005 9.99551E-005 0.660509 0.106842 0.0124467 9.99551E-005
0.0219689 9.99372E-005 9.99372E-005 0.0759806 9.99372E-005 9.99372E-005 9.99372E-005 9.99372E-005 0.805834 0.00523201 9.99372E-005 0.0902845
0.0948207 0.021572 9.99461E-005 0.127105 9.99461E-005 0.00723252 9.99461E-005 9.99461E-005 0.621963 9.99461E-005 9.99461E-005 0.126707
9.99102E-005 9.99102E-005 9.99102E-005 9.99102E-005 9.99102E-005 0.85111 9.99102E-005 9.99102E-005 9.99102E-005 9.99102E-005 9.99102E-005 0.147891
0.00889836 9.99192E-005 9.99192E-005 9.99192E-005 9.99192E-005 0.890542 9.99192E-005 9.99192E-005 9.99192E-005 9.99192E-005 9.99192E-005 0.0996605
9.99193E-005 9.99193E-005 0.015319 9.99193E-005 9.99193E-005 0.970001 9.99193E-005 9.99193E-005 0.0137808 9.99193E-005 9.99193E-005 9.99193E-005
0.0388042 9.99461E-005 0.0163712 9.99461E-005 0.00996338 0.419437 9.99461E-005 9.99461E-005 9.99461E-005 0.040586 9.99461E-005 0.474239
9.99103E-005 9.99103E-005 9.99103E-005 9.99103E-005 0.993638 0.00536296 9.99103E-005 9.99103E-005 9.99103E-005 9.99103E-005 9.99103E-005 9.99103E-005
9.99102E-005 9.99102E-005 9.99102E-005 9.99102E-005 0.987189 9.99102E-005 9.99102E-005 9.99102E-005 9.99102E-005 9.99102E-005 9.99102E-005 0.0118117
9.99193E-005 9.99193E-005 9.99193E-005 9.99193E-005 0.920133 0.0615938 9.99193E-005 9.99193E-005 9.99193E-005 0.0173744 9.99193E-005 9.99193E-005
0.0435709 0.0173981 0.012185 0.00203367 9.99551E-005 0.0808496 9.99551E-005 9.99551E-005 0.793643 0.04982 9.99551E-005 9.99551E-005
9.99372E-005 9.99372E-005 9.99372E-005 9.99372E-005 0.00633787 0.0747811 9.99372E-005 0.0318229 0.885274 0.00108486 9.99372E-005 9.99372E-005
0.00816569 9.99641E-005 0.054878 0.0691263 0.0501025 9.99641E-005 0.0576285 9.99641E-005 0.664625 0.00357725 9.99641E-005 0.0914965
9.99282E-005 9.99282E-005 9.99282E-005 9.99282E-005 0.0180133 9.99282E-005 0.0739885 0.00944185 0.897757 9.99282E-005 9.99282E-005 9.99282E-005
