0.0374424 0.0315572 9.99641E-005 0.0329319 9.99641E-005 0.897669 9.99641E-005 9.99641E-005
9.99461E-005 0.00475017 9.99461E-005 9.99461E-005 9.99461E-005 0.99465 9.99461E-005 9.99461E-005
9.99461E-005 0.0500654 9.99461E-005 9.99461E-005 9.99461E-005 0.949335 9.99461E-005 9.99461E-005
0.14573 0.0473602 9.99731E-005 0.0707947 9.99731E-005 0.73135 9.99731E-005 0.00446499
9.99551E-005 0.0131086 9.99551E-005 0.0934765 9.99551E-005 0.892915 9.99551E-005 9.99551E-005
9.994E-005 9.994E-005 9.994E-005 9.994E-005 9.994E-005 0.9993 9.994E-005 9.994E-005
9.99461E-005 0.0200964 9.99461E-005 9.99461E-005 9.99461E-005 0.979304 9.99461E-005 9.99461E-005
0.12744 9.99731E-005 0.0106207 0.0425053 9.99731E-005 0.787826 0.0313079 9.99731E-005
0.0482553 9.9973E-005 0.00965725 9.9973E-005 0.042499 0.871072 9.9973E-005 0.0282168
9.99461E-005 9.99461E-005 9.99461E-005 9.99461E-005 0.108329 0.891072 9.99461E-005 9.99461E-005
9.99551E-005 9.99551E-005 0.0592359 9.99551E-005 9.99551E-005 0.868017 9.99551E-005 0.0722472
0.00715535 0.131324 9.99731E-005 0.187298 9.99731E-005 0.673516 0.000407519 9.99731E-005
0.132381 0.0285253 9.9982E-005 0.0930294 0.00364703 0.730242 9.9982E-005 0.0119758
0.0289686 9.99731E-005 9.99731E-005 0.193455 9.99731E-005 0.675733 0.0254319 0.0761111
0.192209 0.037353 0.0729122 0.127615 0.0642482 0.465626 0.0399368 9.9991E-005
0.0917797 0.05462 0.00799521 0.201079 9.99821E-005 0.610586 0.0337401 9.99821E-005
0.0960765 0.0642497 9.99641E-005 0.185052 9.99641E-005 0.654222 9.99641E-005 9.99641E-005
0.0211432 0.0272378 0.0710646 0.267013 9.9973E-005 0.613241 9.9973E-005 9.9973E-005
0.00143312 0.704005 9.99731E-005 0.136563 9.99731E-005 0.150018 9.99731E-005 0.00768042
0.012412 0.392713 9.99731E-005 0.20062 9.99731E-005 0.337707 9.99731E-005 0.0562477
9.99641E-005 0.479294 9.99641E-005 0.241293 9.99641E-005 0.222252 9.99641E-005 0.0567609
9.9982E-005 0.541611 0.00486882 0.139413 9.9982E-005 0.226915 0.000270945 0.0867216
9.9973E-005 0.401405 0.0793481 0.144332 9.9973E-005 0.220022 9.9973E-005 0.154592
9.994E-005 0.9993 9.994E-005 9.994E-005 9.994E-005 9.994E-005 9.994E-005 9.994E-005
9.994E-005 0.9993 9.994E-005 9.994E-005 9.994E-005 9.994E-005 9.994E-005 9.994E-005
9.994E-005 0.9993 9.994E-005 9.994E-005 9.994E-005 9.994E-005 9.994E-005 9.994E-005
0.0360592 0.365876 9.99731E-005 0.261664 0.125105 0.210996 9.99731E-005 9.99731E-005
9.99551E-005 0.941866 9.99551E-005 9.99551E-005 9.99551E-005 0.0534582 0.00417628 9.99551E-005
0.0452998 0.389923 0.0505237 0.132423 9.9991E-005 0.334888 0.00771994 0.0391219
9.994E-005 0.9993 9.994E-005 9.994E-005 9.994E-005 9.994E-005 9.994E-005 9.994E-005
0.0510688 0.489788 9.9982E-005 0.0874355 0.0531448 0.315382 0.00298182 9.9982E-005
9.994E-005 0.9993 9.994E-005 9.994E-005 9.994E-005 9.994E-005 9.994E-005 9.994E-005
9.99821E-005 0.448496 9.99821E-005 0.261773 0.0373837 0.23749 0.00730223 0.0073553
9.99731E-005 0.585991 9.99731E-005 0.1027 9.99731E-005 0.194258 0.00912588 0.107624
9.9982E-005 0.468756 9.9982E-005 0.222424 0.00612072 0.16667 0.0481153 0.087715
0.0409793 0.483887 9.9982E-005 0.151866 9.9982E-005 0.28156 0.0267197 0.0147884
0.0875802 0.413978 0.0291734 0.128118 9.9991E-005 0.274874 0.00242779 0.0637488
9.99731E-005 9.99731E-005 9.99731E-005 0.800091 0.0269231 0.1276 0.0118922 0.0331943
9.994E-005 9.994E-005 9.994E-005 0.9993 9.994E-005 9.994E-005 9.994E-005 9.994E-005
9.99731E-005 0.027073 9.99731E-005 0.876945 0.0203916 0.0458812 0.0294096 9.99731E-005
9.99462E-005 9.99462E-005 0.0246122 0.974788 9.99462E-005 9.99462E-005 9.99462E-005 9.99462E-005
0.00571963 0.0486544 0.00308395 0.918964 9.9982E-005 0.00174381 0.0216344 9.9982E-005
0.017105 9.99461E-005 9.99461E-005 0.982295 9.99461E-005 9.99461E-005 9.99461E-005 9.99461E-005
9.99551E-005 9.99551E-005 9.99551E-005 0.952801 9.99551E-005 0.0276232 0.0190756 9.99551E-005
0.0843766 0.0393766 9.99641E-005 0.83435 9.99641E-005 0.0414974 9.99641E-005 9.99641E-005
9.99461E-005 0.00795601 9.99461E-005 0.991444 9.99461E-005 9.99461E-005 9.99461E-005 9.99461E-005
0.674299 0.0262278 9.99731E-005 0.0853119 0.115059 0.0988021 9.99731E-005 9.99731E-005
9.994E-005 9.994E-005 0.9993 9.994E-005 9.994E-005 9.994E-005 9.994E-005 9.994E-005
9.99548E-005 9.99548E-005 0.917124 0.0602814 9.99548E-005 9.99548E-005 9.99548E-005 0.0220947
0.940691 9.99641E-005 9.99641E-005 0.0510716 9.99641E-005 9.99641E-005 0.000549467 0.00728826
0.331203 9.99548E-005 0.540151 9.99548E-005 0.128146 9.99548E-005 9.99548E-005 9.99548E-005
0.9993 9.994E-005 9.994E-005 9.994E-005 9.994E-005 9.994E-005 9.994E-005 9.994E-005
0.832372 0.0351174 9.99731E-005 0.0359 9.99731E-005 9.99731E-005 0.0304897 0.0658213
0.814978 0.0164493 0.0044711 0.114024 9.9991E-005 0.019281 0.0138328 0.0168632
0.939454 9.99552E-005 9.99552E-005 9.99552E-005 0.0481041 0.0119422 9.99552E-005 9.99552E-005
0.978767 9.99551E-005 9.99551E-005 9.99551E-005 9.99551E-005 0.00630512 9.99551E-005 0.0144278
0.811463 0.047229 9.9973E-005 0.0454071 0.030128 9.9973E-005 0.0654727 9.9973E-005
0.938836 9.99551E-005 9.99551E-005 9.99551E-005 9.99551E-005 0.0447074 0.0159572 9.99551E-005
0.951181 9.99461E-005 9.99461E-005 9.99461E-005 9.99461E-005 9.99461E-005 9.99461E-005 0.0482191
0.9993 9.994E-005 9.994E-005 9.994E-005 9.994E-005 9.994E-005 9.994E-005 9.994E-005
0.55492 0.0632503 9.99731E-005 9.99731E-005 9.99731E-005 0.0416664 0.235865 0.103998
0.528928 0.0651044 0.00368011 0.0179203 0.0262923 0.0793203 0.278655 9.9991E-005
0.554377 0.0380749 9.99821E-005 0.090622 0.0495155 0.0191041 0.248106 9.99821E-005
0.178474 0.0137078 0.00664925 9.99821E-005 0.0504413 9.99821E-005 0.590226 0.160302
0.0886769 0.0656093 9.99731E-005 9.99731E-005 0.299692 9.99731E-005 0.481087 0.0646341
9.994E-005 9.994E-005 9.994E-005 9.994E-005 9.994E-005 9.994E-005 0.9993 9.994E-005
9.994E-005 9.994E-005 9.994E-005 9.994E-005 9.994E-005 9.994E-005 0.9993 9.994E-005
0.19058 0.0167556 9.9982E-005 0.0489382 0.118194 9.9982E-005 0.552882 0.0724503
0.19935 9.99641E-005 9.99641E-005 9.99641E-005 0.0861984 9.99641E-005 0.544061 0.169991
9.99461E-005 9.99461E-005 9.99461E-005 9.99461E-005 9.99461E-005 0.0233635 0.976037 9.99461E-005
9.994E-005 9.994E-005 9.994E-005 9.994E-005 9.994E-005 9.994E-005 0.9993 9.994E-005
0.185012 0.0539093 9.9982E-005 9.9982E-005 0.0288272 0.0243103 0.554535 0.153206
9.99461E-005 9.99461E-005 9.99461E-005 0.000835315 9.99461E-005 9.99461E-005 0.998565 9.99461E-005
9.994E-005 9.994E-005 9.994E-005 9.994E-005 9.994E-005 9.994E-005 0.9993 9.994E-005
9.994E-005 9.994E-005 9.994E-005 9.994E-005 9.994E-005 9.994E-005 0.9993 9.994E-005
9.994E-005 9.994E-005 9.994E-005 9.994E-005 9.994E-005 9.994E-005 0.9993 9.994E-005
9.9955E-005 0.0288919 9.9955E-005 9.9955E-005 0.001426 9.9955E-005 0.969182 9.9955E-005
9.99731E-005 0.324362 0.0148712 0.243107 9.99731E-005 0.320961 9.99731E-005 0.0963986
9.99641E-005 0.0283564 0.0251443 0.932539 9.99641E-005 0.0135605 9.99641E-005 9.99641E-005
9.99461E-005 0.0480364 9.99461E-005 0.951364 9.99461E-005 9.99461E-005 9.99461E-005 9.99461E-005
9.99461E-005 9.99461E-005 9.99461E-005 9.99461E-005 0.988942 9.99461E-005 0.0104588 9.99461E-005
9.99551E-005 9.99551E-005 9.99551E-005 9.99551E-005 0.897588 9.99551E-005 0.0403325 0.0615794
9.99551E-005 9.99551E-005 9.99551E-005 9.99551E-005 0.894059 9.99551E-005 0.00828343 0.0971574
0.00186454 9.99641E-005 9.99641E-005 0.000111891 0.769235 9.99641E-005 9.99641E-005 0.228389
0.0311794 9.99551E-005 9.99551E-005 9.99551E-005 0.687567 9.99551E-005 9.99551E-005 0.280754
9.99551E-005 0.0200925 9.99551E-005 9.99551E-005 0.771114 9.99551E-005 9.99551E-005 0.208294
9.99552E-005 0.0502745 9.99552E-005 9.99552E-005 0.616673 9.99552E-005 9.99552E-005 0.332552
0.0580145 9.99551E-005 9.99551E-005 9.99551E-005 0.562966 9.99551E-005 9.99551E-005 0.378519
9.99551E-005 0.0292142 9.99551E-005 9.99551E-005 0.852099 9.99551E-005 9.99551E-005 0.118187
0.0440539 9.99641E-005 9.99641E-005 9.99641E-005 0.671338 0.00868478 9.99641E-005 0.275524
9.99641E-005 0.00061994 9.99641E-005 0.000177198 0.79607 9.99641E-005 9.99641E-005 0.202733
0.0157624 0.00308056 0.03183 9.99821E-005 0.871937 9.99821E-005 0.00759051 0.0695991
0.00469545 9.99551E-005 9.99551E-005 9.99551E-005 0.966242 9.99551E-005 9.99551E-005 0.0285631
9.99551E-005 9.99551E-005 9.99551E-005 9.99551E-005 0.844188 9.99551E-005 0.0155476 0.139764
9.99551E-005 9.99551E-005 9.99551E-005 9.99551E-005 0.888987 0.00237209 9.99551E-005 0.108141
9.9973E-005 0.0240121 0.0360869 9.9973E-005 0.508738 0.00998853 9.9973E-005 0.420874
9.99461E-005 9.99461E-005 9.99461E-005 9.99461E-005 0.968721 9.99461E-005 0.0306792 9.99461E-005
9.99641E-005 9.99641E-005 9.99641E-005 0.0247604 0.826958 9.99641E-005 0.00312067 0.144761
9.99462E-005 9.99462E-005 9.99462E-005 9.99462E-005 0.936638 9.99462E-005 9.99462E-005 0.0627622
9.99731E-005 0.0345414 0.00983136 9.99731E-005 0.478392 9.99731E-005 0.0254199 0.451516
9.99551E-005 9.99551E-005 9.99551E-005 9.99551E-005 0.732498 9.99551E-005 0.000175852 0.266827
9.99731E-005 9.99731E-005 0.00716382 0.0135548 0.953908 0.0181928 0.00688082 9.99731E-005
9.99461E-005 9.99461E-005 9.99461E-005 9.99461E-005 0.647839 9.99461E-005 9.99461E-005 0.351561
0.0705918 0.0245417 9.99551E-005 9.99551E-005 0.904367 9.99551E-005 9.99551E-005 9.99551E-005
9.99461E-005 9.99461E-005 9.99461E-005 9.99461E-005 0.738076 9.99461E-005 9.99461E-005 0.261324
0.0313915 0.0210768 0.0168377 9.9973E-005 0.80501 9.9973E-005 9.9973E-005 0.125385
0.170896 0.0268932 9.99731E-005 9.99731E-005 0.216893 9.99731E-005 0.566814 0.0182035
0.168073 0.151149 0.0342762 0.0151217 0.137609 0.0873353 0.355877 0.0505593
0.164904 0.0598903 9.99821E-005 0.00539189 0.241013 9.99821E-005 0.404096 0.124505
9.99731E-005 0.033402 0.0024007 0.549188 9.99731E-005 0.345712 0.0689969 9.99731E-005
0.0142744 9.99641E-005 9.99641E-005 0.68869 9.99641E-005 0.263175 9.99641E-005 0.0334607
0.0603365 0.0295908 9.99731E-005 0.647786 9.99731E-005 0.245189 0.0167977 9.99731E-005
9.99641E-005 0.0547786 9.99641E-005 0.582035 9.99641E-005 0.34745 0.0153358 9.99641E-005
9.99552E-005 9.99552E-005 9.99552E-005 0.727181 9.99552E-005 0.241051 0.0312681 9.99552E-005
0.00684261 0.00336719 9.99641E-005 0.646717 9.99641E-005 0.342673 9.99641E-005 9.99641E-005
9.99731E-005 0.104844 0.0360184 0.527909 9.99731E-005 0.286455 0.0444743 9.99731E-005
9.99551E-005 0.0122057 0.0232601 0.964034 9.99551E-005 9.99551E-005 9.99551E-005 9.99551E-005
9.994E-005 9.994E-005 9.994E-005 0.9993 9.994E-005 9.994E-005 9.994E-005 9.994E-005
9.99641E-005 0.0976764 9.99641E-005 0.869132 9.99641E-005 0.00135785 0.0314339 9.99641E-005
9.99641E-005 0.18438 9.99641E-005 0.2862 0.160843 9.99641E-005 9.99641E-005 0.368177
0.162747 0.106439 0.0594342 0.0956745 9.9982E-005 0.492528 9.9982E-005 0.0829767
9.99819E-005 0.0205951 0.732322 0.0217427 0.0555481 0.111521 0.0580718 9.99819E-005
0.643655 0.0351355 9.99731E-005 9.99731E-005 0.146635 9.99731E-005 0.163798 0.0104765
0.604349 0.00971031 9.99731E-005 9.99731E-005 0.0119556 0.0822088 0.291477 9.99731E-005
9.99548E-005 9.99548E-005 0.683059 9.99548E-005 0.244 9.99548E-005 9.99548E-005 0.0724414
0.0238925 0.000687557 9.99641E-005 9.99641E-005 0.764162 9.99641E-005 9.99641E-005 0.210858
9.994E-005 9.994E-005 9.994E-005 9.994E-005 9.994E-005 9.994E-005 9.994E-005 0.9993
9.99641E-005 9.99641E-005 0.0566172 9.99641E-005 0.555897 0.0127797 9.99641E-005 0.374307
9.994E-005 9.994E-005 9.994E-005 9.994E-005 9.994E-005 9.994E-005 9.994E-005 0.9993
0.0334725 9.99551E-005 9.99551E-005 9.99551E-005 0.795824 9.99551E-005 9.99551E-005 0.170204
0.0100472 9.99641E-005 9.99641E-005 9.99641E-005 0.849617 9.99641E-005 0.00884924 0.131087
9.99641E-005 9.99641E-005 9.99641E-005 0.0210169 0.934959 9.99641E-005 0.000193744 0.0434306
9.994E-005 9.994E-005 9.994E-005 9.994E-005 9.994E-005 9.994E-005 9.994E-005 0.9993
9.99551E-005 9.99551E-005 9.99551E-005 0.0372597 0.814712 9.99551E-005 9.99551E-005 0.147528
9.99551E-005 9.99551E-005 9.99551E-005 9.99551E-005 0.904909 9.99551E-005 0.0301394 0.0644515
9.99462E-005 9.99462E-005 9.99462E-005 9.99462E-005 0.238603 9.99462E-005 9.99462E-005 0.760798
9.99551E-005 9.99551E-005 9.99551E-005 9.99551E-005 0.0934113 9.99551E-005 0.036217 0.869872
9.99731E-005 0.00262978 9.99731E-005 0.013075 0.156408 9.99731E-005 0.0101086 0.817479
9.99551E-005 0.028063 9.99551E-005 9.99551E-005 0.87419 9.99551E-005 9.99551E-005 0.097247
0.0629565 9.99551E-005 9.99551E-005 9.99551E-005 0.405413 9.99551E-005 9.99551E-005 0.531131
9.99731E-005 0.327794 9.99731E-005 0.267736 9.99731E-005 0.26912 0.0658285 0.0692211
9.9982E-005 0.331776 9.9982E-005 0.209206 0.0487132 0.37213 0.0257961 0.0121793
9.99731E-005 0.341357 9.99731E-005 0.213874 0.0589677 0.354399 0.0311022 9.99731E-005
9.99462E-005 9.99462E-005 9.99462E-005 0.985225 0.0141752 9.99462E-005 9.99462E-005 9.99462E-005
0.000400713 0.0197031 9.99641E-005 0.978954 9.99641E-005 9.99641E-005 9.99641E-005 0.000542187
0.0367508 9.99462E-005 9.99462E-005 0.96265 9.99462E-005 9.99462E-005 9.99462E-005 9.99462E-005
0.0368078 0.0493055 9.99551E-005 0.913387 9.99551E-005 9.99551E-005 9.99551E-005 9.99551E-005
0.698682 0.0109765 9.99731E-005 9.99731E-005 0.0561424 0.0331105 0.200788 9.99731E-005
0.72186 0.0356515 9.99731E-005 0.00497522 9.99731E-005 9.99731E-005 0.219048 0.0181658
0.553763 0.0312999 0.00643416 0.0847518 0.0317814 0.0368868 0.248914 0.00616939
9.99821E-005 0.345239 0.000131403 0.247366 9.99821E-005 0.304521 0.0136686 0.0888734
0.01259 0.347555 0.0687687 0.217263 0.0321627 0.307481 9.9991E-005 0.0140797
9.9982E-005 0.267757 0.0212237 0.178552 9.9982E-005 0.359434 0.0575313 0.115302
9.9991E-005 0.34174 0.0711436 0.182171 0.0927261 0.283168 0.0228735 0.00607783
