9.99282E-005 9.99282E-005 0.0141251 0.0217167 9.99282E-005 9.99282E-005 0.0010971 0.86861 0.0109072 0.0673818 9.99282E-005 9.99282E-005 9.99282E-005 0.0153632 9.99282E-005
9.98922E-005 9.98922E-005 0.0129916 9.98922E-005 0.155335 9.98922E-005 9.98922E-005 0.830475 9.98922E-005 9.98922E-005 9.98922E-005 9.98922E-005 9.98922E-005 9.98922E-005 9.98922E-005
9.99012E-005 9.99012E-005 0.0214022 9.99012E-005 0.340214 9.99012E-005 9.99012E-005 0.592599 9.99012E-005 9.99012E-005 9.99012E-005 9.99012E-005 9.99012E-005 0.0446862 9.99012E-005
0.148617 9.99193E-005 9.99193E-005 0.00815837 0.363472 9.99193E-005 9.99193E-005 0.426228 0.000464372 9.99193E-005 0.05216 9.99193E-005 9.99193E-005 9.99193E-005 9.99193E-005
9.99192E-005 9.99192E-005 0.00726058 0.0539444 0.340858 9.99192E-005 9.99192E-005 0.584262 9.99192E-005 0.00239809 9.99192E-005 9.99192E-005 9.99192E-005 0.0103769 9.99192E-005
9.98742E-005 9.98742E-005 9.98742E-005 9.98742E-005 9.98742E-005 9.98742E-005 9.98742E-005 0.998602 9.98742E-005 9.98742E-005 9.98742E-005 9.98742E-005 9.98742E-005 9.98742E-005 9.98742E-005
9.98743E-005 9.98743E-005 9.98743E-005 9.98743E-005 9.98743E-005 9.98743E-005 9.98743E-005 0.998602 9.98743E-005 9.98743E-005 9.98743E-005 9.98743E-005 9.98743E-005 9.98743E-005 9.98743E-005
0.0790983 9.99282E-005 9.99282E-005 0.0533652 9.99282E-005 0.0098686 0.0134936 0.709075 9.99282E-005 9.99282E-005 0.0440749 9.99282E-005 0.0902245 9.99282E-005 9.99282E-005
0.0992112 0.0092264 9.99011E-005 9.99011E-005 9.99011E-005 9.99011E-005 9.99011E-005 0.860035 9.99011E-005 9.99011E-005 9.99011E-005 0.0304285 9.99011E-005 9.99011E-005 9.99011E-005
9.99012E-005 0.00753897 9.99012E-005 9.99012E-005 9.99012E-005 9.99012E-005 9.99012E-005 0.862986 9.99012E-005 9.99012E-005 0.0414935 0.0868823 9.99012E-005 9.99012E-005 9.99012E-005
9.98923E-005 0.0737754 9.98923E-005 9.98923E-005 9.98923E-005 9.98923E-005 9.98923E-005 0.880303 9.98923E-005 9.98923E-005 9.98923E-005 9.98923E-005 9.98923E-005 9.98923E-005 0.0447227
9.98833E-005 9.98833E-005 0.0354824 9.98833E-005 0.963219 9.98833E-005 9.98833E-005 9.98833E-005 9.98833E-005 9.98833E-005 9.98833E-005 9.98833E-005 9.98833E-005 9.98833E-005 9.98833E-005
9.99013E-005 0.00462081 9.99013E-005 9.99013E-005 0.810832 9.99013E-005 9.99013E-005 0.136659 9.99013E-005 9.99013E-005 9.99013E-005 9.99013E-005 0.0467895 9.99013E-005 9.99013E-005
9.98834E-005 9.98834E-005 9.98834E-005 9.98834E-005 0.982732 9.98834E-005 9.98834E-005 9.98834E-005 9.98834E-005 9.98834E-005 9.98834E-005 9.98834E-005 9.98834E-005 9.98834E-005 0.01597
0.0836679 0.0388608 9.99102E-005 9.99102E-005 0.823266 9.99102E-005 9.99102E-005 9.99102E-005 0.0166326 9.99102E-005 9.99102E-005 0.0365742 9.99102E-005 9.99102E-005 9.99102E-005
9.99102E-005 0.00116585 9.99102E-005 9.99102E-005 0.882497 9.99102E-005 9.99102E-005 9.99102E-005 9.99102E-005 0.0276149 9.99102E-005 9.99102E-005 0.0139985 0.0737243 9.99102E-005
9.98833E-005 9.98833E-005 9.98833E-005 9.98833E-005 0.971834 9.98833E-005 9.98833E-005 9.98833E-005 9.98833E-005 0.0268679 9.98833E-005 9.98833E-005 9.98833E-005 9.98833E-005 9.98833E-005
9.98922E-005 9.98922E-005 9.98922E-005 9.98922E-005 0.859578 9.98922E-005 0.0180997 9.98922E-005 9.98922E-005 9.98922E-005 9.98922E-005 9.98922E-005 9.98922E-005 0.121124 9.98922E-005
0.0643393 9.99282E-005 0.528341 0.027837 0.0121402 9.99282E-005 9.99282E-005 0.0576455 9.99282E-005 9.99282E-005 0.248367 9.99282E-005 9.99282E-005 0.0605311 9.99282E-005
9.99013E-005 9.99013E-005 0.0347665 9.99013E-005 0.0678721 9.99013E-005 9.99013E-005 9.99013E-005 9.99013E-005 0.0689748 0.827288 9.99013E-005 9.99013E-005 9.99013E-005 9.99013E-005
9.98924E-005 9.98924E-005 0.0960169 9.98924E-005 9.98924E-005 9.98924E-005 0.00248639 9.98924E-005 9.98924E-005 9.98924E-005 0.900298 9.98924E-005 9.98924E-005 9.98924E-005 9.98924E-005
9.99192E-005 9.99192E-005 0.235465 0.0104129 9.99192E-005 9.99192E-005 0.00708994 0.0565691 9.99192E-005 9.99192E-005 0.638054 9.99192E-005 9.99192E-005 9.99192E-005 0.05151
9.99012E-005 0.043102 0.0435315 9.99012E-005 9.99012E-005 9.99012E-005 9.99012E-005 9.99012E-005 9.99012E-005 9.99012E-005 0.85198 9.99012E-005 9.99012E-005 9.99012E-005 0.0602877
9.98739E-005 9.98739E-005 0.998602 9.98739E-005 9.98739E-005 9.98739E-005 9.98739E-005 9.98739E-005 9.98739E-005 9.98739E-005 9.98739E-005 9.98739E-005 9.98739E-005 9.98739E-005 9.98739E-005
9.98742E-005 9.98742E-005 0.998602 9.98742E-005 9.98742E-005 9.98742E-005 9.98742E-005 9.98742E-005 9.98742E-005 9.98742E-005 9.98742E-005 9.98742E-005 9.98742E-005 9.98742E-005 9.98742E-005
9.98742E-005 9.98742E-005 0.998602 9.98742E-005 9.98742E-005 9.98742E-005 9.98742E-005 9.98742E-005 9.98742E-005 9.98742E-005 9.98742E-005 9.98742E-005 9.98742E-005 9.98742E-005 9.98742E-005
0.0569506 9.99282E-005 0.0486907 0.03575 9.99282E-005 0.00554135 9.99282E-005 9.99282E-005 9.99282E-005 0.0164081 0.791387 0.0444725 9.99282E-005 9.99282E-005 9.99282E-005
9.99012E-005 9.99012E-005 0.745933 9.99012E-005 9.99012E-005 9.99012E-005 9.99012E-005 0.0106366 0.049818 9.99012E-005 0.192514 9.99012E-005 9.99012E-005 9.99012E-005 9.99012E-005
0.00899215 0.0267573 0.0202379 9.99192E-005 9.99192E-005 9.99192E-005 9.99192E-005 9.99192E-005 9.99192E-005 0.0360045 0.881276 9.99192E-005 9.99192E-005 0.0258328 9.99192E-005
9.98742E-005 9.98742E-005 0.998602 9.98742E-005 9.98742E-005 9.98742E-005 9.98742E-005 9.98742E-005 9.98742E-005 9.98742E-005 9.98742E-005 9.98742E-005 9.98742E-005 9.98742E-005 9.98742E-005
9.99192E-005 9.99192E-005 0.154459 9.99192E-005 9.99192E-005 9.99192E-005 9.99192E-005 0.0760334 0.00112159 0.0143701 0.694692 9.99192E-005 0.0584249 9.99192E-005 9.99192E-005
9.98833E-005 0.00527284 0.993429 9.98833E-005 9.98833E-005 9.98833E-005 9.98833E-005 9.98833E-005 9.98833E-005 9.98833E-005 9.98833E-005 9.98833E-005 9.98833E-005 9.98833E-005 9.98833E-005
9.99013E-005 9.99013E-005 0.0974356 9.99013E-005 9.99013E-005 9.99013E-005 9.99013E-005 9.99013E-005 9.99013E-005 0.0123587 0.811413 9.99013E-005 9.99013E-005 0.0776937 9.99013E-005
9.98923E-005 9.98923E-005 0.242604 9.98923E-005 9.98923E-005 9.98923E-005 9.98923E-005 9.98923E-005 9.98923E-005 9.98923E-005 0.719709 9.98923E-005 9.98923E-005 9.98923E-005 0.0364876
9.99192E-005 9.99192E-005 0.148952 9.99192E-005 9.99192E-005 0.0106596 9.99192E-005 9.99192E-005 9.99192E-005 9.99192E-005 0.744072 0.0242385 0.0414533 0.0297252 9.99192E-005
9.99013E-005 9.99013E-005 0.120227 9.99013E-005 9.99013E-005 9.99013E-005 9.99013E-005 0.0131776 9.99013E-005 0.03057 0.834927 9.99013E-005 9.99013E-005 9.99013E-005 9.99013E-005
9.99192E-005 9.99192E-005 0.100302 9.99192E-005 9.99192E-005 9.99192E-005 0.0171456 0.0300677 9.99192E-005 0.0641782 0.762131 0.0252762 9.99192E-005 9.99192E-005 9.99192E-005
9.99282E-005 9.99282E-005 9.99282E-005 0.699691 0.154299 9.99282E-005 9.99282E-005 9.99282E-005 0.0348703 9.99282E-005 0.0194403 0.0049128 9.99282E-005 0.0665903 0.0193971
9.98743E-005 9.98743E-005 9.98743E-005 0.998602 9.98743E-005 9.98743E-005 9.98743E-005 9.98743E-005 9.98743E-005 9.98743E-005 9.98743E-005 9.98743E-005 9.98743E-005 9.98743E-005 9.98743E-005
9.99283E-005 9.99283E-005 0.0213636 0.75984 9.99283E-005 0.0151857 9.99283E-005 0.0303496 0.0361746 9.99283E-005 9.99283E-005 0.0238821 9.99283E-005 0.112405 9.99283E-005
9.99013E-005 0.012281 9.99013E-005 0.797234 9.99013E-005 9.99013E-005 0.0126155 9.99013E-005 9.99013E-005 9.99013E-005 9.99013E-005 9.99013E-005 9.99013E-005 0.176771 9.99013E-005
9.99102E-005 9.99102E-005 0.013802 0.738829 9.99102E-005 0.0190459 0.0176279 9.99102E-005 9.99102E-005 9.99102E-005 9.99102E-005 9.99102E-005 9.99102E-005 0.209696 9.99102E-005
9.99012E-005 9.99012E-005 9.99012E-005 0.92759 0.0179255 9.99012E-005 9.99012E-005 9.99012E-005 9.99012E-005 0.0251626 9.99012E-005 9.99012E-005 9.99012E-005 0.0282229 9.99012E-005
9.99013E-005 9.99013E-005 9.99013E-005 0.778344 9.99013E-005 9.99013E-005 0.000591425 9.99013E-005 9.99013E-005 0.0127898 9.99013E-005 9.99013E-005 9.99013E-005 0.207175 9.99013E-005
0.0662122 9.99192E-005 0.00708351 0.77055 0.112539 9.99192E-005 9.99192E-005 9.99192E-005 9.99192E-005 9.99192E-005 9.99192E-005 9.99192E-005 0.00102492 0.0416911 9.99192E-005
9.98923E-005 9.98923E-005 0.0130736 0.934013 9.98923E-005 9.98923E-005 9.98923E-005 9.98923E-005 9.98923E-005 9.98923E-005 9.98923E-005 9.98923E-005 9.98923E-005 0.0517148 9.98923E-005
0.547796 9.99192E-005 0.0273038 0.00433442 0.198603 9.99192E-005 9.99192E-005 9.99192E-005 9.99192E-005 9.99192E-005 9.99192E-005 0.0527201 0.168344 9.99192E-005 9.99192E-005
9.98702E-005 9.98702E-005 9.98702E-005 9.98702E-005 9.98702E-005 9.98702E-005 0.998602 9.98702E-005 9.98702E-005 9.98702E-005 9.98702E-005 9.98702E-005 9.98702E-005 9.98702E-005 9.98702E-005
9.98922E-005 0.96585 9.98922E-005 0.0131135 9.98922E-005 9.98922E-005 0.0198373 9.98922E-005 9.98922E-005 9.98922E-005 9.98922E-005 9.98922E-005 9.98922E-005 9.98922E-005 9.98922E-005
0.876276 9.98924E-005 9.98924E-005 9.98924E-005 9.98924E-005 9.98924E-005 9.98924E-005 9.98924E-005 9.98924E-005 0.0686198 9.98924E-005 9.98924E-005 9.98924E-005 0.0539056 9.98924E-005
0.246344 0.742417 9.9892E-005 9.9892E-005 9.9892E-005 9.9892E-005 9.9892E-005 9.9892E-005 9.9892E-005 0.0100409 9.9892E-005 9.9892E-005 9.9892E-005 9.9892E-005 9.9892E-005
9.98741E-005 9.98741E-005 9.98741E-005 9.98741E-005 9.98741E-005 9.98741E-005 9.98741E-005 9.98741E-005 9.98741E-005 0.998602 9.98741E-005 9.98741E-005 9.98741E-005 9.98741E-005 9.98741E-005
0.913914 9.98923E-005 9.98923E-005 9.98923E-005 9.98923E-005 0.0212191 9.98923E-005 9.98923E-005 9.98923E-005 9.98923E-005 0.0636684 9.98923E-005 9.98923E-005 9.98923E-005 9.98923E-005
0.837556 0.0118662 0.0186977 0.0974686 9.99192E-005 9.99192E-005 9.99192E-005 0.027173 9.99192E-005 9.99192E-005 9.99192E-005 9.99192E-005 9.99192E-005 9.99192E-005 0.00633902
9.98833E-005 9.98833E-005 9.98833E-005 9.98833E-005 9.98833E-005 9.98833E-005 9.98833E-005 9.98833E-005 9.98833E-005 0.994133 9.98833E-005 0.00456858 9.98833E-005 9.98833E-005 9.98833E-005
0.872075 9.98924E-005 9.98924E-005 9.98924E-005 9.98924E-005 9.98924E-005 9.98924E-005 0.00845708 9.98924E-005 0.118269 9.98924E-005 9.98924E-005 9.98924E-005 9.98924E-005 9.98924E-005
0.848576 9.99191E-005 0.0347787 9.99191E-005 9.99191E-005 0.0338255 9.99191E-005 9.99191E-005 0.0210499 0.0222384 9.99191E-005 9.99191E-005 9.99191E-005 0.0386324 9.99191E-005
9.98833E-005 9.98833E-005 9.98833E-005 9.98833E-005 9.98833E-005 0.00228052 9.98833E-005 9.98833E-005 9.98833E-005 0.996421 9.98833E-005 9.98833E-005 9.98833E-005 9.98833E-005 9.98833E-005
0.998602 9.98742E-005 9.98742E-005 9.98742E-005 9.98742E-005 9.98742E-005 9.98742E-005 9.98742E-005 9.98742E-005 9.98742E-005 9.98742E-005 9.98742E-005 9.98742E-005 9.98742E-005 9.98742E-005
0.998602 9.98743E-005 9.98743E-005 9.98743E-005 9.98743E-005 9.98743E-005 9.98743E-005 9.98743E-005 9.98743E-005 9.98743E-005 9.98743E-005 9.98743E-005 9.98743E-005 9.98743E-005 9.98743E-005
9.99013E-005 9.99013E-005 0.0122494 9.99013E-005 9.99013E-005 0.0030045 9.99013E-005 9.99013E-005 9.99013E-005 9.99013E-005 0.0070767 9.99013E-005 0.97657 9.99013E-005 9.99013E-005
9.98923E-005 9.98923E-005 9.98923E-005 9.98923E-005 9.98923E-005 0.0367298 9.98923E-005 9.98923E-005 9.98923E-005 9.98923E-005 0.075314 9.98923E-005 0.886757 9.98923E-005 9.98923E-005
0.0184658 9.99372E-005 0.00841643 0.0477896 9.99372E-005 9.99372E-005 0.00496275 0.0168804 0.0833534 9.99372E-005 9.99372E-005 9.99372E-005 0.807264 0.0121684 9.99372E-005
9.98743E-005 9.98743E-005 9.98743E-005 9.98743E-005 9.98743E-005 9.98743E-005 9.98743E-005 9.98743E-005 0.998602 9.98743E-005 9.98743E-005 9.98743E-005 9.98743E-005 9.98743E-005 9.98743E-005
9.99102E-005 9.99102E-005 0.0171321 9.99102E-005 9.99102E-005 0.0184775 9.99102E-005 9.99102E-005 0.832193 9.99102E-005 9.99102E-005 0.0958289 9.99102E-005 9.99102E-005 0.0353699
0.00526378 9.99014E-005 0.00227678 9.99014E-005 9.99014E-005 0.985023 0.00633787 9.99014E-005 9.99014E-005 9.99014E-005 9.99014E-005 9.99014E-005 9.99014E-005 9.99014E-005 9.99014E-005
9.98742E-005 9.98742E-005 9.98742E-005 9.98742E-005 9.98742E-005 0.998602 9.98742E-005 9.98742E-005 9.98742E-005 9.98742E-005 9.98742E-005 9.98742E-005 9.98742E-005 9.98742E-005 9.98742E-005
9.99103E-005 9.99103E-005 9.99103E-005 9.99103E-005 0.0393656 0.0795481 9.99103E-005 9.99103E-005 0.85445 0.0158835 9.99103E-005 9.99103E-005 9.99103E-005 9.99103E-005 0.00975316
0.0276598 9.99012E-005 9.99012E-005 9.99012E-005 9.99012E-005 0.0578422 9.99012E-005 9.99012E-005 0.855904 9.99012E-005 9.99012E-005 9.99012E-005 9.99012E-005 9.99012E-005 0.057495
9.99102E-005 9.99102E-005 9.99102E-005 9.99102E-005 0.0437309 0.93656 9.99102E-005 9.99102E-005 0.00287867 9.99102E-005 9.99102E-005 9.99102E-005 0.00690093 0.0089309 9.99102E-005
9.98743E-005 9.98743E-005 9.98743E-005 9.98743E-005 9.98743E-005 0.998602 9.98743E-005 9.98743E-005 9.98743E-005 9.98743E-005 9.98743E-005 9.98743E-005 9.98743E-005 9.98743E-005 9.98743E-005
9.98833E-005 9.98833E-005 9.98833E-005 9.98833E-005 9.98833E-005 9.98833E-005 9.98833E-005 0.0224763 0.976225 9.98833E-005 9.98833E-005 9.98833E-005 9.98833E-005 9.98833E-005 9.98833E-005
0.0268803 9.98834E-005 9.98834E-005 9.98834E-005 9.98834E-005 0.971821 9.98834E-005 9.98834E-005 9.98834E-005 9.98834E-005 9.98834E-005 9.98834E-005 9.98834E-005 9.98834E-005 9.98834E-005
9.99011E-005 9.99011E-005 9.99011E-005 9.99011E-005 9.99011E-005 0.9224 0.0197994 9.99011E-005 0.0383869 9.99011E-005 9.99011E-005 9.99011E-005 0.0183147 9.99011E-005 9.99011E-005
9.98834E-005 0.00411924 9.98834E-005 9.98834E-005 9.98834E-005 0.994582 9.98834E-005 9.98834E-005 9.98834E-005 9.98834E-005 9.98834E-005 9.98834E-005 9.98834E-005 9.98834E-005 9.98834E-005
9.98833E-005 9.98833E-005 9.98833E-005 9.98833E-005 9.98833E-005 0.846764 9.98833E-005 9.98833E-005 0.151937 9.98833E-005 9.98833E-005 9.98833E-005 9.98833E-005 9.98833E-005 9.98833E-005
9.98922E-005 9.98922E-005 0.0346805 9.98922E-005 9.98922E-005 0.932908 9.98922E-005 9.98922E-005 9.98922E-005 9.98922E-005 9.98922E-005 0.0312126 9.98922E-005 9.98922E-005 9.98922E-005
9.99014E-005 9.99014E-005 9.99014E-005 9.99014E-005 0.0066689 9.99014E-005 9.99014E-005 9.99014E-005 9.99014E-005 9.99014E-005 0.934174 9.99014E-005 9.99014E-005 0.050584 0.00747412
9.99102E-005 9.99102E-005 0.0212837 0.796493 9.99102E-005 9.99102E-005 9.99102E-005 0.047116 0.0281288 9.99102E-005 9.99102E-005 9.99102E-005 9.99102E-005 0.105979 9.99102E-005
9.99013E-005 9.99013E-005 0.0584678 0.928422 9.99013E-005 9.99013E-005 9.99013E-005 9.99013E-005 9.99013E-005 9.99013E-005 9.99013E-005 9.99013E-005 0.000132371 0.0118793 9.99013E-005
9.99013E-005 9.99013E-005 9.99013E-005 9.99013E-005 9.99013E-005 0.0400565 9.99013E-005 9.99013E-005 9.99013E-005 0.00183287 9.99013E-005 0.951595 9.99013E-005 9.99013E-005 0.00541658
9.99013E-005 0.0364659 9.99013E-005 9.99013E-005 9.99013E-005 0.045954 9.99013E-005 9.99013E-005 9.99013E-005 9.99013E-005 9.99013E-005 0.859003 9.99013E-005 9.99013E-005 0.0574781
9.99013E-005 9.99013E-005 9.99013E-005 9.99013E-005 9.99013E-005 0.0204062 9.99013E-005 9.99013E-005 0.029711 9.99013E-005 9.99013E-005 0.811533 9.99013E-005 9.99013E-005 0.137251
0.0313717 9.99013E-005 9.99013E-005 9.99013E-005 9.99013E-005 9.99013E-005 9.99013E-005 9.99013E-005 9.99013E-005 9.99013E-005 9.99013E-005 0.925123 9.99013E-005 0.0158633 0.0265436
9.99103E-005 9.99103E-005 9.99103E-005 9.99103E-005 9.99103E-005 0.00906878 9.99103E-005 9.99103E-005 9.99103E-005 0.0345938 9.99103E-005 0.500206 0.063952 9.99103E-005 0.39118
9.99012E-005 9.99012E-005 9.99012E-005 9.99012E-005 9.99012E-005 9.99012E-005 9.99012E-005 9.99012E-005 0.0709134 0.0665636 9.99012E-005 0.692425 9.99012E-005 9.99012E-005 0.169
9.99283E-005 0.000391907 0.0467278 9.99283E-005 9.99283E-005 0.0175955 9.99283E-005 9.99283E-005 0.0123495 9.99283E-005 0.000409913 0.636631 9.99283E-005 9.99283E-005 0.285095
9.99103E-005 9.99103E-005 9.99103E-005 9.99103E-005 9.99103E-005 0.00681096 9.99103E-005 9.99103E-005 9.99103E-005 0.0279824 9.99103E-005 0.593171 0.0377864 9.99103E-005 0.33325
0.0430964 9.99013E-005 9.99013E-005 9.99013E-005 9.99013E-005 9.99013E-005 9.99013E-005 9.99013E-005 9.99013E-005 9.99013E-005 0.0534956 0.799024 9.99013E-005 9.99013E-005 0.103285
0.0630475 9.99012E-005 9.99012E-005 9.99012E-005 0.0201024 9.99012E-005 9.99012E-005 9.99012E-005 9.99012E-005 9.99012E-005 9.99012E-005 0.906764 9.99012E-005 9.99012E-005 0.00898727
9.98835E-005 9.98835E-005 9.98835E-005 9.98835E-005 9.98835E-005 9.98835E-005 9.98835E-005 9.98835E-005 9.98835E-005 9.98835E-005 9.98835E-005 0.97125 9.98835E-005 0.0274513 9.98835E-005
9.99193E-005 0.0255633 9.99193E-005 9.99193E-005 9.99193E-005 9.99193E-005 0.0123883 9.99193E-005 0.0442933 0.0553791 9.99193E-005 0.800776 9.99193E-005 9.99193E-005 0.0607005
0.034196 9.98923E-005 9.98923E-005 9.98923E-005 9.98923E-005 9.98923E-005 9.98923E-005 9.98923E-005 0.0206531 9.98923E-005 9.98923E-005 0.943952 9.98923E-005 9.98923E-005 9.98923E-005
9.99012E-005 9.99012E-005 9.99012E-005 9.99012E-005 9.99012E-005 0.0184213 9.99012E-005 9.99012E-005 9.99012E-005 0.022202 9.99012E-005 0.879007 9.99012E-005 9.99012E-005 0.0792705
9.99013E-005 9.99013E-005 9.99013E-005 9.99013E-005 9.99013E-005 9.99013E-005 9.99013E-005 0.00785971 9.99013E-005 9.99013E-005 9.99013E-005 0.867839 0.060632 9.99013E-005 0.0625704
9.99282E-005 0.0455271 0.00108741 9.99282E-005 9.99282E-005 9.99282E-005 9.99282E-005 9.99282E-005 9.99282E-005 0.00791568 9.99282E-005 0.59129 0.0192402 0.0443154 0.289825
9.99013E-005 0.0123871 9.99013E-005 9.99013E-005 9.99013E-005 0.0583444 9.99013E-005 9.99013E-005 9.99013E-005 9.99013E-005 9.99013E-005 0.8775 9.99013E-005 9.99013E-005 0.0506695
9.99013E-005 9.99013E-005 9.99013E-005 0.0380882 9.99013E-005 9.99013E-005 9.99013E-005 0.0107281 9.99013E-005 9.99013E-005 9.99013E-005 0.802519 9.99013E-005 9.99013E-005 0.147566
9.98924E-005 0.00964789 9.98924E-005 9.98924E-005 9.98924E-005 9.98924E-005 9.98924E-005 9.98924E-005 9.98924E-005 0.0438858 9.98924E-005 0.945268 9.98924E-005 9.98924E-005 9.98924E-005
9.99192E-005 0.00776211 9.99192E-005 9.99192E-005 9.99192E-005 9.99192E-005 0.00319917 9.99192E-005 0.0901312 9.99192E-005 0.0470124 0.462113 9.99192E-005 9.99192E-005 0.388883
9.99192E-005 0.0143052 9.99192E-005 9.99192E-005 9.99192E-005 9.99192E-005 9.99192E-005 9.99192E-005 0.0251911 0.00179228 0.00695139 0.591327 9.99192E-005 9.99192E-005 0.359534
9.99013E-005 9.99013E-005 9.99013E-005 9.99013E-005 0.0354762 9.99013E-005 9.99013E-005 9.99013E-005 0.0140506 9.99013E-005 9.99013E-005 0.909068 9.99013E-005 0.0403066 9.99013E-005
9.99192E-005 0.0335477 9.99192E-005 9.99192E-005 9.99192E-005 0.00161239 9.99192E-005 0.00420676 0.0326513 9.99192E-005 9.99192E-005 0.38249 9.99192E-005 9.99192E-005 0.544592
9.99282E-005 0.0213632 0.0235577 9.99282E-005 9.99282E-005 9.99282E-005 0.00613659 9.99282E-005 9.99282E-005 0.0820841 9.99282E-005 0.857322 0.00741429 9.99282E-005 0.00132235
9.98922E-005 9.98922E-005 9.98922E-005 9.98922E-005 9.98922E-005 9.98922E-005 9.98922E-005 9.98922E-005 9.98922E-005 9.98922E-005 9.98922E-005 0.71091 0.0629875 9.98922E-005 0.224903
9.99371E-005 0.0110227 0.00700971 9.99371E-005 9.99371E-005 9.99371E-005 0.00201231 0.0310302 9.99371E-005 0.0136517 9.99371E-005 0.897128 0.00460351 9.99371E-005 0.0328426
9.98833E-005 9.98833E-005 9.98833E-005 9.98833E-005 9.98833E-005 9.98833E-005 9.98833E-005 9.98833E-005 0.96886 9.98833E-005 9.98833E-005 9.98833E-005 0.0298417 9.98833E-005 9.98833E-005
9.99012E-005 0.050175 9.99012E-005 9.99012E-005 9.99012E-005 9.99012E-005 9.99012E-005 9.99012E-005 0.706414 0.00511504 0.237197 9.99012E-005 9.99012E-005 9.99012E-005 9.99012E-005
0.00251344 9.99014E-005 0.00913173 9.99014E-005 9.99014E-005 9.99014E-005 9.99014E-005 9.99014E-005 0.877573 9.99014E-005 9.99014E-005 0.109683 9.99014E-005 9.99014E-005 9.99014E-005
9.99102E-005 9.99102E-005 9.99102E-005 0.00980915 0.198359 0.0288105 9.99102E-005 9.99102E-005 9.99102E-005 9.99102E-005 0.0353729 9.99102E-005 9.99102E-005 0.72665 9.99102E-005
9.98739E-005 9.98739E-005 9.98739E-005 9.98739E-005 9.98739E-005 9.98739E-005 9.98739E-005 9.98739E-005 9.98739E-005 9.98739E-005 9.98739E-005 9.98739E-005 9.98739E-005 0.998602 9.98739E-005
9.98924E-005 9.98924E-005 0.00368205 9.98924E-005 9.98924E-005 9.98924E-005 9.98924E-005 9.98924E-005 9.98924E-005 0.0140343 9.98924E-005 9.98924E-005 9.98924E-005 0.981085 9.98924E-005
9.98832E-005 9.98832E-005 0.0120062 9.98832E-005 9.98832E-005 9.98832E-005 9.98832E-005 9.98832E-005 9.98832E-005 9.98832E-005 9.98832E-005 9.98832E-005 9.98832E-005 0.986695 9.98832E-005
9.98834E-005 9.98834E-005 9.98834E-005 0.0877277 9.98834E-005 9.98834E-005 9.98834E-005 9.98834E-005 9.98834E-005 9.98834E-005 9.98834E-005 9.98834E-005 9.98834E-005 0.910974 9.98834E-005
9.98743E-005 9.98743E-005 9.98743E-005 9.98743E-005 9.98743E-005 9.98743E-005 9.98743E-005 9.98743E-005 9.98743E-005 9.98743E-005 9.98743E-005 9.98743E-005 9.98743E-005 0.998602 9.98743E-005
0.0328199 9.99372E-005 0.0275247 0.163227 0.176121 0.0239035 0.0151528 9.99372E-005 9.99372E-005 9.99372E-005 0.0830238 9.99372E-005 9.99372E-005 0.477527 9.99372E-005
9.98923E-005 0.0140237 9.98923E-005 0.982842 9.98923E-005 9.98923E-005 0.00193608 9.98923E-005 9.98923E-005 9.98923E-005 9.98923E-005 9.98923E-005 9.98923E-005 9.98923E-005 9.98923E-005
9.98744E-005 9.98744E-005 9.98744E-005 0.998602 9.98744E-005 9.98744E-005 9.98744E-005 9.98744E-005 9.98744E-005 9.98744E-005 9.98744E-005 9.98744E-005 9.98744E-005 9.98744E-005 9.98744E-005
9.99282E-005 9.99282E-005 0.0612201 0.86244 0.0294678 0.0161558 0.0141531 9.99282E-005 0.0101247 9.99282E-005 9.99282E-005 9.99282E-005 9.99282E-005 9.99282E-005 0.00563948
9.99193E-005 9.99193E-005 0.00446168 0.00853225 9.99193E-005 9.99193E-005 9.99193E-005 9.99193E-005 9.99193E-005 9.99193E-005 0.372665 0.207589 9.99193E-005 0.138703 0.26715
0.137124 0.0403782 0.0295846 9.99461E-005 0.484097 9.99461E-005 0.000134885 0.123927 0.0301334 9.99461E-005 0.111226 9.99461E-005 9.99461E-005 9.99461E-005 0.0427957
9.9901E-005 0.856211 0.00856621 9.9901E-005 0.108971 9.9901E-005 9.9901E-005 0.0251524 9.9901E-005 9.9901E-005 9.9901E-005 9.9901E-005 9.9901E-005 9.9901E-005 9.9901E-005
0.0113123 9.98923E-005 9.98923E-005 9.98923E-005 9.98923E-005 9.98923E-005 9.98923E-005 9.98923E-005 9.98923E-005 9.98923E-005 9.98923E-005 0.0539069 0.933582 9.98923E-005 9.98923E-005
9.99013E-005 9.99013E-005 9.99013E-005 9.99013E-005 9.99013E-005 0.0308734 9.99013E-005 0.0437886 9.99013E-005 0.0346767 9.99013E-005 9.99013E-005 0.889562 9.99013E-005 9.99013E-005
9.98918E-005 0.917024 9.98918E-005 9.98918E-005 9.98918E-005 9.98918E-005 9.98918E-005 9.98918E-005 9.98918E-005 9.98918E-005 9.98918E-005 0.066378 9.98918E-005 9.98918E-005 0.0153994
0.0741486 9.99014E-005 9.99014E-005 9.99014E-005 9.99014E-005 9.99014E-005 9.99014E-005 9.99014E-005 0.0235878 9.99014E-005 9.99014E-005 0.718211 9.99014E-005 9.99014E-005 0.182954
9.98743E-005 9.98743E-005 9.98743E-005 9.98743E-005 9.98743E-005 9.98743E-005 9.98743E-005 9.98743E-005 9.98743E-005 9.98743E-005 9.98743E-005 9.98743E-005 9.98743E-005 9.98743E-005 0.998602
9.99282E-005 0.0452944 0.00106269 9.99282E-005 0.0326465 9.99282E-005 0.0108586 9.99282E-005 0.0521117 9.99282E-005 9.99282E-005 0.584671 9.99282E-005 9.99282E-005 0.272556
9.98738E-005 9.98738E-005 9.98738E-005 9.98738E-005 9.98738E-005 9.98738E-005 9.98738E-005 9.98738E-005 9.98738E-005 9.98738E-005 9.98738E-005 9.98738E-005 9.98738E-005 9.98738E-005 0.998602
0.0477204 9.99012E-005 9.99012E-005 9.99012E-005 9.99012E-005 9.99012E-005 0.00987135 9.99012E-005 9.99012E-005 9.99012E-005 9.99012E-005 0.931634 9.99012E-005 0.00967495 9.99012E-005
9.99103E-005 0.020257 9.99103E-005 9.99103E-005 9.99103E-005 9.99103E-005 9.99103E-005 9.99103E-005 0.0211878 9.99103E-005 9.99103E-005 0.792178 0.044853 9.99103E-005 0.120525
0.00256045 9.99193E-005 0.00717026 9.99193E-005 9.99193E-005 0.0241409 9.99193E-005 9.99193E-005 9.99193E-005 9.99193E-005 9.99193E-005 0.883274 9.99193E-005 0.018978 0.0629771
9.9874E-005 9.9874E-005 9.9874E-005 9.9874E-005 9.9874E-005 9.9874E-005 9.9874E-005 9.9874E-005 9.9874E-005 9.9874E-005 9.9874E-005 9.9874E-005 9.9874E-005 9.9874E-005 0.998602
9.99103E-005 0.013996 9.99103E-005 0.0367597 9.99103E-005 9.99103E-005 9.99103E-005 9.99103E-005 0.0167882 9.99103E-005 9.99103E-005 0.731391 9.99103E-005 9.99103E-005 0.200066
0.0132816 0.00594733 9.99193E-005 9.99193E-005 9.99193E-005 0.0265911 9.99193E-005 9.99193E-005 0.0321997 9.99193E-005 9.99193E-005 0.850313 9.99193E-005 9.99193E-005 0.0707683
9.98923E-005 9.98923E-005 9.98923E-005 9.98923E-005 9.98923E-005 9.98923E-005 9.98923E-005 9.98923E-005 9.98923E-005 9.98923E-005 9.98923E-005 0.3178 0.0575341 9.98923E-005 0.623467
9.98923E-005 9.98923E-005 9.98923E-005 9.98923E-005 9.98923E-005 0.0364364 9.98923E-005 9.98923E-005 9.98923E-005 9.98923E-005 9.98923E-005 0.22163 9.98923E-005 9.98923E-005 0.740735
9.99102E-005 9.99102E-005 9.99102E-005 9.99102E-005 0.0232233 9.99102E-005 9.99102E-005 9.99102E-005 0.0254289 9.99102E-005 0.0407239 0.225424 9.99102E-005 9.99102E-005 0.6842
9.99192E-005 0.001083 0.0181366 9.99192E-005 9.99192E-005 0.0031156 9.99192E-005 9.99192E-005 9.99192E-005 9.99192E-005 0.0199292 0.821729 9.99192E-005 9.99192E-005 0.135108
0.0571274 0.0410248 9.99013E-005 9.99013E-005 9.99013E-005 9.99013E-005 9.99013E-005 9.99013E-005 9.99013E-005 9.99013E-005 9.99013E-005 0.425878 9.99013E-005 9.99013E-005 0.474871
9.99282E-005 9.99282E-005 0.0511695 0.00284322 9.99282E-005 0.0614022 9.99282E-005 0.0867551 9.99282E-005 9.99282E-005 0.620354 9.99282E-005 9.99282E-005 0.137951 0.0387254
9.99372E-005 9.99372E-005 0.0185898 0.0220949 9.99372E-005 0.00401471 9.99372E-005 0.124351 0.00307447 9.99372E-005 0.803593 0.0134957 9.99372E-005 0.0100866 9.99372E-005
9.99192E-005 0.00906533 0.0749168 0.0875228 9.99192E-005 9.99192E-005 9.99192E-005 0.154571 0.0643302 9.99192E-005 0.608695 9.99192E-005 9.99192E-005 9.99192E-005 9.99192E-005
9.98924E-005 9.98924E-005 9.98924E-005 0.980836 9.98924E-005 9.98924E-005 9.98924E-005 9.98924E-005 9.98924E-005 0.0150381 9.98924E-005 0.00292692 9.98924E-005 9.98924E-005 9.98924E-005
9.99013E-005 9.99013E-005 0.0135588 0.962813 9.99013E-005 9.99013E-005 9.99013E-005 0.00499255 9.99013E-005 0.0175363 9.99013E-005 9.99013E-005 9.99013E-005 9.99013E-005 9.99013E-005
9.98801E-005 9.98801E-005 9.98801E-005 0.902668 9.98801E-005 9.98801E-005 9.98801E-005 9.98801E-005 9.98801E-005 0.0765924 0.0195415 9.98801E-005 9.98801E-005 9.98801E-005 9.98801E-005
0.0153193 9.99192E-005 0.0378726 0.833791 0.0669305 9.99192E-005 9.99192E-005 9.99192E-005 9.99192E-005 9.99192E-005 9.99192E-005 9.99192E-005 0.00950724 0.0356804 9.99192E-005
9.98744E-005 9.98744E-005 9.98744E-005 9.98744E-005 9.98744E-005 9.98744E-005 9.98744E-005 9.98744E-005 9.98744E-005 9.98744E-005 9.98744E-005 9.98744E-005 0.998602 9.98744E-005 9.98744E-005
9.98833E-005 9.98833E-005 9.98833E-005 9.98833E-005 9.98833E-005 9.98833E-005 9.98833E-005 9.98833E-005 9.98833E-005 9.98833E-005 9.98833E-005 9.98833E-005 0.994402 0.00430001 9.98833E-005
9.99103E-005 9.99103E-005 9.99103E-005 0.000973541 9.99103E-005 9.99103E-005 9.99103E-005 9.99103E-005 0.00832636 0.0084609 9.99103E-005 9.99103E-005 0.924808 0.056432 9.99103E-005
9.99462E-005 9.99462E-005 0.0238352 0.0179134 0.0577482 9.99462E-005 0.0010282 9.99462E-005 0.0258514 0.0272364 0.829976 9.99462E-005 9.99462E-005 0.0100186 0.00579277
9.99103E-005 9.99103E-005 9.99103E-005 9.99103E-005 0.00784767 9.99103E-005 0.00736065 9.99103E-005 0.050459 9.99103E-005 0.923048 9.99103E-005 0.0102858 9.99103E-005 9.99103E-005
9.99371E-005 9.99371E-005 0.00847241 9.99371E-005 0.183129 0.011875 9.99371E-005 9.99371E-005 9.99371E-005 0.106044 0.599304 0.0461099 9.99371E-005 0.0345437 0.00982251
9.99102E-005 0.00746185 9.99102E-005 9.99102E-005 9.99102E-005 9.99102E-005 0.00920925 9.99102E-005 9.99102E-005 9.99102E-005 0.866423 0.0421911 0.0737158 9.99102E-005 9.99102E-005
