9.99731E-005 0.0188446 0.030841 0.00842487 9.99731E-005 0.0132244 9.99731E-005 0.0143577 0.914008
9.99371E-005 0.00548477 9.99371E-005 9.99371E-005 9.99371E-005 9.99371E-005 9.99371E-005 9.99371E-005 0.993816
9.99461E-005 0.023806 9.99461E-005 9.99461E-005 9.99461E-005 0.107896 9.99461E-005 9.99461E-005 0.867698
0.138859 9.99551E-005 0.0689673 9.99551E-005 9.99551E-005 9.99551E-005 0.0946784 9.99551E-005 0.696996
9.99461E-005 9.99461E-005 0.0624226 9.99461E-005 9.99461E-005 0.0709452 9.99461E-005 9.99461E-005 0.866033
9.993E-005 9.993E-005 9.993E-005 9.993E-005 9.993E-005 9.993E-005 9.993E-005 9.993E-005 0.999201
9.993E-005 9.993E-005 9.993E-005 9.993E-005 9.993E-005 9.993E-005 9.993E-005 9.993E-005 0.999201
0.109335 9.99731E-005 0.0293835 0.0152609 9.99731E-005 9.99731E-005 0.109441 0.00767538 0.728604
0.0619096 9.99551E-005 9.99551E-005 9.99551E-005 0.0493635 9.99551E-005 0.0496149 9.99551E-005 0.838612
9.99461E-005 9.99461E-005 9.99461E-005 9.99461E-005 0.0839598 9.99461E-005 0.076539 9.99461E-005 0.838902
9.99461E-005 9.99461E-005 9.99461E-005 9.99461E-005 0.0438164 9.99461E-005 9.99461E-005 0.0513645 0.904219
9.99731E-005 0.0690166 0.144405 0.000803673 9.99731E-005 0.0549318 0.130279 9.99731E-005 0.600264
0.0949007 0.00565308 0.05044 0.0118486 9.99821E-005 0.10027 0.076032 9.99821E-005 0.660655
9.99642E-005 9.99642E-005 0.0934352 0.0135354 0.0665176 0.154559 9.99642E-005 9.99642E-005 0.671552
0.199065 9.9982E-005 0.0734774 0.0425908 9.9982E-005 0.0623358 0.141408 0.0988875 0.382036
0.120409 9.9982E-005 0.050852 0.0124434 9.9982E-005 0.192142 0.156192 0.00321842 0.464543
0.0800539 0.00190823 0.119359 9.99731E-005 9.99731E-005 0.119652 0.117237 9.99731E-005 0.56149
0.00529166 9.9973E-005 0.0879189 9.9973E-005 9.9973E-005 0.248422 0.101831 0.0661675 0.490069
9.99641E-005 0.554481 0.0344552 9.99641E-005 9.99641E-005 0.0868674 0.266486 9.99641E-005 0.0573102
9.99551E-005 0.0331734 0.0216058 9.99551E-005 9.99551E-005 9.99551E-005 0.907532 9.99551E-005 0.0371889
9.99372E-005 0.101299 9.99372E-005 9.99372E-005 9.99372E-005 9.99372E-005 0.898001 9.99372E-005 9.99372E-005
9.99551E-005 0.252158 9.99551E-005 9.99551E-005 0.0122188 9.99551E-005 0.672984 9.99551E-005 0.0621399
9.99551E-005 0.0624356 9.99551E-005 9.99551E-005 0.00766706 9.99551E-005 0.876437 0.0529607 9.99551E-005
9.993E-005 0.999201 9.993E-005 9.993E-005 9.993E-005 9.993E-005 9.993E-005 9.993E-005 9.993E-005
9.993E-005 0.999201 9.993E-005 9.993E-005 9.993E-005 9.993E-005 9.993E-005 9.993E-005 9.993E-005
9.993E-005 0.999201 9.993E-005 9.993E-005 9.993E-005 9.993E-005 9.993E-005 9.993E-005 9.993E-005
0.0323526 0.0971886 0.0994223 9.99731E-005 0.0248702 9.99731E-005 0.692214 9.99731E-005 0.0536523
9.99551E-005 0.754049 9.99551E-005 0.0163058 9.99551E-005 9.99551E-005 0.222845 9.99551E-005 0.00630115
9.99551E-005 0.0449117 9.99551E-005 9.99551E-005 9.99551E-005 0.0328465 0.912356 0.00938637 9.99551E-005
9.993E-005 0.999201 9.993E-005 9.993E-005 9.993E-005 9.993E-005 9.993E-005 9.993E-005 9.993E-005
9.99551E-005 0.188117 9.99551E-005 0.00500849 9.99551E-005 9.99551E-005 0.729234 9.99551E-005 0.0771409
9.993E-005 0.999201 9.993E-005 9.993E-005 9.993E-005 9.993E-005 9.993E-005 9.993E-005 9.993E-005
9.99461E-005 0.116411 9.99461E-005 9.99461E-005 9.99461E-005 0.10827 0.774719 9.99461E-005 9.99461E-005
9.99462E-005 0.290407 9.99462E-005 0.0137231 9.99462E-005 9.99462E-005 0.69527 9.99462E-005 9.99462E-005
9.99731E-005 0.186663 0.0125812 0.00603844 0.0260555 0.0312902 0.737071 9.99731E-005 9.99731E-005
9.99461E-005 0.139622 9.99461E-005 9.99461E-005 9.99461E-005 9.99461E-005 0.82445 9.99461E-005 0.0353281
0.0725605 0.135802 9.99641E-005 9.99641E-005 0.00217823 9.99641E-005 0.744287 9.99641E-005 0.0447726
9.99731E-005 9.99731E-005 0.726476 0.0164168 0.0486216 0.0934309 0.0473324 9.99731E-005 0.067422
9.993E-005 9.993E-005 0.999201 9.993E-005 9.993E-005 9.993E-005 9.993E-005 9.993E-005 9.993E-005
9.99641E-005 0.0250966 0.832466 0.0696539 0.000358664 0.0720247 9.99641E-005 9.99641E-005 9.99641E-005
9.99462E-005 9.99462E-005 0.827286 9.99462E-005 9.99462E-005 0.156088 9.99462E-005 0.0160266 9.99462E-005
9.99551E-005 0.0175489 0.743644 0.0287453 9.99551E-005 0.209562 9.99551E-005 9.99551E-005 9.99551E-005
0.0221389 9.99461E-005 0.947251 9.99461E-005 9.99461E-005 0.0300108 9.99461E-005 9.99461E-005 9.99461E-005
9.99372E-005 9.99372E-005 0.766843 9.99372E-005 9.99372E-005 0.232457 9.99372E-005 9.99372E-005 9.99372E-005
0.0701796 0.00294432 0.814739 9.99641E-005 9.99641E-005 0.0678091 9.99641E-005 9.99641E-005 0.0439282
9.99461E-005 0.000462769 0.951044 9.99461E-005 9.99461E-005 0.0478934 9.99461E-005 9.99461E-005 9.99461E-005
0.648896 0.0407018 0.0824782 9.99731E-005 0.0767242 0.0420874 9.99731E-005 9.99731E-005 0.108812
9.993E-005 9.993E-005 9.993E-005 9.993E-005 9.993E-005 9.993E-005 9.993E-005 0.999201 9.993E-005
9.99458E-005 9.99458E-005 0.0467662 9.99458E-005 0.0319697 9.99458E-005 9.99458E-005 0.920664 9.99458E-005
0.870396 9.99462E-005 9.99462E-005 0.00213634 9.99462E-005 0.126868 9.99462E-005 9.99462E-005 9.99462E-005
0.355289 9.99458E-005 9.99458E-005 9.99458E-005 0.108586 9.99458E-005 9.99458E-005 0.535525 9.99458E-005
0.951193 0.0303993 0.0178078 9.99461E-005 9.99461E-005 9.99461E-005 9.99461E-005 9.99461E-005 9.99461E-005
0.817257 9.99641E-005 0.0188822 0.0215041 0.00947145 9.99641E-005 0.132486 9.99641E-005 9.99641E-005
0.796474 0.0182341 0.14685 9.99551E-005 9.99551E-005 9.99551E-005 9.99551E-005 9.99551E-005 0.0379421
0.88911 9.99462E-005 9.99462E-005 9.99462E-005 0.026757 9.99462E-005 9.99462E-005 9.99462E-005 0.0835336
0.940603 9.99372E-005 9.99372E-005 9.99372E-005 9.99372E-005 9.99372E-005 9.99372E-005 9.99372E-005 0.0586976
0.767029 0.0666248 9.9964E-005 0.0558528 0.00869835 0.101395 9.9964E-005 9.9964E-005 9.9964E-005
0.875943 9.99462E-005 9.99462E-005 0.0119159 9.99462E-005 9.99462E-005 9.99462E-005 9.99462E-005 0.111541
0.991899 9.99371E-005 9.99371E-005 9.99371E-005 0.00740118 9.99371E-005 9.99371E-005 9.99371E-005 9.99371E-005
0.943619 9.99372E-005 9.99372E-005 9.99372E-005 9.99372E-005 9.99372E-005 0.0556814 9.99372E-005 9.99372E-005
0.500942 9.99551E-005 9.99551E-005 0.221655 0.0602785 9.99551E-005 0.216625 9.99551E-005 9.99551E-005
0.530982 9.99461E-005 9.99461E-005 0.247092 9.99461E-005 9.99461E-005 0.221326 9.99461E-005 9.99461E-005
0.62986 0.0131 0.0481122 0.2127 9.99731E-005 9.99731E-005 0.0893726 9.99731E-005 0.00655619
0.206298 9.99551E-005 9.99551E-005 0.561748 0.202205 9.99551E-005 0.0292489 9.99551E-005 9.99551E-005
0.123441 0.0600585 9.99641E-005 0.473107 0.338028 0.00496534 9.99641E-005 9.99641E-005 9.99641E-005
9.993E-005 9.993E-005 9.993E-005 0.999201 9.993E-005 9.993E-005 9.993E-005 9.993E-005 9.993E-005
9.993E-005 9.993E-005 9.993E-005 0.999201 9.993E-005 9.993E-005 9.993E-005 9.993E-005 9.993E-005
0.151439 9.99551E-005 9.99551E-005 0.566373 0.179633 9.99551E-005 0.102055 9.99551E-005 9.99551E-005
0.223826 9.99461E-005 9.99461E-005 0.515442 0.260132 9.99461E-005 9.99461E-005 9.99461E-005 9.99461E-005
9.99371E-005 9.99371E-005 9.99371E-005 0.964929 9.99371E-005 0.0343711 9.99371E-005 9.99371E-005 9.99371E-005
9.993E-005 9.993E-005 9.993E-005 0.999201 9.993E-005 9.993E-005 9.993E-005 9.993E-005 9.993E-005
0.169658 9.99551E-005 9.99551E-005 0.528123 0.164041 9.99551E-005 0.137678 9.99551E-005 9.99551E-005
9.99372E-005 9.99372E-005 0.00894861 0.990352 9.99372E-005 9.99372E-005 9.99372E-005 9.99372E-005 9.99372E-005
9.993E-005 9.993E-005 9.993E-005 0.999201 9.993E-005 9.993E-005 9.993E-005 9.993E-005 9.993E-005
9.993E-005 9.993E-005 9.993E-005 0.999201 9.993E-005 9.993E-005 9.993E-005 9.993E-005 9.993E-005
9.993E-005 9.993E-005 9.993E-005 0.999201 9.993E-005 9.993E-005 9.993E-005 9.993E-005 9.993E-005
9.99371E-005 0.0236986 9.99371E-005 0.975602 9.99371E-005 9.99371E-005 9.99371E-005 9.99371E-005 9.99371E-005
9.99462E-005 9.99462E-005 0.0103303 9.99462E-005 9.99462E-005 0.0488812 0.940189 9.99462E-005 9.99462E-005
9.99731E-005 0.0118196 0.859065 0.000934754 9.99731E-005 0.107406 9.99731E-005 0.00364862 0.0168264
9.99461E-005 0.0400706 0.935897 9.99461E-005 9.99461E-005 0.0234325 9.99461E-005 9.99461E-005 9.99461E-005
9.99461E-005 0.0103908 9.99461E-005 0.0429001 0.946109 9.99461E-005 9.99461E-005 9.99461E-005 9.99461E-005
9.99462E-005 9.99462E-005 9.99462E-005 0.0546328 0.923011 9.99462E-005 9.99462E-005 0.0217564 9.99462E-005
9.99372E-005 9.99372E-005 9.99372E-005 0.0252912 0.974009 9.99372E-005 9.99372E-005 9.99372E-005 9.99372E-005
9.99372E-005 9.99372E-005 9.99372E-005 9.99372E-005 0.960387 0.038913 9.99372E-005 9.99372E-005 9.99372E-005
0.0997238 9.99462E-005 9.99462E-005 0.00217289 0.897504 9.99462E-005 9.99462E-005 9.99462E-005 9.99462E-005
0.0150451 0.0246516 9.99551E-005 0.00580771 0.953996 9.99551E-005 9.99551E-005 9.99551E-005 9.99551E-005
9.99641E-005 0.0339936 9.99641E-005 0.00378598 0.925613 9.99641E-005 0.0337689 0.00243824 9.99641E-005
0.0373475 9.99641E-005 0.0275759 0.00519998 0.916261 9.99641E-005 9.99641E-005 9.99641E-005 0.0132155
9.99372E-005 9.99372E-005 9.99372E-005 9.99372E-005 0.925118 9.99372E-005 0.074182 9.99372E-005 9.99372E-005
0.0338659 9.99551E-005 9.99551E-005 9.99551E-005 0.92085 0.0137313 9.99551E-005 9.99551E-005 0.0310531
9.99372E-005 9.99372E-005 9.99372E-005 9.99372E-005 0.972633 0.0266673 9.99372E-005 9.99372E-005 9.99372E-005
0.0149719 0.00804081 9.99641E-005 0.014782 0.908624 9.99641E-005 9.99641E-005 0.0531817 9.99641E-005
0.0353736 9.99372E-005 9.99372E-005 9.99372E-005 0.963927 9.99372E-005 9.99372E-005 9.99372E-005 9.99372E-005
9.99371E-005 9.99371E-005 9.99371E-005 0.0424159 0.956885 9.99371E-005 9.99371E-005 9.99371E-005 9.99371E-005
0.00336642 9.99462E-005 9.99462E-005 9.99462E-005 0.971021 9.99462E-005 9.99462E-005 9.99462E-005 0.0250128
9.99551E-005 0.00542797 9.99551E-005 9.99551E-005 0.897795 0.0776141 9.99551E-005 0.0186629 9.99551E-005
9.99372E-005 9.99372E-005 9.99372E-005 0.0590346 0.940266 9.99372E-005 9.99372E-005 9.99372E-005 9.99372E-005
9.99551E-005 9.99551E-005 0.0356038 0.0138861 0.937686 0.0123248 9.99551E-005 9.99551E-005 9.99551E-005
0.0317503 9.99372E-005 9.99372E-005 9.99372E-005 0.96755 9.99372E-005 9.99372E-005 9.99372E-005 9.99372E-005
9.995E-005 9.995E-005 9.995E-005 0.012667 0.884585 9.995E-005 0.0873128 0.0149355 9.995E-005
9.99462E-005 9.99462E-005 9.99462E-005 0.0366182 0.940256 9.99462E-005 0.0225262 9.99462E-005 9.99462E-005
9.99462E-005 9.99462E-005 9.99462E-005 0.0149448 0.902408 0.0820472 9.99462E-005 9.99462E-005 9.99462E-005
9.99372E-005 9.99372E-005 9.99372E-005 9.99372E-005 0.967023 9.99372E-005 9.99372E-005 9.99372E-005 0.0322772
0.123952 0.0207376 9.99518E-005 9.99518E-005 0.854711 9.99518E-005 9.99518E-005 9.99518E-005 9.99518E-005
9.99372E-005 9.99372E-005 9.99372E-005 0.0211604 0.97814 9.99372E-005 9.99372E-005 9.99372E-005 9.99372E-005
0.0414799 0.00486229 9.99641E-005 9.99641E-005 0.905503 9.99641E-005 9.99641E-005 0.0256473 0.0221082
0.16452 0.00882886 9.99731E-005 0.545155 0.221872 0.0116776 0.0476471 9.99731E-005 9.99731E-005
0.141164 0.0188444 9.9973E-005 0.319798 0.165681 9.9973E-005 0.329058 0.025155 9.9973E-005
0.16101 0.0318515 9.99641E-005 0.383205 0.344717 9.99641E-005 0.0788174 9.99641E-005 9.99641E-005
9.99731E-005 9.99731E-005 0.0450826 0.0320041 9.99731E-005 0.764898 0.108606 0.0123738 0.0367355
9.993E-005 9.993E-005 9.993E-005 9.993E-005 9.993E-005 0.999201 9.993E-005 9.993E-005 9.993E-005
0.0413965 9.99461E-005 0.0192979 9.99461E-005 9.99461E-005 0.938706 9.99461E-005 9.99461E-005 9.99461E-005
9.99371E-005 0.00044554 9.99371E-005 9.99371E-005 9.99371E-005 0.998855 9.99371E-005 9.99371E-005 9.99371E-005
9.99372E-005 9.99372E-005 0.0657517 9.99372E-005 9.99372E-005 0.933549 9.99372E-005 9.99372E-005 9.99372E-005
9.993E-005 9.993E-005 9.993E-005 9.993E-005 9.993E-005 0.999201 9.993E-005 9.993E-005 9.993E-005
0.0138622 0.0303623 0.175658 0.0191533 9.9991E-005 0.514994 0.154717 0.0058377 0.085316
9.99371E-005 9.99371E-005 0.975116 9.99371E-005 9.99371E-005 9.99371E-005 9.99371E-005 0.0241843 9.99371E-005
9.993E-005 9.993E-005 0.999201 9.993E-005 9.993E-005 9.993E-005 9.993E-005 9.993E-005 9.993E-005
9.99641E-005 0.069189 0.870201 0.021604 0.0088145 9.99641E-005 9.99641E-005 9.99641E-005 0.0297913
9.99641E-005 0.00702947 0.0144728 9.99641E-005 0.446502 0.159519 0.372077 9.99641E-005 9.99641E-005
0.104529 0.0515457 0.0514681 9.999E-005 0.0591874 0.0588289 0.162254 0.0720003 0.440086
9.9991E-005 0.0307965 0.0261237 0.0518515 0.0619944 0.00705945 0.0147421 0.716825 0.0905079
0.752754 9.99551E-005 9.99551E-005 0.151077 0.0919906 9.99551E-005 0.00367887 9.99551E-005 9.99551E-005
0.587466 0.0120289 9.99641E-005 0.280351 9.99641E-005 9.99641E-005 0.0187691 9.99641E-005 0.100985
9.99367E-005 9.99367E-005 9.99367E-005 9.99367E-005 0.349004 9.99367E-005 9.99367E-005 0.650297 9.99367E-005
9.99641E-005 0.00107633 9.99641E-005 0.0186998 0.95762 0.0158784 9.99641E-005 9.99641E-005 0.00632557
9.99372E-005 9.99372E-005 0.0528307 9.99372E-005 0.94647 9.99372E-005 9.99372E-005 9.99372E-005 9.99372E-005
9.99641E-005 9.99641E-005 9.99641E-005 0.0207584 0.892367 9.99641E-005 0.0106446 0.0415294 0.0343012
9.99462E-005 9.99462E-005 0.0134501 9.99462E-005 0.978938 9.99462E-005 9.99462E-005 0.00701217 9.99462E-005
0.02755 9.99461E-005 9.99461E-005 9.99461E-005 0.939949 0.0319011 9.99461E-005 9.99461E-005 9.99461E-005
0.0558266 9.99462E-005 9.99462E-005 0.0133392 0.930234 9.99462E-005 9.99462E-005 9.99462E-005 9.99462E-005
9.99462E-005 9.99462E-005 9.99462E-005 0.0321626 0.927789 0.039449 9.99462E-005 9.99462E-005 9.99462E-005
9.99372E-005 9.99372E-005 9.99372E-005 9.99372E-005 0.981157 0.0181439 9.99372E-005 9.99372E-005 9.99372E-005
9.995E-005 9.995E-005 0.0492633 0.0133175 0.933157 9.995E-005 9.995E-005 0.00376285 9.995E-005
0.00301946 9.99462E-005 9.99462E-005 0.0428478 0.953533 9.99462E-005 9.99462E-005 9.99462E-005 9.99462E-005
9.99462E-005 9.99462E-005 9.99462E-005 9.99462E-005 0.973385 0.0120653 0.0139498 9.99462E-005 9.99462E-005
9.99462E-005 9.99462E-005 9.99462E-005 0.0148053 0.94644 9.99462E-005 0.0381553 9.99462E-005 9.99462E-005
9.99372E-005 9.99372E-005 9.99372E-005 9.99372E-005 0.89386 9.99372E-005 0.105441 9.99372E-005 9.99372E-005
0.0228961 0.0306555 9.99641E-005 9.99641E-005 0.931298 0.0139739 0.00077707 9.99641E-005 9.99641E-005
0.0561832 9.99462E-005 9.99462E-005 9.99462E-005 0.922564 9.99462E-005 9.99462E-005 0.0206527 9.99462E-005
9.99731E-005 0.0835871 0.0226447 0.0524005 9.99731E-005 0.136168 0.655129 9.99731E-005 0.0497711
9.99551E-005 0.0391886 9.99551E-005 9.99551E-005 9.99551E-005 0.0397108 0.811339 9.99551E-005 0.109262
9.99641E-005 0.0926185 0.140834 0.0128892 9.99641E-005 9.99641E-005 0.582654 9.99641E-005 0.170605
9.993E-005 9.993E-005 0.999201 9.993E-005 9.993E-005 9.993E-005 9.993E-005 9.993E-005 9.993E-005
9.99372E-005 0.0178538 0.981447 9.99372E-005 9.99372E-005 9.99372E-005 9.99372E-005 9.99372E-005 9.99372E-005
0.0180131 9.99462E-005 0.932668 9.99462E-005 9.99462E-005 9.99462E-005 0.0487194 9.99462E-005 9.99462E-005
0.0589233 0.022094 0.864113 9.99641E-005 9.99641E-005 0.0537654 0.000704117 9.99641E-005 9.99641E-005
0.742728 0.0195272 9.99552E-005 0.173931 9.99552E-005 9.99552E-005 0.063314 9.99552E-005 9.99552E-005
0.746042 0.0318272 9.99551E-005 0.183641 9.99551E-005 0.0379894 9.99551E-005 9.99551E-005 9.99551E-005
0.50945 9.99641E-005 0.0207796 0.250422 9.99641E-005 0.0224152 0.196533 9.99641E-005 9.99641E-005
0.000102779 0.0638521 0.0398772 0.013323 9.99821E-005 0.109116 0.760039 9.99821E-005 0.0134891
9.99551E-005 0.00706592 0.023452 9.99551E-005 9.99551E-005 9.99551E-005 0.960237 0.00874494 9.99551E-005
0.00415724 0.0207641 9.9982E-005 0.0309272 0.0623214 0.0291852 0.71209 9.9982E-005 0.140355
9.99641E-005 0.00103091 9.99641E-005 0.0230473 0.0319543 9.99641E-005 0.925148 0.0184192 9.99641E-005
