9.99281E-005 9.99281E-005 9.99281E-005 0.0101304 0.0788963 9.99281E-005 9.99281E-005 0.860715 0.0128673 0.021823 0.013577 9.99281E-005 9.99281E-005 0.00119155 9.99281E-005
9.98833E-005 9.98833E-005 9.98833E-005 9.98833E-005 9.98833E-005 9.98833E-005 9.98833E-005 0.980867 9.98833E-005 9.98833E-005 0.0178341 9.98833E-005 9.98833E-005 9.98833E-005 9.98833E-005
9.98923E-005 9.98923E-005 9.98923E-005 9.98923E-005 9.98923E-005 9.98923E-005 9.98923E-005 0.872186 9.98923E-005 9.98923E-005 0.038071 9.98923E-005 0.0885448 9.98923E-005 9.98923E-005
9.99103E-005 9.99103E-005 0.152953 9.99103E-005 9.99103E-005 9.99103E-005 9.99103E-005 0.633337 0.00290194 0.179114 9.99103E-005 9.99103E-005 9.99103E-005 0.0306954 9.99103E-005
9.99013E-005 9.99013E-005 9.99013E-005 9.99013E-005 9.99013E-005 9.99013E-005 9.99013E-005 0.847308 9.99013E-005 9.99013E-005 0.0297563 9.99013E-005 0.0528001 0.0690366 9.99013E-005
9.98742E-005 9.98742E-005 9.98742E-005 9.98742E-005 9.98742E-005 9.98742E-005 9.98742E-005 0.998602 9.98742E-005 9.98742E-005 9.98742E-005 9.98742E-005 9.98742E-005 9.98742E-005 9.98742E-005
9.98832E-005 9.98832E-005 9.98832E-005 9.98832E-005 0.00429769 9.98832E-005 9.98832E-005 0.994404 9.98832E-005 9.98832E-005 9.98832E-005 9.98832E-005 9.98832E-005 9.98832E-005 9.98832E-005
9.99192E-005 9.99192E-005 0.0702745 0.00341996 9.99192E-005 9.99192E-005 0.103097 0.663728 9.99192E-005 9.99192E-005 9.99192E-005 9.99192E-005 9.99192E-005 0.0578755 0.100706
9.99191E-005 0.0252693 0.100685 9.99191E-005 9.99191E-005 9.99191E-005 9.99191E-005 0.782997 9.99191E-005 0.0196925 9.99191E-005 0.0582304 9.99191E-005 9.99191E-005 0.0122261
9.99012E-005 0.0108509 0.0929567 9.99012E-005 9.99012E-005 9.99012E-005 9.99012E-005 0.799746 9.99012E-005 9.99012E-005 9.99012E-005 0.0953473 9.99012E-005 9.99012E-005 9.99012E-005
0.0636176 0.0572236 9.98923E-005 9.98923E-005 9.98923E-005 9.98923E-005 9.98923E-005 0.87796 9.98923E-005 9.98923E-005 9.98923E-005 9.98923E-005 9.98923E-005 9.98923E-005 9.98923E-005
9.99372E-005 9.99372E-005 0.15644 9.99372E-005 0.0158643 0.00713024 9.99372E-005 0.541364 9.99372E-005 9.99372E-005 0.036542 9.99372E-005 0.0376519 0.14109 0.0632176
0.00109445 9.99282E-005 9.99282E-005 9.99282E-005 0.105796 9.99282E-005 0.0386642 0.602422 9.99282E-005 9.99282E-005 9.99282E-005 9.99282E-005 0.0699502 0.0369577 0.144317
0.0351962 9.99194E-005 9.99194E-005 9.99194E-005 9.99194E-005 0.0304095 9.99194E-005 0.595421 9.99194E-005 0.111652 9.99194E-005 9.99194E-005 0.0880064 0.138415 9.99194E-005
9.99552E-005 0.067303 0.115126 0.00360951 9.99552E-005 0.0185887 0.0423618 0.404971 9.99552E-005 9.99552E-005 9.99552E-005 0.00821169 0.0306311 0.0635096 0.245188
9.99282E-005 0.00642679 0.13751 9.99282E-005 9.99282E-005 9.99282E-005 0.0171328 0.465721 9.99282E-005 9.99282E-005 9.99282E-005 9.99282E-005 0.211483 0.0150504 0.145876
9.99282E-005 9.99282E-005 0.157602 0.0202548 9.99282E-005 9.99282E-005 9.99282E-005 0.527258 9.99282E-005 0.0778676 9.99282E-005 9.99282E-005 0.0939439 0.110423 0.0118519
9.99371E-005 0.0258676 9.99371E-005 0.00951312 0.18066 0.000113961 9.99371E-005 0.471606 9.99371E-005 0.00313868 9.99371E-005 9.99371E-005 0.238568 0.069834 9.99371E-005
9.99102E-005 9.99102E-005 9.99102E-005 9.99102E-005 0.533193 9.99102E-005 9.99102E-005 0.00378625 9.99102E-005 0.0143504 0.413223 9.99102E-005 0.0344482 9.99102E-005 9.99102E-005
9.99013E-005 9.99013E-005 0.924506 9.99013E-005 0.0357623 9.99013E-005 9.99013E-005 0.0190378 9.99013E-005 9.99013E-005 9.99013E-005 9.99013E-005 9.99013E-005 0.0195949 9.99013E-005
9.98742E-005 9.98742E-005 9.98742E-005 9.98742E-005 0.998602 9.98742E-005 9.98742E-005 9.98742E-005 9.98742E-005 9.98742E-005 9.98742E-005 9.98742E-005 9.98742E-005 9.98742E-005 9.98742E-005
0.00103096 9.99102E-005 9.99102E-005 0.00146317 0.841131 9.99102E-005 9.99102E-005 9.99102E-005 9.99102E-005 9.99102E-005 0.124304 9.99102E-005 9.99102E-005 9.99102E-005 0.0310718
0.0601136 0.0272131 0.777323 9.99102E-005 0.106926 9.99102E-005 9.99102E-005 9.99102E-005 9.99102E-005 9.99102E-005 0.027425 9.99102E-005 9.99102E-005 9.99102E-005 9.99102E-005
9.9874E-005 9.9874E-005 9.9874E-005 9.9874E-005 9.9874E-005 9.9874E-005 9.9874E-005 9.9874E-005 9.9874E-005 9.9874E-005 0.998602 9.9874E-005 9.9874E-005 9.9874E-005 9.9874E-005
9.98831E-005 9.98831E-005 9.98831E-005 9.98831E-005 0.0597939 9.98831E-005 9.98831E-005 9.98831E-005 9.98831E-005 9.98831E-005 0.938908 9.98831E-005 9.98831E-005 9.98831E-005 9.98831E-005
9.98743E-005 9.98743E-005 9.98743E-005 9.98743E-005 9.98743E-005 9.98743E-005 9.98743E-005 9.98743E-005 9.98743E-005 9.98743E-005 0.998602 9.98743E-005 9.98743E-005 9.98743E-005 9.98743E-005
9.99192E-005 9.99192E-005 0.80648 9.99192E-005 9.99192E-005 0.0211092 9.99192E-005 9.99192E-005 9.99192E-005 0.0626651 0.0434765 0.0310392 9.99192E-005 0.0343303 9.99192E-005
9.99001E-005 9.99001E-005 0.0695096 9.99001E-005 0.176299 9.99001E-005 9.99001E-005 0.0122255 0.0194246 9.99001E-005 0.721542 9.99001E-005 9.99001E-005 9.99001E-005 9.99001E-005
9.99013E-005 9.99013E-005 0.56266 9.99013E-005 0.403414 9.99013E-005 9.99013E-005 9.99013E-005 9.99013E-005 0.0266794 9.99013E-005 9.99013E-005 0.00614738 9.99013E-005 9.99013E-005
9.98742E-005 9.98742E-005 9.98742E-005 9.98742E-005 9.98742E-005 9.98742E-005 9.98742E-005 9.98742E-005 9.98742E-005 9.98742E-005 0.998602 9.98742E-005 9.98742E-005 9.98742E-005 9.98742E-005
9.99102E-005 9.99102E-005 0.411673 9.99102E-005 0.394033 9.99102E-005 0.0557802 0.0399089 9.99102E-005 9.99102E-005 0.0976053 9.99102E-005 9.99102E-005 9.99102E-005 9.99102E-005
9.98832E-005 0.0195212 9.98832E-005 9.98832E-005 9.98832E-005 9.98832E-005 9.98832E-005 9.98832E-005 9.98832E-005 9.98832E-005 0.97918 9.98832E-005 9.98832E-005 9.98832E-005 9.98832E-005
9.98923E-005 9.98923E-005 0.821176 9.98923E-005 9.98923E-005 9.98923E-005 9.98923E-005 9.98923E-005 9.98923E-005 9.98923E-005 0.0715037 9.98923E-005 0.106122 9.98923E-005 9.98923E-005
9.98833E-005 9.98833E-005 0.802313 9.98833E-005 9.98833E-005 9.98833E-005 9.98833E-005 9.98833E-005 9.98833E-005 9.98833E-005 0.196388 9.98833E-005 9.98833E-005 9.98833E-005 9.98833E-005
9.99282E-005 9.99282E-005 0.786123 9.99282E-005 9.99282E-005 0.000948693 0.0294947 9.99282E-005 9.99282E-005 9.99282E-005 0.119499 0.0141097 0.0229167 9.99282E-005 0.026109
9.98741E-005 9.98741E-005 9.98741E-005 9.98741E-005 0.998602 9.98741E-005 9.98741E-005 9.98741E-005 9.98741E-005 9.98741E-005 9.98741E-005 9.98741E-005 9.98741E-005 9.98741E-005 9.98741E-005
9.99013E-005 9.99013E-005 0.783502 0.00523569 9.99013E-005 9.99013E-005 9.99013E-005 9.99013E-005 9.99013E-005 9.99013E-005 0.0651717 9.99013E-005 9.99013E-005 9.99013E-005 0.144992
0.0267652 9.99372E-005 9.99372E-005 9.99372E-005 0.142161 0.00418432 0.00506751 0.0590848 9.99372E-005 9.99372E-005 9.99372E-005 0.0125801 0.0899502 0.659508 9.99372E-005
9.98833E-005 0.0197418 9.98833E-005 9.98833E-005 9.98833E-005 9.98833E-005 9.98833E-005 9.98833E-005 9.98833E-005 9.98833E-005 9.98833E-005 9.98833E-005 9.98833E-005 0.97896 9.98833E-005
9.99283E-005 9.99283E-005 9.99283E-005 9.99283E-005 0.0729658 0.0387531 9.99283E-005 9.99283E-005 0.00158726 9.99283E-005 0.00330638 0.0180514 0.101737 0.762799 9.99283E-005
9.99103E-005 0.000821753 9.99103E-005 0.0142728 0.00573576 9.99103E-005 9.99103E-005 9.99103E-005 9.99103E-005 9.99103E-005 9.99103E-005 9.99103E-005 0.15125 0.826921 9.99103E-005
9.99102E-005 9.99102E-005 9.99102E-005 0.0162293 9.99102E-005 0.0264534 9.99102E-005 9.99102E-005 9.99102E-005 9.99102E-005 0.0284195 9.99102E-005 0.202172 0.725727 9.99102E-005
9.99102E-005 9.99102E-005 0.00184466 0.000992317 9.99102E-005 9.99102E-005 9.99102E-005 9.99102E-005 9.99102E-005 0.0275742 9.99102E-005 9.99102E-005 0.0525712 0.916019 9.99102E-005
9.99013E-005 9.99013E-005 0.000523006 9.99013E-005 9.99013E-005 0.00302554 9.99013E-005 9.99013E-005 9.99013E-005 9.99013E-005 9.99013E-005 9.99013E-005 0.224524 0.770829 9.99013E-005
9.99192E-005 9.99192E-005 9.99192E-005 0.00018299 9.99192E-005 9.99192E-005 9.99192E-005 0.0218251 9.99192E-005 9.99192E-005 0.0247066 9.99192E-005 0.0898231 0.771709 0.0908541
9.99013E-005 9.99013E-005 9.99013E-005 9.99013E-005 9.99013E-005 0.00354326 9.99013E-005 9.99013E-005 9.99013E-005 9.99013E-005 0.0115198 9.99013E-005 0.0674753 0.916363 9.99013E-005
9.99103E-005 9.99103E-005 9.99103E-005 9.99103E-005 9.99103E-005 9.99103E-005 0.0324941 0.00122645 9.99103E-005 9.99103E-005 0.0225414 9.99103E-005 9.99103E-005 0.0607035 0.882035
9.98702E-005 9.98702E-005 9.98702E-005 0.998602 9.98702E-005 9.98702E-005 9.98702E-005 9.98702E-005 9.98702E-005 9.98702E-005 9.98702E-005 9.98702E-005 9.98702E-005 9.98702E-005 9.98702E-005
9.98922E-005 0.9813 9.98922E-005 0.00569945 9.98922E-005 9.98922E-005 9.98922E-005 9.98922E-005 9.98922E-005 9.98922E-005 9.98922E-005 9.98922E-005 9.98922E-005 0.0118018 9.98922E-005
9.98833E-005 9.98833E-005 9.98833E-005 9.98833E-005 9.98833E-005 9.98833E-005 9.98833E-005 9.98833E-005 9.98833E-005 0.972688 9.98833E-005 9.98833E-005 0.0260138 9.98833E-005 9.98833E-005
9.9901E-005 0.727154 9.9901E-005 9.9901E-005 9.9901E-005 9.9901E-005 0.00274678 9.9901E-005 9.9901E-005 0.26546 9.9901E-005 9.9901E-005 9.9901E-005 9.9901E-005 0.00354016
9.98832E-005 9.98832E-005 9.98832E-005 9.98832E-005 9.98832E-005 9.98832E-005 9.98832E-005 9.98832E-005 9.98832E-005 0.992381 0.00632074 9.98832E-005 9.98832E-005 9.98832E-005 9.98832E-005
9.98743E-005 9.98743E-005 9.98743E-005 9.98743E-005 9.98743E-005 9.98743E-005 9.98743E-005 9.98743E-005 9.98743E-005 9.98743E-005 9.98743E-005 9.98743E-005 9.98743E-005 9.98743E-005 0.998602
0.045043 9.99461E-005 9.99461E-005 0.00394522 0.0931694 9.99461E-005 0.128255 0.0214176 9.99461E-005 0.594379 0.00437213 9.99461E-005 9.99461E-005 0.0658165 0.0430022
9.98744E-005 9.98744E-005 9.98744E-005 9.98744E-005 9.98744E-005 9.98744E-005 9.98744E-005 9.98744E-005 9.98744E-005 9.98744E-005 9.98744E-005 9.98744E-005 9.98744E-005 9.98744E-005 0.998602
9.98744E-005 9.98744E-005 9.98744E-005 9.98744E-005 9.98744E-005 9.98744E-005 9.98744E-005 9.98744E-005 9.98744E-005 0.998602 9.98744E-005 9.98744E-005 9.98744E-005 9.98744E-005 9.98744E-005
9.98741E-005 9.98741E-005 9.98741E-005 9.98741E-005 9.98741E-005 9.98741E-005 9.98741E-005 9.98741E-005 9.98741E-005 9.98741E-005 9.98741E-005 9.98741E-005 9.98741E-005 9.98741E-005 0.998602
9.98742E-005 9.98742E-005 9.98742E-005 9.98742E-005 9.98742E-005 9.98742E-005 9.98742E-005 9.98742E-005 9.98742E-005 0.998602 9.98742E-005 9.98742E-005 9.98742E-005 9.98742E-005 9.98742E-005
0.0143749 9.98921E-005 9.98921E-005 9.98921E-005 9.98921E-005 9.98921E-005 9.98921E-005 9.98921E-005 9.98921E-005 0.205974 9.98921E-005 9.98921E-005 9.98921E-005 9.98921E-005 0.778453
9.99012E-005 9.99012E-005 9.99012E-005 9.99012E-005 0.0402311 9.99012E-005 9.99012E-005 9.99012E-005 9.99012E-005 0.601721 9.99012E-005 0.0308848 9.99012E-005 9.99012E-005 0.326064
9.98923E-005 9.98923E-005 0.0133239 9.98923E-005 9.98923E-005 0.00417343 0.981304 9.98923E-005 9.98923E-005 9.98923E-005 9.98923E-005 9.98923E-005 9.98923E-005 9.98923E-005 9.98923E-005
9.99013E-005 9.99013E-005 0.0606499 9.99013E-005 0.0041866 0.0187794 0.915285 9.99013E-005 9.99013E-005 9.99013E-005 9.99013E-005 9.99013E-005 9.99013E-005 9.99013E-005 9.99013E-005
9.99372E-005 9.99372E-005 9.99372E-005 0.0125269 9.99372E-005 9.99372E-005 0.708589 9.99372E-005 0.104922 0.0111918 0.00389194 9.99372E-005 0.0158912 0.0511412 0.0911468
9.98743E-005 9.98743E-005 9.98743E-005 9.98743E-005 9.98743E-005 9.98743E-005 9.98743E-005 9.98743E-005 0.998602 9.98743E-005 9.98743E-005 9.98743E-005 9.98743E-005 9.98743E-005 9.98743E-005
0.0342693 9.99102E-005 9.99102E-005 9.99102E-005 9.99102E-005 0.0258873 9.99102E-005 9.99102E-005 0.868777 9.99102E-005 0.0178324 0.0522351 9.99102E-005 9.99102E-005 9.99102E-005
9.98834E-005 9.98834E-005 9.98834E-005 9.98834E-005 9.98834E-005 0.959253 9.98834E-005 9.98834E-005 9.98834E-005 9.98834E-005 9.98834E-005 9.98834E-005 9.98834E-005 9.98834E-005 0.0394489
9.98742E-005 9.98742E-005 9.98742E-005 9.98742E-005 9.98742E-005 0.998602 9.98742E-005 9.98742E-005 9.98742E-005 9.98742E-005 9.98742E-005 9.98742E-005 9.98742E-005 9.98742E-005 9.98742E-005
0.0136837 9.99103E-005 9.99103E-005 9.99103E-005 0.0569268 0.0692593 0.00066916 9.99103E-005 0.858462 9.99103E-005 9.99103E-005 9.99103E-005 9.99103E-005 9.99103E-005 9.99103E-005
0.0303122 9.98922E-005 9.98922E-005 9.98922E-005 9.98922E-005 9.98922E-005 9.98922E-005 9.98922E-005 0.939157 9.98922E-005 9.98922E-005 9.98922E-005 9.98922E-005 9.98922E-005 0.0293323
9.99013E-005 9.99013E-005 0.0315001 9.99013E-005 9.99013E-005 0.92862 9.99013E-005 9.99013E-005 0.0142727 9.99013E-005 9.99013E-005 9.99013E-005 0.0245085 9.99013E-005 9.99013E-005
9.98743E-005 9.98743E-005 9.98743E-005 9.98743E-005 9.98743E-005 0.998602 9.98743E-005 9.98743E-005 9.98743E-005 9.98743E-005 9.98743E-005 9.98743E-005 9.98743E-005 9.98743E-005 9.98743E-005
9.98922E-005 9.98922E-005 0.00340075 0.00734815 9.98922E-005 9.98922E-005 9.98922E-005 9.98922E-005 0.988052 9.98922E-005 9.98922E-005 9.98922E-005 9.98922E-005 9.98922E-005 9.98922E-005
9.98923E-005 9.98923E-005 9.98923E-005 9.98923E-005 9.98923E-005 0.967639 9.98923E-005 9.98923E-005 9.98923E-005 0.0294601 0.00170205 9.98923E-005 9.98923E-005 9.98923E-005 9.98923E-005
9.98922E-005 9.98922E-005 9.98922E-005 0.0122812 9.98922E-005 0.92466 9.98922E-005 9.98922E-005 0.0618601 9.98922E-005 9.98922E-005 9.98922E-005 9.98922E-005 9.98922E-005 9.98922E-005
9.98834E-005 9.98834E-005 9.98834E-005 9.98834E-005 9.98834E-005 0.98149 9.98834E-005 9.98834E-005 9.98834E-005 9.98834E-005 9.98834E-005 0.0172111 9.98834E-005 9.98834E-005 9.98834E-005
9.98833E-005 9.98833E-005 9.98833E-005 9.98833E-005 9.98833E-005 0.816014 9.98833E-005 9.98833E-005 0.182688 9.98833E-005 9.98833E-005 9.98833E-005 9.98833E-005 9.98833E-005 9.98833E-005
9.98923E-005 9.98923E-005 9.98923E-005 9.98923E-005 9.98923E-005 0.951806 9.98923E-005 9.98923E-005 9.98923E-005 9.98923E-005 0.0289941 0.0180013 9.98923E-005 9.98923E-005 9.98923E-005
0.0119415 9.99014E-005 0.914328 9.99014E-005 0.0296188 9.99014E-005 9.99014E-005 9.99014E-005 9.99014E-005 9.99014E-005 9.99014E-005 9.99014E-005 0.0430129 9.99014E-005 9.99014E-005
9.99012E-005 9.99012E-005 9.99012E-005 9.99012E-005 9.99012E-005 9.99012E-005 9.99012E-005 9.99012E-005 0.0498839 9.99012E-005 0.014743 9.99012E-005 0.10672 0.827554 9.99012E-005
9.99012E-005 9.99012E-005 9.99012E-005 9.99012E-005 9.99012E-005 9.99012E-005 0.00742514 9.99012E-005 9.99012E-005 9.99012E-005 0.0490913 9.99012E-005 0.0188067 0.923578 9.99012E-005
0.0743214 9.98923E-005 9.98923E-005 9.98923E-005 9.98923E-005 0.0343652 9.98923E-005 9.98923E-005 9.98923E-005 9.98923E-005 9.98923E-005 0.890115 9.98923E-005 9.98923E-005 9.98923E-005
0.129112 0.0238223 9.99013E-005 9.99013E-005 9.99013E-005 0.0526556 9.99013E-005 9.99013E-005 9.99013E-005 9.99013E-005 9.99013E-005 0.793311 9.99013E-005 9.99013E-005 9.99013E-005
0.197679 0.00307656 9.99103E-005 9.99103E-005 9.99103E-005 0.0155175 9.99103E-005 9.99103E-005 0.0377242 9.99103E-005 9.99103E-005 0.745004 9.99103E-005 9.99103E-005 9.99103E-005
0.044188 9.99013E-005 9.99013E-005 9.99013E-005 9.99013E-005 9.99013E-005 9.99013E-005 9.99013E-005 9.99013E-005 9.99013E-005 9.99013E-005 0.922542 0.020673 9.99013E-005 0.0114981
0.547473 9.99103E-005 9.99103E-005 9.99103E-005 9.99103E-005 9.99103E-005 0.0763248 9.99103E-005 9.99103E-005 0.000880561 9.99103E-005 0.35618 9.99103E-005 9.99103E-005 0.0181426
0.252761 0.00350627 9.99191E-005 9.99191E-005 9.99191E-005 9.99191E-005 9.99191E-005 9.99191E-005 0.0531369 9.99191E-005 0.0131036 0.658291 9.99191E-005 9.99191E-005 0.0183019
0.350102 0.0261976 9.99193E-005 9.99193E-005 0.0182407 0.0261351 9.99193E-005 9.99193E-005 9.99193E-005 9.99193E-005 0.029561 0.548864 9.99193E-005 9.99193E-005 9.99193E-005
0.346659 9.99103E-005 9.99103E-005 9.99103E-005 9.99103E-005 0.00606158 0.0322297 9.99103E-005 9.99103E-005 0.0360008 9.99103E-005 0.578049 9.99103E-005 9.99103E-005 9.99103E-005
0.169006 9.99013E-005 9.99013E-005 9.99013E-005 0.0703545 9.99013E-005 9.99013E-005 9.99013E-005 9.99013E-005 9.99013E-005 9.99013E-005 0.740135 9.99013E-005 9.99013E-005 0.0194062
0.0452045 9.99012E-005 9.99012E-005 9.99012E-005 9.99012E-005 9.99012E-005 9.99012E-005 0.0269339 9.99012E-005 9.99012E-005 9.99012E-005 0.903444 9.99012E-005 9.99012E-005 0.0233184
9.98834E-005 9.98834E-005 0.00634369 9.98834E-005 9.98834E-005 9.98834E-005 9.98834E-005 9.98834E-005 9.98834E-005 9.98834E-005 9.98834E-005 0.992358 9.98834E-005 9.98834E-005 9.98834E-005
0.179495 0.0355741 9.99192E-005 0.00933487 9.99192E-005 9.99192E-005 9.99192E-005 9.99192E-005 0.0109371 0.0687866 9.99192E-005 0.694973 9.99192E-005 9.99192E-005 9.99192E-005
0.120649 9.99013E-005 9.99013E-005 9.99013E-005 9.99013E-005 9.99013E-005 9.99013E-005 9.99013E-005 0.00927692 9.99013E-005 9.99013E-005 0.818585 9.99013E-005 9.99013E-005 0.0503907
0.233601 9.98922E-005 9.98922E-005 9.98922E-005 9.98922E-005 0.0325776 9.98922E-005 9.98922E-005 9.98922E-005 9.98922E-005 9.98922E-005 0.732622 9.98922E-005 9.98922E-005 9.98922E-005
0.200398 9.98923E-005 9.98923E-005 9.98923E-005 9.98923E-005 9.98923E-005 0.0572339 9.98923E-005 9.98923E-005 9.98923E-005 9.98923E-005 0.741169 9.98923E-005 9.98923E-005 9.98923E-005
0.307043 0.0325262 9.99281E-005 9.99281E-005 0.0157534 9.99281E-005 0.00118351 9.99281E-005 9.99281E-005 0.0183847 9.99281E-005 0.583163 0.0411467 9.99281E-005 9.99281E-005
0.146574 0.0156027 9.99013E-005 9.99013E-005 9.99013E-005 0.0494026 9.99013E-005 9.99013E-005 9.99013E-005 9.99013E-005 9.99013E-005 0.787322 9.99013E-005 9.99013E-005 9.99013E-005
0.233746 9.99013E-005 9.99013E-005 9.99013E-005 9.99013E-005 0.0034977 9.99013E-005 9.99013E-005 9.99013E-005 9.99013E-005 9.99013E-005 0.722539 9.99013E-005 0.0391178 9.99013E-005
0.181203 9.98924E-005 9.98924E-005 9.98924E-005 9.98924E-005 9.98924E-005 0.00490905 9.98924E-005 9.98924E-005 9.98924E-005 9.98924E-005 0.812689 9.98924E-005 9.98924E-005 9.98924E-005
0.400461 0.0111251 9.99192E-005 9.99192E-005 0.0455234 9.99192E-005 9.99192E-005 9.99192E-005 0.10459 9.99192E-005 9.99192E-005 0.437156 9.99192E-005 9.99192E-005 0.000244708
0.513899 9.99192E-005 0.00384327 9.99192E-005 9.99192E-005 0.0145993 9.99192E-005 9.99192E-005 0.0151822 9.99192E-005 9.99192E-005 0.428007 9.99192E-005 9.99192E-005 0.0235695
9.99013E-005 0.0119315 9.99013E-005 9.99013E-005 9.99013E-005 9.99013E-005 9.99013E-005 9.99013E-005 0.02236 9.99013E-005 9.99013E-005 0.918802 0.045808 9.99013E-005 9.99013E-005
0.686126 0.0223744 9.99101E-005 9.99101E-005 9.99101E-005 9.99101E-005 9.99101E-005 9.99101E-005 0.0311894 9.99101E-005 9.99101E-005 0.255403 9.99101E-005 9.99101E-005 0.00390794
0.212677 0.0222372 9.99192E-005 9.99192E-005 9.99192E-005 9.99192E-005 0.0136677 9.99192E-005 9.99192E-005 0.0802392 0.0111105 0.659169 9.99192E-005 9.99192E-005 9.99192E-005
0.300999 9.98922E-005 9.98922E-005 9.98922E-005 9.98922E-005 9.98922E-005 0.062409 9.98922E-005 9.98922E-005 9.98922E-005 9.98922E-005 0.635393 9.98922E-005 9.98922E-005 9.98922E-005
0.108262 0.0188165 9.99192E-005 9.99192E-005 9.99192E-005 9.99192E-005 9.99192E-005 0.00580155 9.99192E-005 9.99192E-005 0.00977717 0.804338 9.99192E-005 9.99192E-005 0.0521056
9.98833E-005 9.98833E-005 9.98833E-005 9.98833E-005 9.98833E-005 9.98833E-005 0.0332051 9.98833E-005 0.965496 9.98833E-005 9.98833E-005 9.98833E-005 9.98833E-005 9.98833E-005 9.98833E-005
9.99191E-005 0.049276 0.0881929 9.99191E-005 0.170987 9.99191E-005 0.011468 9.99191E-005 0.647502 0.0316744 9.99191E-005 9.99191E-005 9.99191E-005 9.99191E-005 9.99191E-005
9.98924E-005 9.98924E-005 9.98924E-005 9.98924E-005 9.98924E-005 9.98924E-005 9.98924E-005 9.98924E-005 0.800851 0.0718834 9.98924E-005 0.126067 9.98924E-005 9.98924E-005 9.98924E-005
9.99192E-005 9.99192E-005 9.99192E-005 0.00272982 0.129219 0.0531747 9.99192E-005 0.00937858 9.99192E-005 9.99192E-005 9.99192E-005 9.99192E-005 0.76322 0.0413782 9.99192E-005
9.98739E-005 9.98739E-005 9.98739E-005 9.98739E-005 9.98739E-005 9.98739E-005 9.98739E-005 9.98739E-005 9.98739E-005 9.98739E-005 9.98739E-005 9.98739E-005 0.998602 9.98739E-005 9.98739E-005
9.98834E-005 9.98834E-005 9.98834E-005 9.98834E-005 9.98834E-005 9.98834E-005 9.98834E-005 9.98834E-005 9.98834E-005 9.98834E-005 9.98834E-005 9.98834E-005 0.976974 9.98834E-005 0.0217273
9.98922E-005 9.98922E-005 9.98922E-005 9.98922E-005 0.0145604 9.98922E-005 9.98922E-005 9.98922E-005 9.98922E-005 9.98922E-005 0.00910468 9.98922E-005 0.975136 9.98922E-005 9.98922E-005
9.98834E-005 9.98834E-005 9.98834E-005 9.98834E-005 9.98834E-005 9.98834E-005 9.98834E-005 9.98834E-005 9.98834E-005 9.98834E-005 9.98834E-005 9.98834E-005 0.936333 0.0623685 9.98834E-005
9.98743E-005 9.98743E-005 9.98743E-005 9.98743E-005 9.98743E-005 9.98743E-005 9.98743E-005 9.98743E-005 9.98743E-005 9.98743E-005 9.98743E-005 9.98743E-005 0.998602 9.98743E-005 9.98743E-005
9.99282E-005 9.99282E-005 0.241248 0.0209619 9.99282E-005 0.03174 9.99282E-005 0.0350821 9.99282E-005 9.99282E-005 0.0233669 9.99282E-005 0.484933 0.161869 9.99282E-005
9.99013E-005 9.99013E-005 9.99013E-005 0.00464644 0.0375362 9.99013E-005 9.99013E-005 9.99013E-005 9.99013E-005 9.99013E-005 0.00328154 9.99013E-005 9.99013E-005 0.953437 9.99013E-005
9.98744E-005 9.98744E-005 9.98744E-005 9.98744E-005 9.98744E-005 9.98744E-005 9.98744E-005 9.98744E-005 9.98744E-005 9.98744E-005 9.98744E-005 9.98744E-005 9.98744E-005 0.998602 9.98744E-005
0.00469431 9.99192E-005 9.99192E-005 0.00349159 0.0685132 9.99192E-005 9.99192E-005 9.99192E-005 0.029053 9.99192E-005 0.0474242 9.99192E-005 9.99192E-005 0.845925 9.99192E-005
0.221912 9.99103E-005 0.39415 9.99103E-005 9.99103E-005 9.99103E-005 9.99103E-005 9.99103E-005 9.99103E-005 9.99103E-005 9.99103E-005 0.23037 0.130209 0.0223606 9.99103E-005
0.0272273 0.0459716 0.201022 0.00310918 9.99551E-005 9.99551E-005 9.99551E-005 0.410181 0.0344332 9.99551E-005 0.0225994 9.99551E-005 0.0350871 0.0243464 0.195523
9.9901E-005 0.865528 9.9901E-005 9.9901E-005 9.9901E-005 9.9901E-005 9.9901E-005 0.107804 9.9901E-005 9.9901E-005 0.0176434 9.9901E-005 0.00792506 9.9901E-005 9.9901E-005
9.98923E-005 9.98923E-005 9.98923E-005 9.98923E-005 9.98923E-005 9.98923E-005 0.898826 9.98923E-005 9.98923E-005 0.014598 9.98923E-005 0.085377 9.98923E-005 9.98923E-005 9.98923E-005
9.98923E-005 9.98923E-005 9.98923E-005 9.98923E-005 9.98923E-005 0.011409 0.943134 0.0442583 9.98923E-005 9.98923E-005 9.98923E-005 9.98923E-005 9.98923E-005 9.98923E-005 9.98923E-005
0.0402412 0.922598 9.98919E-005 9.98919E-005 9.98919E-005 9.98919E-005 9.98919E-005 9.98919E-005 9.98919E-005 9.98919E-005 9.98919E-005 0.0359624 9.98919E-005 9.98919E-005 9.98919E-005
0.292489 9.99103E-005 9.99103E-005 9.99103E-005 0.0212165 9.99103E-005 9.99103E-005 9.99103E-005 0.0294506 9.99103E-005 9.99103E-005 0.604586 9.99103E-005 9.99103E-005 0.0512587
0.998602 9.98743E-005 9.98743E-005 9.98743E-005 9.98743E-005 9.98743E-005 9.98743E-005 9.98743E-005 9.98743E-005 9.98743E-005 9.98743E-005 9.98743E-005 9.98743E-005 9.98743E-005 9.98743E-005
0.331017 0.033391 0.000810141 0.00166715 0.016907 9.99461E-005 9.99461E-005 0.00547116 0.0659324 9.99461E-005 0.00265003 0.541555 9.99461E-005 9.99461E-005 9.99461E-005
0.998602 9.98738E-005 9.98738E-005 9.98738E-005 9.98738E-005 9.98738E-005 9.98738E-005 9.98738E-005 9.98738E-005 9.98738E-005 9.98738E-005 9.98738E-005 9.98738E-005 9.98738E-005 9.98738E-005
0.0707923 9.99133E-005 9.99133E-005 0.00604783 9.99133E-005 9.99133E-005 9.99133E-005 9.99133E-005 9.99133E-005 0.0211705 9.99133E-005 0.887042 0.0139481 9.99133E-005 9.99133E-005
0.14801 9.99192E-005 9.99192E-005 0.00165462 9.99192E-005 0.0240106 9.99192E-005 9.99192E-005 0.0192588 0.00699149 9.99192E-005 0.799175 9.99192E-005 9.99192E-005 9.99192E-005
0.176875 9.99192E-005 9.99192E-005 9.99192E-005 9.99192E-005 0.0266736 9.99192E-005 9.99192E-005 9.99192E-005 9.99192E-005 0.00167768 0.769302 0.0195148 9.99192E-005 0.00505717
0.998602 9.98739E-005 9.98739E-005 9.98739E-005 9.98739E-005 9.98739E-005 9.98739E-005 9.98739E-005 9.98739E-005 9.98739E-005 9.98739E-005 9.98739E-005 9.98739E-005 9.98739E-005 9.98739E-005
0.283233 0.0383867 9.99102E-005 9.99102E-005 9.99102E-005 9.99102E-005 9.99102E-005 9.99102E-005 0.0418855 9.99102E-005 9.99102E-005 0.614214 9.99102E-005 0.0212818 9.99102E-005
0.201502 9.99013E-005 9.99013E-005 9.99013E-005 9.99013E-005 0.00633007 9.99013E-005 9.99013E-005 0.0909004 9.99013E-005 9.99013E-005 0.700169 9.99013E-005 9.99013E-005 9.99013E-005
0.468131 9.99193E-005 0.00073839 9.99193E-005 9.99193E-005 9.99193E-005 0.031253 9.99193E-005 9.99193E-005 9.99193E-005 0.000337405 0.498492 0.000148895 9.99193E-005 9.99193E-005
0.53289 9.99013E-005 9.99013E-005 9.99013E-005 0.0223518 0.020373 9.99013E-005 9.99013E-005 9.99013E-005 9.99013E-005 9.99013E-005 0.423286 9.99013E-005 9.99013E-005 9.99013E-005
0.439888 9.99192E-005 0.0385264 0.007405 0.0178405 9.99192E-005 9.99192E-005 9.99192E-005 0.0432004 9.99192E-005 9.99192E-005 0.452241 9.99192E-005 9.99192E-005 9.99192E-005
0.216972 0.009521 9.99102E-005 9.99102E-005 0.0325778 9.99102E-005 9.99102E-005 9.99102E-005 9.99102E-005 9.99102E-005 0.0163298 0.723601 9.99102E-005 9.99102E-005 9.99102E-005
0.424914 0.0385589 9.99013E-005 9.99013E-005 9.99013E-005 9.99013E-005 9.99013E-005 9.99013E-005 9.99013E-005 0.0570908 9.99013E-005 0.478337 9.99013E-005 9.99013E-005 9.99013E-005
0.0304773 9.99372E-005 0.395878 9.99372E-005 0.295607 0.0381057 9.99372E-005 0.0446465 9.99372E-005 9.99372E-005 0.0585606 9.99372E-005 0.125078 0.0109472 9.99372E-005
9.98833E-005 9.98833E-005 0.927736 9.98833E-005 9.98833E-005 9.98833E-005 9.98833E-005 0.0709651 9.98833E-005 9.98833E-005 9.98833E-005 9.98833E-005 9.98833E-005 9.98833E-005 9.98833E-005
9.99192E-005 9.99192E-005 0.608905 9.99192E-005 0.0598852 9.99192E-005 9.99192E-005 0.130509 0.0611303 9.99192E-005 0.0484473 9.99192E-005 9.99192E-005 0.0902231 9.99192E-005
9.98923E-005 9.98923E-005 9.98923E-005 9.98923E-005 0.0113763 9.98923E-005 9.98923E-005 9.98923E-005 9.98923E-005 9.98923E-005 9.98923E-005 9.98923E-005 9.98923E-005 0.9587 0.0287247
9.98834E-005 9.98834E-005 9.98834E-005 9.98834E-005 9.98834E-005 9.98834E-005 9.98834E-005 9.98834E-005 9.98834E-005 9.98834E-005 0.0201279 9.98834E-005 9.98834E-005 0.978574 9.98834E-005
9.99014E-005 9.99014E-005 9.99014E-005 9.99014E-005 0.0496363 9.99014E-005 9.99014E-005 9.99014E-005 9.99014E-005 0.0226043 9.99014E-005 9.99014E-005 9.99014E-005 0.898669 0.0279916
9.99192E-005 9.99192E-005 9.99192E-005 9.99192E-005 0.0637098 9.99192E-005 0.0182606 9.99192E-005 9.99192E-005 9.99192E-005 0.0111493 9.99192E-005 0.0861016 0.801516 0.0183629
9.98744E-005 9.98744E-005 9.98744E-005 9.98744E-005 9.98744E-005 9.98744E-005 0.998602 9.98744E-005 9.98744E-005 9.98744E-005 9.98744E-005 9.98744E-005 9.98744E-005 9.98744E-005 9.98744E-005
0.00483582 9.98833E-005 9.98833E-005 9.98833E-005 9.98833E-005 9.98833E-005 0.993866 9.98833E-005 9.98833E-005 9.98833E-005 9.98833E-005 9.98833E-005 9.98833E-005 9.98833E-005 9.98833E-005
9.99193E-005 0.0166596 9.99193E-005 9.99193E-005 0.0127076 9.99193E-005 0.85083 9.99193E-005 0.0518841 9.99193E-005 9.99193E-005 9.99193E-005 0.0587054 0.00831349 9.99193E-005
9.99282E-005 9.99282E-005 0.889455 0.00342148 9.99282E-005 0.00195645 9.99282E-005 0.0374966 0.0177763 9.99282E-005 0.00324121 9.99282E-005 0.0458537 9.99282E-005 9.99282E-005
9.99102E-005 0.0114793 0.903682 0.0167418 0.040125 9.99102E-005 9.99102E-005 9.99102E-005 0.026973 9.99102E-005 9.99102E-005 9.99102E-005 9.99102E-005 9.99102E-005 9.99102E-005
9.99303E-005 9.99303E-005 0.219876 9.99303E-005 0.528939 9.99303E-005 0.0244972 0.0173187 9.99303E-005 0.129158 9.99303E-005 0.0358242 0.0435875 9.99303E-005 9.99303E-005
9.98923E-005 0.00895937 9.98923E-005 9.98923E-005 0.957169 9.98923E-005 9.98923E-005 9.98923E-005 9.98923E-005 9.98923E-005 9.98923E-005 0.0326734 9.98923E-005 9.98923E-005 9.98923E-005
