0.232132 0.0162443 0.721756 9.99461E-005 9.99461E-005 9.99461E-005 9.99461E-005 0.00457779 0.00939323 9.99461E-005 9.99461E-005 0.0152966
9.99102E-005 9.99102E-005 0.985643 9.99102E-005 9.99102E-005 9.99102E-005 9.99102E-005 9.99102E-005 9.99102E-005 9.99102E-005 9.99102E-005 0.0133583
0.141826 9.99282E-005 0.750075 9.99282E-005 9.99282E-005 9.99282E-005 9.99282E-005 9.99282E-005 0.0751512 9.99282E-005 9.99282E-005 0.0321489
0.308033 0.0272022 0.471534 0.0892525 0.103279 9.99372E-005 9.99372E-005 9.99372E-005 9.99372E-005 9.99372E-005 9.99372E-005 9.99372E-005
0.461156 0.0271168 0.495336 9.99371E-005 9.99371E-005 9.99371E-005 9.99371E-005 9.99371E-005 0.00795574 9.99371E-005 9.99371E-005 0.00773607
9.99011E-005 9.99011E-005 0.998901 9.99011E-005 9.99011E-005 9.99011E-005 9.99011E-005 9.99011E-005 9.99011E-005 9.99011E-005 9.99011E-005 9.99011E-005
0.219122 9.99101E-005 0.779879 9.99101E-005 9.99101E-005 9.99101E-005 9.99101E-005 9.99101E-005 9.99101E-005 9.99101E-005 9.99101E-005 9.99101E-005
9.99282E-005 0.0794442 0.76417 0.0106945 9.99282E-005 9.99282E-005 0.144892 9.99282E-005 9.99282E-005 9.99282E-005 9.99282E-005 9.99282E-005
9.99191E-005 9.99191E-005 0.919138 9.99191E-005 0.021917 9.99191E-005 9.99191E-005 9.99191E-005 9.99191E-005 0.058046 9.99191E-005 9.99191E-005
9.99201E-005 9.99201E-005 0.893063 0.0302148 9.99201E-005 9.99201E-005 9.99201E-005 9.99201E-005 9.99201E-005 0.049741 0.0261815 9.99201E-005
9.99192E-005 9.99192E-005 0.907304 9.99192E-005 9.99192E-005 9.99192E-005 9.99192E-005 0.030472 9.99192E-005 0.0613248 9.99192E-005 9.99192E-005
0.973387 9.99102E-005 9.99102E-005 9.99102E-005 9.99102E-005 9.99102E-005 9.99102E-005 9.99102E-005 9.99102E-005 9.99102E-005 9.99102E-005 0.0256139
0.998901 9.99012E-005 9.99012E-005 9.99012E-005 9.99012E-005 9.99012E-005 9.99012E-005 9.99012E-005 9.99012E-005 9.99012E-005 9.99012E-005 9.99012E-005
0.563903 0.0954315 0.257204 9.995E-005 0.00929837 0.0114959 9.995E-005 9.995E-005 0.0226754 0.0394922 9.995E-005 9.995E-005
0.881799 9.99282E-005 9.99282E-005 9.99282E-005 9.99282E-005 0.00534161 9.99282E-005 0.0402 9.99282E-005 9.99282E-005 0.0718595 9.99282E-005
0.973746 9.99102E-005 9.99102E-005 9.99102E-005 9.99102E-005 9.99102E-005 9.99102E-005 9.99102E-005 0.025255 9.99102E-005 9.99102E-005 9.99102E-005
0.964006 0.00298521 0.0321095 9.99192E-005 9.99192E-005 9.99192E-005 9.99192E-005 9.99192E-005 9.99192E-005 9.99192E-005 9.99192E-005 9.99192E-005
0.862949 9.99191E-005 9.99191E-005 9.99191E-005 9.99191E-005 9.99191E-005 9.99191E-005 0.0205555 0.115596 9.99191E-005 9.99191E-005 9.99191E-005
0.0718497 0.0284464 0.0303398 0.214578 0.023991 9.99641E-005 9.99641E-005 9.99641E-005 0.0711284 0.00459216 9.99641E-005 0.554675
0.103989 0.00233947 9.99282E-005 0.875218 9.99282E-005 9.99282E-005 9.99282E-005 9.99282E-005 9.99282E-005 9.99282E-005 9.99282E-005 0.0176535
9.99192E-005 0.000100725 9.99192E-005 0.910707 9.99192E-005 9.99192E-005 9.99192E-005 9.99192E-005 9.99192E-005 9.99192E-005 9.99192E-005 0.0882926
9.99461E-005 0.011888 0.0684611 0.636668 0.00457934 9.99461E-005 9.99461E-005 9.99461E-005 9.99461E-005 0.0457625 9.99461E-005 0.232041
9.99281E-005 9.99281E-005 9.99281E-005 0.856353 9.99281E-005 9.99281E-005 9.99281E-005 0.0298509 9.99281E-005 0.0481237 9.99281E-005 0.0648725
9.99009E-005 9.99009E-005 9.99009E-005 9.99009E-005 9.99009E-005 9.99009E-005 9.99009E-005 9.99009E-005 9.99009E-005 9.99009E-005 9.99009E-005 0.998901
9.99101E-005 9.99101E-005 9.99101E-005 0.00118159 9.99101E-005 9.99101E-005 9.99101E-005 9.99101E-005 9.99101E-005 9.99101E-005 9.99101E-005 0.997819
9.99012E-005 9.99012E-005 9.99012E-005 9.99012E-005 9.99012E-005 9.99012E-005 9.99012E-005 9.99012E-005 9.99012E-005 9.99012E-005 9.99012E-005 0.998901
9.99462E-005 0.0488437 9.99462E-005 0.775253 0.079029 0.0175332 9.99462E-005 9.99462E-005 9.99462E-005 9.99462E-005 0.028301 0.0504406
9.99281E-005 9.99281E-005 0.0353435 0.209967 9.99281E-005 0.00183584 9.99281E-005 9.99281E-005 9.99281E-005 9.99281E-005 9.99281E-005 0.752054
0.0510144 9.99282E-005 9.99282E-005 0.851144 0.05704 9.99282E-005 9.99282E-005 9.99282E-005 9.99282E-005 9.99282E-005 9.99282E-005 0.0400023
9.99011E-005 9.99011E-005 9.99011E-005 9.99011E-005 9.99011E-005 9.99011E-005 9.99011E-005 9.99011E-005 9.99011E-005 9.99011E-005 9.99011E-005 0.998901
9.99201E-005 9.99201E-005 0.108355 0.647842 9.99201E-005 9.99201E-005 0.0819488 9.99201E-005 9.99201E-005 9.99201E-005 9.99201E-005 0.161055
9.99012E-005 9.99012E-005 9.99012E-005 9.99012E-005 9.99012E-005 9.99012E-005 9.99012E-005 9.99012E-005 9.99012E-005 9.99012E-005 9.99012E-005 0.998901
9.99192E-005 9.99192E-005 9.99192E-005 0.80504 9.99192E-005 9.99192E-005 9.99192E-005 9.99192E-005 0.100168 9.99192E-005 9.99192E-005 0.0938929
9.99282E-005 9.99282E-005 0.0058942 0.714192 9.99282E-005 9.99282E-005 9.99282E-005 9.99282E-005 9.99282E-005 0.051871 9.99282E-005 0.227244
9.99461E-005 0.0279766 9.99461E-005 0.718303 9.99461E-005 9.99461E-005 0.0445813 9.99461E-005 0.0177738 0.040601 9.99461E-005 0.150165
0.0213605 9.99371E-005 0.00011244 0.826266 0.0240797 9.99371E-005 9.99371E-005 9.99371E-005 9.99371E-005 9.99371E-005 9.99371E-005 0.127482
9.993E-005 9.993E-005 0.000149497 0.785209 0.105017 9.993E-005 9.993E-005 9.993E-005 9.993E-005 0.0122146 9.993E-005 0.0967102
0.224114 0.6691 9.99372E-005 0.00672134 9.99372E-005 9.99372E-005 9.99372E-005 9.99372E-005 0.0454659 0.0539001 9.99372E-005 9.99372E-005
9.99102E-005 0.996448 9.99102E-005 9.99102E-005 9.99102E-005 9.99102E-005 9.99102E-005 0.00255333 9.99102E-005 9.99102E-005 9.99102E-005 9.99102E-005
9.99372E-005 0.804032 0.0452154 9.99372E-005 9.99372E-005 0.043663 9.99372E-005 9.99372E-005 0.0906043 0.0157854 9.99372E-005 9.99372E-005
0.0168492 0.846686 9.99372E-005 9.99372E-005 9.99372E-005 9.99372E-005 9.99372E-005 0.00465643 0.12449 0.00661884 9.99372E-005 9.99372E-005
9.99461E-005 0.761252 9.99461E-005 0.00446251 9.99461E-005 0.0302549 9.99461E-005 0.00762242 0.184691 9.99461E-005 9.99461E-005 0.0111173
0.0145589 0.95925 9.99282E-005 9.99282E-005 0.00868831 9.99282E-005 9.99282E-005 9.99282E-005 0.0167037 9.99282E-005 9.99282E-005 9.99282E-005
9.99103E-005 0.788722 9.99103E-005 9.99103E-005 9.99103E-005 9.99103E-005 9.99103E-005 9.99103E-005 0.210279 9.99103E-005 9.99103E-005 9.99103E-005
0.109307 0.782029 9.99371E-005 9.99371E-005 0.0470774 9.99371E-005 9.99371E-005 9.99371E-005 0.0520992 9.99371E-005 9.99371E-005 0.00878786
9.99192E-005 0.916132 9.99192E-005 9.99192E-005 9.99192E-005 9.99192E-005 9.99192E-005 9.99192E-005 0.0706373 9.99192E-005 9.99192E-005 0.0123316
0.110732 0.0578194 0.0349522 9.99551E-005 0.49882 9.99551E-005 0.172532 9.99551E-005 9.99551E-005 9.99551E-005 0.0801605 0.0444842
9.99019E-005 9.99019E-005 9.99019E-005 9.99019E-005 9.99019E-005 9.99019E-005 9.99019E-005 0.998901 9.99019E-005 9.99019E-005 9.99019E-005 9.99019E-005
9.99187E-005 0.0492802 9.99187E-005 9.99187E-005 9.99187E-005 9.99187E-005 9.99187E-005 0.912063 9.99187E-005 0.0377578 9.99187E-005 9.99187E-005
9.99103E-005 9.99103E-005 9.99103E-005 9.99103E-005 0.91722 9.99103E-005 9.99103E-005 9.99103E-005 0.0817811 9.99103E-005 9.99103E-005 9.99103E-005
9.99187E-005 9.99187E-005 9.99187E-005 9.99187E-005 0.297895 9.99187E-005 9.99187E-005 0.542456 9.99187E-005 9.99187E-005 0.158749 9.99187E-005
9.99192E-005 0.00459394 9.99192E-005 9.99192E-005 0.967372 9.99192E-005 9.99192E-005 9.99192E-005 9.99192E-005 9.99192E-005 9.99192E-005 0.0271349
9.99461E-005 0.023924 9.99461E-005 0.0943974 0.727298 0.0142315 0.102547 9.99461E-005 9.99461E-005 0.0370027 9.99461E-005 9.99461E-005
0.0763572 0.0973385 9.99461E-005 9.99461E-005 0.68458 9.99461E-005 0.111672 9.99461E-005 9.99461E-005 0.00228893 9.99461E-005 0.0271643
0.0723339 9.99193E-005 9.99193E-005 9.99193E-005 0.878681 9.99193E-005 9.99193E-005 9.99193E-005 9.99193E-005 9.99193E-005 0.0480857 9.99193E-005
9.99103E-005 9.99103E-005 0.0497028 9.99103E-005 0.949298 9.99103E-005 9.99103E-005 9.99103E-005 9.99103E-005 9.99103E-005 9.99103E-005 9.99103E-005
9.99371E-005 9.99371E-005 9.99371E-005 9.99371E-005 0.794863 0.0468192 9.99371E-005 9.99371E-005 0.08221 9.99371E-005 0.0253058 0.0501029
9.99192E-005 9.99192E-005 0.0544027 9.99192E-005 0.932509 0.0121889 9.99192E-005 9.99192E-005 9.99192E-005 9.99192E-005 9.99192E-005 9.99192E-005
9.99102E-005 9.99102E-005 9.99102E-005 9.99102E-005 0.961053 9.99102E-005 9.99102E-005 9.99102E-005 9.99102E-005 0.0379474 9.99102E-005 9.99102E-005
9.99102E-005 9.99102E-005 9.99102E-005 0.0452027 0.953798 9.99102E-005 9.99102E-005 9.99102E-005 9.99102E-005 9.99102E-005 9.99102E-005 9.99102E-005
0.0175353 9.99192E-005 9.99192E-005 0.0194317 9.99192E-005 9.99192E-005 0.962134 9.99192E-005 9.99192E-005 9.99192E-005 9.99192E-005 9.99192E-005
9.99192E-005 9.99192E-005 0.0102435 0.106708 9.99192E-005 9.99192E-005 0.882149 9.99192E-005 9.99192E-005 9.99192E-005 9.99192E-005 9.99192E-005
9.99462E-005 0.062674 0.0291799 9.99462E-005 0.0184934 0.000608982 0.879187 9.99462E-005 0.00925741 9.99462E-005 9.99462E-005 9.99462E-005
9.99282E-005 9.99282E-005 9.99282E-005 9.99282E-005 9.99282E-005 0.384878 0.484021 9.99282E-005 9.99282E-005 0.10773 0.0225717 9.99282E-005
9.99282E-005 9.99282E-005 9.99282E-005 9.99282E-005 9.99282E-005 0.389759 0.234574 9.99282E-005 9.99282E-005 9.99282E-005 0.326376 0.0484915
9.99103E-005 9.99103E-005 9.99103E-005 9.99103E-005 0.011802 0.987199 9.99103E-005 9.99103E-005 9.99103E-005 9.99103E-005 9.99103E-005 9.99103E-005
9.99011E-005 9.99011E-005 9.99011E-005 9.99011E-005 9.99011E-005 0.998901 9.99011E-005 9.99011E-005 9.99011E-005 9.99011E-005 9.99011E-005 9.99011E-005
0.0116344 9.99372E-005 9.99372E-005 0.0251017 9.99372E-005 0.418988 0.384462 9.99372E-005 9.99372E-005 0.159114 9.99372E-005 9.99372E-005
9.99371E-005 9.99371E-005 9.99371E-005 9.99371E-005 0.0224304 0.409726 0.317841 9.99371E-005 9.99371E-005 0.163297 0.0860062 9.99371E-005
0.054385 9.99102E-005 9.99102E-005 9.99102E-005 9.99102E-005 0.944616 9.99102E-005 9.99102E-005 9.99102E-005 9.99102E-005 9.99102E-005 9.99102E-005
9.99012E-005 9.99012E-005 9.99012E-005 9.99012E-005 9.99012E-005 0.998901 9.99012E-005 9.99012E-005 9.99012E-005 9.99012E-005 9.99012E-005 9.99012E-005
9.99372E-005 9.99372E-005 9.99372E-005 0.0311586 9.99372E-005 0.356267 0.500386 9.99372E-005 9.99372E-005 0.05505 0.056439 9.99372E-005
9.99103E-005 9.99103E-005 9.99103E-005 9.99103E-005 0.0210887 0.977912 9.99103E-005 9.99103E-005 9.99103E-005 9.99103E-005 9.99103E-005 9.99103E-005
9.99101E-005 9.99101E-005 9.99101E-005 9.99101E-005 9.99101E-005 0.991171 9.99101E-005 0.00782949 9.99101E-005 9.99101E-005 9.99101E-005 9.99101E-005
9.99013E-005 9.99013E-005 9.99013E-005 9.99013E-005 9.99013E-005 0.998901 9.99013E-005 9.99013E-005 9.99013E-005 9.99013E-005 9.99013E-005 9.99013E-005
9.99192E-005 9.99192E-005 9.99192E-005 9.99192E-005 9.99192E-005 0.925416 0.0541985 9.99192E-005 9.99192E-005 9.99192E-005 0.0194865 9.99192E-005
9.99191E-005 9.99191E-005 9.99191E-005 9.99191E-005 9.99191E-005 0.95154 9.99191E-005 9.99191E-005 9.99191E-005 9.99191E-005 0.00898296 0.0385774
9.99193E-005 9.99193E-005 9.99193E-005 0.937634 9.99193E-005 9.99193E-005 9.99193E-005 9.99193E-005 0.0584394 0.00302715 9.99193E-005 9.99193E-005
9.99371E-005 0.856209 0.0230127 9.99371E-005 9.99371E-005 9.99371E-005 0.0136269 9.99371E-005 0.0918853 9.99371E-005 9.99371E-005 0.0145668
9.99192E-005 0.927033 9.99192E-005 9.99192E-005 9.99192E-005 9.99192E-005 9.99192E-005 9.99192E-005 0.0257711 9.99192E-005 9.99192E-005 0.0462962
9.99192E-005 9.99192E-005 9.99192E-005 9.99192E-005 9.99192E-005 0.0145028 9.99192E-005 9.99192E-005 9.99192E-005 0.026618 0.95798 9.99192E-005
9.99103E-005 9.99103E-005 9.99103E-005 9.99103E-005 9.99103E-005 0.0477883 9.99103E-005 9.99103E-005 9.99103E-005 9.99103E-005 0.951213 9.99103E-005
9.99103E-005 9.99103E-005 9.99103E-005 9.99103E-005 9.99103E-005 0.0220568 9.99103E-005 9.99103E-005 9.99103E-005 9.99103E-005 0.976944 9.99103E-005
9.99192E-005 9.99192E-005 9.99192E-005 9.99192E-005 0.0293114 9.99192E-005 9.99192E-005 9.99192E-005 9.99192E-005 0.875661 0.0941285 9.99192E-005
9.99283E-005 9.99283E-005 9.99283E-005 9.99283E-005 0.029723 9.99283E-005 0.0420527 9.99283E-005 9.99283E-005 0.163123 0.764302 9.99283E-005
0.0249142 9.99371E-005 9.99371E-005 9.99371E-005 9.99371E-005 9.99371E-005 0.0304156 9.99371E-005 9.99371E-005 0.213155 0.72409 0.00672586
9.99462E-005 9.99462E-005 9.99462E-005 0.0001539 9.99462E-005 0.0116018 9.99462E-005 9.99462E-005 0.00711947 0.260744 0.674676 0.045105
9.99462E-005 0.00527831 0.00209401 9.99462E-005 0.0615963 0.00505948 9.99462E-005 9.99462E-005 9.99462E-005 0.462928 0.462445 9.99462E-005
9.99193E-005 9.99193E-005 9.99193E-005 0.0712672 9.99193E-005 9.99193E-005 9.99193E-005 9.99193E-005 9.99193E-005 0.109242 0.818592 9.99193E-005
0.0178564 9.99371E-005 0.000991024 9.99371E-005 0.0382322 9.99371E-005 9.99371E-005 9.99371E-005 9.99371E-005 0.860809 0.0814121 9.99371E-005
9.99193E-005 9.99193E-005 9.99193E-005 9.99193E-005 9.99193E-005 9.99193E-005 0.0165225 9.99193E-005 9.99193E-005 0.97605 0.00652773 9.99193E-005
9.99372E-005 9.99372E-005 9.99372E-005 9.99372E-005 0.0271797 0.00725915 9.99372E-005 0.05393 9.99372E-005 0.0529995 0.857932 9.99372E-005
9.99192E-005 9.99192E-005 9.99192E-005 9.99192E-005 0.0366575 9.99192E-005 9.99192E-005 9.99192E-005 9.99192E-005 0.0218471 0.940596 9.99192E-005
9.99192E-005 9.99192E-005 9.99192E-005 9.99192E-005 9.99192E-005 0.021302 9.99192E-005 9.99192E-005 9.99192E-005 0.150611 0.827188 9.99192E-005
9.99213E-005 9.99213E-005 9.99213E-005 9.99213E-005 9.99213E-005 9.99213E-005 0.0485441 9.99213E-005 9.99213E-005 0.336489 0.614068 9.99213E-005
9.99461E-005 9.99461E-005 9.99461E-005 9.99461E-005 9.99461E-005 9.99461E-005 0.017383 0.0233904 0.0462794 0.484619 0.414374 0.0133546
9.99103E-005 9.99103E-005 9.99103E-005 9.99103E-005 9.99103E-005 0.0234099 9.99103E-005 9.99103E-005 9.99103E-005 9.99103E-005 0.975591 9.99103E-005
9.99282E-005 0.0084896 9.99282E-005 9.99282E-005 9.99282E-005 9.99282E-005 9.99282E-005 9.99282E-005 0.0250008 0.144593 0.821117 9.99282E-005
9.99104E-005 9.99104E-005 9.99104E-005 9.99104E-005 9.99104E-005 9.99104E-005 9.99104E-005 9.99104E-005 9.99104E-005 0.0258276 0.973173 9.99104E-005
9.99371E-005 9.99371E-005 9.99371E-005 0.0770618 9.99371E-005 0.0164829 9.99371E-005 0.013052 9.99371E-005 0.389642 0.503062 9.99371E-005
9.99192E-005 9.99192E-005 9.99192E-005 0.0270842 9.99192E-005 9.99192E-005 9.99192E-005 9.99192E-005 9.99192E-005 0.175367 0.79665 9.99192E-005
0.0740341 9.99461E-005 9.99461E-005 9.99461E-005 9.99461E-005 0.0119269 0.00590086 9.99461E-005 0.00484247 0.356643 0.546053 9.99461E-005
9.99192E-005 9.99192E-005 0.0180805 9.99192E-005 9.99192E-005 9.99192E-005 9.99192E-005 9.99192E-005 9.99192E-005 0.212753 0.768267 9.99192E-005
9.99282E-005 9.99282E-005 0.00346048 9.99282E-005 0.0572341 9.99282E-005 9.99282E-005 9.99282E-005 9.99282E-005 9.99282E-005 0.913751 0.0247555
9.99192E-005 9.99192E-005 9.99192E-005 9.99192E-005 9.99192E-005 9.99192E-005 0.0266937 9.99192E-005 9.99192E-005 0.194774 0.777633 9.99192E-005
9.99371E-005 9.99371E-005 0.0547216 9.99371E-005 9.99371E-005 9.99371E-005 9.99371E-005 0.0155591 9.99371E-005 0.22454 0.703049 0.00143054
9.99281E-005 9.99281E-005 9.99281E-005 9.99281E-005 9.99281E-005 0.328534 0.531137 9.99281E-005 9.99281E-005 0.0491086 0.0904208 9.99281E-005
9.99371E-005 9.99371E-005 9.99371E-005 0.264979 9.99371E-005 0.168934 0.438125 0.00209668 9.99371E-005 9.99371E-005 0.125165 9.99371E-005
9.99462E-005 0.00920741 9.99462E-005 9.99462E-005 9.99462E-005 0.241608 0.390867 9.99462E-005 9.99462E-005 0.0591039 0.266273 0.0323411
0.231186 9.99282E-005 9.99282E-005 0.0460784 9.99282E-005 0.0351332 9.99282E-005 9.99282E-005 0.686803 9.99282E-005 9.99282E-005 9.99282E-005
9.99009E-005 9.99009E-005 9.99009E-005 9.99009E-005 9.99009E-005 9.99009E-005 9.99009E-005 9.99009E-005 0.998901 9.99009E-005 9.99009E-005 9.99009E-005
9.99103E-005 9.99103E-005 9.99103E-005 9.99103E-005 0.0262967 9.99103E-005 9.99103E-005 9.99103E-005 0.972704 9.99103E-005 9.99103E-005 9.99103E-005
9.99101E-005 9.99101E-005 9.99101E-005 9.99101E-005 9.99101E-005 9.99101E-005 9.99101E-005 9.99101E-005 0.990471 9.99101E-005 9.99101E-005 0.00852974
9.99103E-005 0.0694914 9.99103E-005 9.99103E-005 9.99103E-005 9.99103E-005 9.99103E-005 9.99103E-005 0.929509 9.99103E-005 9.99103E-005 9.99103E-005
0.0026582 9.99102E-005 9.99102E-005 9.99102E-005 9.99102E-005 9.99102E-005 9.99102E-005 9.99102E-005 0.996343 9.99102E-005 9.99102E-005 9.99102E-005
0.0361505 0.191663 0.0582674 0.0946626 0.0212787 0.0325215 9.99731E-005 0.0300674 0.490136 9.99731E-005 9.99731E-005 0.0449538
9.99192E-005 0.971412 9.99192E-005 9.99192E-005 9.99192E-005 9.99192E-005 9.99192E-005 0.0265261 9.99192E-005 9.99192E-005 9.99192E-005 0.00116211
9.99013E-005 0.998901 9.99013E-005 9.99013E-005 9.99013E-005 9.99013E-005 9.99013E-005 9.99013E-005 9.99013E-005 9.99013E-005 9.99013E-005 9.99013E-005
0.0519251 0.852519 9.99372E-005 9.99372E-005 9.99372E-005 0.0142638 9.99372E-005 9.99372E-005 9.99372E-005 9.99372E-005 0.006798 0.0737941
9.99462E-005 0.045556 9.99462E-005 0.362626 9.99462E-005 9.99462E-005 9.99462E-005 9.99462E-005 0.124307 0.217287 0.244448 0.00517616
0.488555 0.00537358 0.162666 0.0859799 0.100979 9.9964E-005 9.9964E-005 0.0431861 9.9964E-005 0.0871422 9.9964E-005 0.0257191
0.175734 9.99368E-005 9.99368E-005 9.99368E-005 9.99368E-005 0.0480617 9.99368E-005 0.680708 9.99368E-005 9.99368E-005 0.0694601 0.0253373
9.99192E-005 9.99192E-005 9.99192E-005 9.99192E-005 0.0556976 9.99192E-005 0.876548 9.99192E-005 9.99192E-005 0.0668556 9.99192E-005 9.99192E-005
0.0789267 9.99192E-005 9.99192E-005 9.99192E-005 9.99192E-005 0.00172293 0.918451 9.99192E-005 9.99192E-005 9.99192E-005 9.99192E-005 9.99192E-005
9.99186E-005 9.99186E-005 9.99186E-005 9.99186E-005 9.99186E-005 9.99186E-005 9.99186E-005 0.648427 9.99186E-005 0.058044 0.292629 9.99186E-005
0.0340395 9.99283E-005 9.99283E-005 9.99283E-005 9.99283E-005 9.99283E-005 9.99283E-005 9.99283E-005 9.99283E-005 0.0941607 0.863495 0.00750531
9.99013E-005 9.99013E-005 9.99013E-005 9.99013E-005 9.99013E-005 9.99013E-005 9.99013E-005 9.99013E-005 9.99013E-005 0.998901 9.99013E-005 9.99013E-005
0.055973 9.99371E-005 9.99371E-005 9.99371E-005 9.99371E-005 9.99371E-005 9.99371E-005 0.0366771 9.99371E-005 0.418033 0.487983 0.000634307
9.99011E-005 9.99011E-005 9.99011E-005 9.99011E-005 9.99011E-005 9.99011E-005 9.99011E-005 9.99011E-005 9.99011E-005 0.998901 9.99011E-005 9.99011E-005
9.99281E-005 9.99281E-005 9.99281E-005 9.99281E-005 0.0621354 9.99281E-005 9.99281E-005 9.99281E-005 0.0027666 0.44258 0.491718 9.99281E-005
9.99282E-005 9.99282E-005 9.99282E-005 9.99282E-005 0.0195786 9.99282E-005 0.0374828 9.99282E-005 9.99282E-005 0.172014 0.770125 9.99282E-005
9.99192E-005 9.99192E-005 9.99192E-005 9.99192E-005 9.99192E-005 9.99192E-005 9.99192E-005 9.99192E-005 0.0502846 0.00961231 0.939204 9.99192E-005
9.99011E-005 9.99011E-005 9.99011E-005 9.99011E-005 9.99011E-005 9.99011E-005 9.99011E-005 9.99011E-005 9.99011E-005 0.998901 9.99011E-005 9.99011E-005
9.99201E-005 0.0440214 9.99201E-005 9.99201E-005 9.99201E-005 9.99201E-005 9.99201E-005 9.99201E-005 0.00778601 0.0719365 0.875457 9.99201E-005
9.99193E-005 0.0140701 9.99193E-005 9.99193E-005 9.99193E-005 0.0246601 9.99193E-005 9.99193E-005 9.99193E-005 9.99193E-005 0.96037 9.99193E-005
9.99193E-005 9.99193E-005 9.99193E-005 9.99193E-005 9.99193E-005 9.99193E-005 0.0188416 9.99193E-005 9.99193E-005 0.81418 0.166079 9.99193E-005
9.99192E-005 9.99192E-005 9.99192E-005 9.99192E-005 9.99192E-005 0.0314488 9.99192E-005 9.99192E-005 9.99192E-005 0.86804 0.0996121 9.99192E-005
0.00433569 9.99371E-005 9.99371E-005 0.0429303 9.99371E-005 0.0237303 9.99371E-005 9.99371E-005 9.99371E-005 0.894184 0.0341204 9.99371E-005
9.99372E-005 9.99372E-005 9.99372E-005 0.00699274 9.99372E-005 9.99372E-005 9.99372E-005 9.99372E-005 0.00799911 0.0600996 0.890132 0.034077
9.99193E-005 9.99193E-005 9.99193E-005 9.99193E-005 0.0807752 9.99193E-005 9.99193E-005 9.99193E-005 9.99193E-005 0.518692 0.399633 9.99193E-005
9.99462E-005 9.99462E-005 0.0745726 0.659527 9.99462E-005 0.0577409 9.99462E-005 9.99462E-005 0.140965 0.000544437 9.99462E-005 0.0660505
9.99282E-005 9.99282E-005 0.137452 0.831043 9.99282E-005 9.99282E-005 9.99282E-005 9.99282E-005 0.0130964 9.99282E-005 9.99282E-005 0.017609
0.0274987 0.0947253 0.16554 0.596548 9.99551E-005 0.020118 9.99551E-005 9.99551E-005 9.99551E-005 9.99551E-005 0.01465 0.0804209
9.99193E-005 0.982746 9.99193E-005 9.99193E-005 0.00105558 9.99193E-005 9.99193E-005 9.99193E-005 9.99193E-005 9.99193E-005 0.0152994 9.99193E-005
9.99103E-005 0.977892 9.99103E-005 9.99103E-005 9.99103E-005 9.99103E-005 9.99103E-005 9.99103E-005 9.99103E-005 9.99103E-005 9.99103E-005 0.0211088
9.99193E-005 0.915789 9.99193E-005 0.0385101 0.0448013 9.99193E-005 9.99193E-005 9.99193E-005 9.99193E-005 9.99193E-005 9.99193E-005 9.99193E-005
0.135041 0.780631 9.99371E-005 9.99371E-005 9.99371E-005 9.99371E-005 0.0163873 9.99371E-005 0.0535176 9.99371E-005 9.99371E-005 0.0137238
0.0153184 9.99103E-005 9.99103E-005 9.99103E-005 9.99103E-005 9.99103E-005 0.983682 9.99103E-005 9.99103E-005 9.99103E-005 9.99103E-005 9.99103E-005
9.99192E-005 9.99192E-005 9.99192E-005 9.99192E-005 0.0202641 9.99192E-005 0.940474 9.99192E-005 0.0383621 9.99192E-005 9.99192E-005 9.99192E-005
0.0967655 9.99282E-005 9.99282E-005 9.99282E-005 9.99282E-005 0.00775275 0.861731 9.99282E-005 0.0329515 9.99282E-005 9.99282E-005 9.99282E-005
0.0923249 9.99488E-005 9.99488E-005 0.797011 9.99488E-005 0.00591092 9.99488E-005 9.99488E-005 0.0488012 0.0142206 9.99488E-005 0.0411315
9.99282E-005 9.99282E-005 0.0211382 0.907612 9.99282E-005 9.99282E-005 0.048918 0.0215321 9.99282E-005 9.99282E-005 9.99282E-005 9.99282E-005
0.0244432 9.99641E-005 0.0504046 0.695568 0.0797492 9.99641E-005 0.0665917 9.99641E-005 0.0468256 9.99641E-005 0.0269686 0.00904964
9.99372E-005 9.99372E-005 9.99372E-005 0.894733 9.99372E-005 0.0103334 0.0313782 0.0303548 9.99372E-005 9.99372E-005 0.0325008 9.99372E-005
