0.0309291 0.0148128 0.0158713 0.0147988 9.9982E-005 0.923388 9.9982E-005
0.00545515 9.99551E-005 9.99551E-005 9.99551E-005 9.99551E-005 0.994045 9.99551E-005
0.0417207 9.99551E-005 9.99551E-005 9.99551E-005 9.99551E-005 0.95778 9.99551E-005
0.0359013 0.128995 0.0754899 9.99731E-005 9.99731E-005 0.759314 9.99731E-005
0.0184172 9.99641E-005 0.103756 9.99641E-005 9.99641E-005 0.877427 9.99641E-005
9.995E-005 9.995E-005 9.995E-005 9.995E-005 9.995E-005 0.9994 9.995E-005
0.000798721 9.99551E-005 9.99551E-005 9.99551E-005 9.99551E-005 0.998702 9.99551E-005
9.9982E-005 0.0733195 0.0698124 0.022902 9.9982E-005 0.793418 0.0403477
0.00653379 0.0433347 9.9973E-005 9.9973E-005 0.0786996 0.871132 9.9973E-005
9.99551E-005 9.99551E-005 9.99551E-005 9.99551E-005 0.100805 0.898695 9.99551E-005
9.99641E-005 9.99641E-005 9.99641E-005 0.0790962 0.0406482 0.879856 9.99641E-005
0.130114 0.00907918 0.183149 9.99821E-005 9.99821E-005 0.656101 0.0213566
0.031817 0.125629 0.09852 9.9982E-005 9.9982E-005 0.732779 0.0110554
9.99821E-005 0.0594107 0.194162 9.99821E-005 0.0361315 0.678141 0.031955
0.0451533 0.200164 0.117947 0.077493 0.0175706 0.488713 0.0529593
0.0560564 0.087474 0.187015 0.0285116 9.9991E-005 0.618038 0.0228054
0.0922984 0.0737412 0.20101 9.99731E-005 9.99731E-005 0.63265 9.99731E-005
0.0290432 0.0232954 0.293915 0.0619778 9.9991E-005 0.584268 0.00740142
0.717049 0.0395405 0.109667 9.99731E-005 9.99731E-005 0.133444 9.99731E-005
0.415213 0.00189244 0.245048 0.00898987 0.0250982 0.293716 0.0100429
0.512101 0.0323056 0.256915 0.0313221 9.99821E-005 0.167156 9.99821E-005
0.547957 0.0306592 0.151709 9.9982E-005 0.0625008 0.206974 9.9982E-005
0.46678 9.9991E-005 0.170589 0.103047 0.0728407 0.181061 0.0055828
0.9994 9.995E-005 9.995E-005 9.995E-005 9.995E-005 9.995E-005 9.995E-005
0.9994 9.995E-005 9.995E-005 9.995E-005 9.995E-005 9.995E-005 9.995E-005
0.9994 9.995E-005 9.995E-005 9.995E-005 9.995E-005 9.995E-005 9.995E-005
0.383508 0.140488 0.248236 9.9991E-005 0.0531981 0.167299 0.00717062
0.958814 9.9964E-005 9.9964E-005 9.9964E-005 9.9964E-005 0.0307317 0.0100545
0.404466 0.099693 0.176359 0.0324818 9.9991E-005 0.258289 0.0286111
0.9994 9.995E-005 9.995E-005 9.995E-005 9.995E-005 9.995E-005 9.995E-005
0.486121 0.104895 0.119568 9.9982E-005 9.9982E-005 0.269946 0.0192703
0.9994 9.995E-005 9.995E-005 9.995E-005 9.995E-005 9.995E-005 9.995E-005
0.455079 9.9982E-005 0.286693 9.9982E-005 0.0167439 0.219915 0.0213691
0.618265 9.99821E-005 0.132392 9.99821E-005 0.0341961 0.176956 0.0379913
0.491761 0.0107035 0.238208 9.9991E-005 0.0798272 0.151868 0.027533
0.509054 0.0534602 0.175327 9.9982E-005 9.9982E-005 0.243021 0.0189377
0.438542 0.0588203 0.130303 0.0170229 0.0646228 0.267738 0.0229509
0.0104976 9.99821E-005 0.803127 9.99821E-005 0.0527069 0.113334 0.0201337
9.995E-005 9.995E-005 0.9994 9.995E-005 9.995E-005 9.995E-005 9.995E-005
0.0343312 9.99821E-005 0.885764 9.99821E-005 0.0167664 0.017331 0.0456072
9.99641E-005 9.99641E-005 0.960908 0.0297131 9.99641E-005 0.00897942 9.99641E-005
0.0485932 0.00943785 0.923236 9.99731E-005 9.99731E-005 9.99731E-005 0.018433
9.99551E-005 0.0332805 0.96622 9.99551E-005 9.99551E-005 9.99551E-005 9.99551E-005
9.99641E-005 9.99641E-005 0.970137 9.99641E-005 9.99641E-005 0.0136047 0.0158585
0.0317814 0.0627516 0.868482 9.99731E-005 9.99731E-005 0.0366853 9.99731E-005
0.00400614 9.99551E-005 0.995494 9.99551E-005 9.99551E-005 9.99551E-005 9.99551E-005
0.0288581 0.672463 0.0836756 9.99821E-005 0.0968315 0.117972 9.99821E-005
9.995E-005 9.995E-005 9.995E-005 0.9994 9.995E-005 9.995E-005 9.995E-005
9.99639E-005 9.99639E-005 0.0464885 0.924809 0.0283029 9.99639E-005 9.99639E-005
9.99641E-005 0.943011 0.044654 9.99641E-005 9.99641E-005 9.99641E-005 0.0119348
9.99639E-005 0.381358 9.99639E-005 0.525033 0.0932096 9.99639E-005 9.99639E-005
0.0133897 0.986111 9.99551E-005 9.99551E-005 9.99551E-005 9.99551E-005 9.99551E-005
0.0345284 0.800846 0.0697019 9.9982E-005 0.0324428 9.9982E-005 0.0622812
0.0260596 0.835193 0.10686 9.9982E-005 0.00913873 0.0225487 9.9982E-005
9.99552E-005 0.997587 9.99552E-005 9.99552E-005 9.99552E-005 0.00191302 9.99552E-005
9.99641E-005 0.976263 0.0114608 9.99641E-005 9.99641E-005 0.0118764 9.99641E-005
0.0498807 0.840681 0.0384426 9.9982E-005 0.00939097 9.9982E-005 0.0614043
9.99641E-005 0.949449 9.99641E-005 9.99641E-005 9.99641E-005 0.046283 0.00386783
9.99551E-005 0.96724 9.99551E-005 9.99551E-005 0.0322603 9.99551E-005 9.99551E-005
0.000556873 0.998943 9.99551E-005 9.99551E-005 9.99551E-005 9.99551E-005 9.99551E-005
0.0656907 0.544168 0.00996717 9.9991E-005 0.0737165 0.0412645 0.265093
0.0706028 0.558285 0.0527863 0.00911015 0.00524142 0.0286648 0.27531
0.0315866 0.614889 0.0820115 9.9991E-005 0.0351983 0.00383449 0.23238
0.0240957 0.186033 9.99821E-005 0.00808837 0.210915 9.99821E-005 0.570668
0.0637034 0.111312 9.99731E-005 9.99731E-005 0.342887 9.99731E-005 0.481797
9.995E-005 9.995E-005 9.995E-005 9.995E-005 9.995E-005 9.995E-005 0.9994
9.995E-005 9.995E-005 9.995E-005 9.995E-005 9.995E-005 9.995E-005 0.9994
0.0294401 0.190304 0.0285315 9.9982E-005 0.174824 9.9982E-005 0.576701
0.0123257 0.18807 9.99731E-005 9.99731E-005 0.27224 9.99731E-005 0.527065
9.99641E-005 9.99641E-005 0.0098474 9.99641E-005 9.99641E-005 0.00105286 0.9887
9.995E-005 9.995E-005 9.995E-005 9.995E-005 9.995E-005 9.995E-005 0.9994
0.060198 0.17736 9.9991E-005 0.0103513 0.172466 0.0317183 0.547806
9.995E-005 9.995E-005 9.995E-005 9.995E-005 9.995E-005 9.995E-005 0.9994
9.995E-005 9.995E-005 9.995E-005 9.995E-005 9.995E-005 9.995E-005 0.9994
9.995E-005 9.995E-005 9.995E-005 9.995E-005 9.995E-005 9.995E-005 0.9994
9.99551E-005 9.99551E-005 9.99551E-005 9.99551E-005 0.00461262 9.99551E-005 0.994888
0.0268634 9.9955E-005 9.9955E-005 9.9955E-005 9.9955E-005 9.9955E-005 0.972637
0.351657 9.9991E-005 0.285059 0.0456705 0.0346303 0.261954 0.0209288
0.0218957 9.9973E-005 0.935123 0.0159286 9.9973E-005 0.0267531 9.9973E-005
0.0562876 9.99551E-005 0.943213 9.99551E-005 9.99551E-005 9.99551E-005 9.99551E-005
9.99551E-005 9.99551E-005 9.99551E-005 9.99551E-005 0.959006 9.99551E-005 0.0404946
9.99641E-005 9.99641E-005 9.99641E-005 0.00768687 0.937129 9.99641E-005 0.054784
9.99551E-005 9.99551E-005 9.99551E-005 9.99551E-005 0.961219 9.99551E-005 0.0382813
9.99551E-005 0.0197264 9.99551E-005 9.99551E-005 0.979774 9.99551E-005 9.99551E-005
9.99552E-005 0.0664729 9.99552E-005 9.99552E-005 0.933027 9.99552E-005 9.99552E-005
0.0387632 9.99551E-005 9.99551E-005 9.99551E-005 0.960737 9.99551E-005 9.99551E-005
0.0519728 9.99641E-005 9.99641E-005 9.99641E-005 0.930173 9.99641E-005 0.0174541
9.99641E-005 0.067696 9.99641E-005 9.99641E-005 0.930494 9.99641E-005 0.00141003
0.0358631 9.99641E-005 0.0209039 9.99641E-005 0.942833 9.99641E-005 9.99641E-005
9.99641E-005 0.0549194 9.99641E-005 9.99641E-005 0.936569 0.00811151 9.99641E-005
0.00497721 9.99552E-005 9.99552E-005 9.99552E-005 0.994523 9.99552E-005 9.99552E-005
0.0114092 0.00532593 9.99821E-005 0.0698316 0.910988 9.99821E-005 0.00224515
9.99551E-005 0.031672 9.99551E-005 9.99551E-005 0.967828 9.99551E-005 9.99551E-005
9.99551E-005 9.99551E-005 9.99551E-005 9.99551E-005 0.965606 9.99551E-005 0.033894
9.99641E-005 0.000485374 9.99641E-005 9.99641E-005 0.980188 0.0189272 9.99641E-005
0.034413 9.99731E-005 9.99731E-005 0.0244442 0.915711 0.0251321 9.99731E-005
9.99551E-005 9.99551E-005 9.99551E-005 9.99551E-005 0.919556 9.99551E-005 0.0799439
9.99551E-005 9.99551E-005 0.0259802 9.99551E-005 0.97352 9.99551E-005 9.99551E-005
9.99731E-005 0.00465654 9.99731E-005 0.000723433 0.98995 9.99731E-005 0.00437003
0.0293787 9.99731E-005 9.99731E-005 0.0441241 0.882832 9.99731E-005 0.043365
0.0137211 9.99641E-005 9.99641E-005 9.99641E-005 0.95934 9.99641E-005 0.0265394
0.00162353 0.015888 0.0130125 0.0112346 0.912911 0.0284493 0.0168814
9.99641E-005 9.99641E-005 9.99641E-005 0.0108964 0.971684 0.0170194 9.99641E-005
0.0352121 0.0867865 9.99641E-005 9.99641E-005 0.877602 9.99641E-005 9.99641E-005
9.99551E-005 9.99551E-005 9.99551E-005 9.99551E-005 0.989808 9.99551E-005 0.00969269
0.0206972 0.0326991 9.9982E-005 0.032098 0.900098 0.0142074 9.9982E-005
0.0355188 0.168722 9.99731E-005 9.99731E-005 0.236359 9.99731E-005 0.559099
0.174797 0.204926 0.00360085 0.0578497 0.154088 0.0546103 0.350129
0.0487298 0.20274 0.0133109 9.99821E-005 0.350209 9.99821E-005 0.38481
0.0470291 9.9982E-005 0.563674 0.00737584 9.9982E-005 0.311232 0.0704886
9.99641E-005 9.99641E-005 0.701242 9.99641E-005 0.0208326 0.277526 9.99641E-005
0.018305 0.0308703 0.654753 9.99821E-005 9.99821E-005 0.267264 0.0286077
0.0577921 9.99731E-005 0.580227 9.99731E-005 9.99731E-005 0.335844 0.0258362
9.99641E-005 9.99641E-005 0.724507 9.99641E-005 9.99641E-005 0.257931 0.0171621
0.0180834 9.99641E-005 0.630513 9.99641E-005 9.99641E-005 0.351004 9.99641E-005
0.0922789 0.0194737 0.505949 0.0126419 9.9991E-005 0.327181 0.0423748
0.00940911 9.99641E-005 0.96124 0.0289506 9.99641E-005 9.99641E-005 9.99641E-005
9.995E-005 9.995E-005 0.9994 9.995E-005 9.995E-005 9.995E-005 9.995E-005
0.084132 9.99731E-005 0.888839 0.00135809 9.99731E-005 9.99731E-005 0.0253713
0.205646 9.99641E-005 0.308118 9.99641E-005 0.485836 9.99641E-005 9.99641E-005
0.119544 0.148974 0.118322 0.0764437 0.0560769 0.480539 9.9991E-005
0.0412159 9.9991E-005 0.0223947 0.719161 0.0647906 0.112367 0.0399714
0.0161503 0.714907 9.99731E-005 9.99731E-005 0.117254 9.99731E-005 0.151389
0.00670311 0.633377 9.99731E-005 9.99731E-005 9.99731E-005 0.0779553 0.281665
9.99547E-005 9.99547E-005 9.99547E-005 0.683073 0.316427 9.99547E-005 9.99547E-005
9.99641E-005 0.0460443 9.99641E-005 9.99641E-005 0.940375 9.99641E-005 0.0131805
9.99552E-005 9.99552E-005 0.0280016 9.99552E-005 0.971499 9.99552E-005 9.99552E-005
0.0227014 9.9982E-005 9.9982E-005 0.0455261 0.901099 0.0158183 0.0146554
9.99551E-005 9.99551E-005 9.99551E-005 0.00336564 0.996135 9.99551E-005 9.99551E-005
9.99551E-005 0.0677936 9.99551E-005 9.99551E-005 0.931707 9.99551E-005 9.99551E-005
9.99641E-005 0.0273659 9.99641E-005 9.99641E-005 0.961166 9.99641E-005 0.0110684
9.99731E-005 0.0100986 0.0110648 9.99731E-005 0.939805 9.99731E-005 0.0387317
0.00178176 9.99551E-005 9.99551E-005 9.99551E-005 0.997718 9.99551E-005 9.99551E-005
9.99731E-005 9.99731E-005 0.0293961 0.0164395 0.94813 9.99731E-005 0.00573463
9.99551E-005 9.99551E-005 9.99551E-005 9.99551E-005 0.939606 9.99551E-005 0.0598942
9.99552E-005 9.99552E-005 0.0150675 9.99552E-005 0.984433 9.99552E-005 9.99552E-005
9.99641E-005 9.99641E-005 0.0252435 9.99641E-005 0.966222 9.99641E-005 0.00813467
9.99551E-005 9.99551E-005 0.0601388 9.99551E-005 0.939361 9.99551E-005 9.99551E-005
0.0445674 0.00410239 9.99641E-005 9.99641E-005 0.95093 9.99641E-005 9.99641E-005
9.99641E-005 0.0565829 9.99641E-005 0.00638373 0.936633 9.99641E-005 9.99641E-005
0.336008 9.99821E-005 0.273329 9.99821E-005 0.0677014 0.251837 0.0709247
0.34848 9.9991E-005 0.21687 0.0166206 0.0364942 0.346765 0.0346703
0.347268 9.9991E-005 0.21227 0.0144432 0.0115947 0.354612 0.0597121
9.995E-005 9.995E-005 0.9994 9.995E-005 9.995E-005 9.995E-005 9.995E-005
0.0125654 9.99551E-005 0.986935 9.99551E-005 9.99551E-005 9.99551E-005 9.99551E-005
9.99552E-005 0.0283784 0.971122 9.99552E-005 9.99552E-005 9.99552E-005 9.99552E-005
0.043643 0.0418527 0.914104 9.99641E-005 9.99641E-005 9.99641E-005 9.99641E-005
0.0270805 0.752809 9.99731E-005 0.0158123 9.99731E-005 9.99731E-005 0.203998
0.0213733 0.730575 0.0135871 0.00241834 9.9991E-005 0.00532843 0.226618
0.037437 0.609937 0.0897053 0.00341933 0.00329602 0.00130851 0.254897
0.376561 0.0666937 0.245098 0.00609523 0.0171816 0.253315 0.0350564
0.358259 0.0419755 0.230251 0.0627466 0.0199675 0.268983 0.0178177
0.278752 0.0791274 0.190639 0.0143133 0.0851201 0.304713 0.0473348
0.370442 0.00629779 0.201465 0.0911882 0.0734754 0.211686 0.0454452
