0.00393739 9.9982E-005 0.0233148 0.947988 9.9982E-005 0.0113324 0.0132271
9.99551E-005 9.99551E-005 9.99551E-005 0.98732 9.99551E-005 9.99551E-005 0.0121801
9.99641E-005 0.0629365 9.99641E-005 0.913894 9.99641E-005 9.99641E-005 0.02277
0.0652623 0.021099 0.0959262 0.745395 9.9991E-005 0.0309412 0.0412768
9.99731E-005 0.0455012 0.0606158 0.882125 9.99731E-005 9.99731E-005 0.0114582
9.995E-005 9.995E-005 9.995E-005 0.9994 9.995E-005 9.995E-005 9.995E-005
9.995E-005 9.995E-005 9.995E-005 0.9994 9.995E-005 9.995E-005 9.995E-005
0.0757393 9.99731E-005 0.0900142 0.788264 9.99731E-005 0.0456827 9.99731E-005
0.0276807 9.9973E-005 9.9973E-005 0.882121 0.0756342 9.9973E-005 0.0142641
9.99551E-005 9.99551E-005 9.99551E-005 0.90209 0.0974105 9.99551E-005 9.99551E-005
9.99551E-005 9.99551E-005 9.99551E-005 0.924787 0.074713 9.99551E-005 9.99551E-005
9.99821E-005 0.0397267 0.182419 0.63947 9.99821E-005 0.0191559 0.119029
0.0772968 0.128925 0.0461091 0.691837 0.0133774 0.0127766 0.029678
0.0198558 0.101552 0.133357 0.680714 0.0565777 0.00784329 9.9991E-005
0.252048 0.0521554 0.124823 0.406135 0.0187735 0.103342 0.042723
0.082287 0.248796 0.0651521 0.51565 9.9991E-005 0.042194 0.0458206
0.061924 0.145731 0.116695 0.617871 9.99821E-005 9.99821E-005 0.0575797
0.0698676 0.273228 0.0953265 0.537338 9.9982E-005 9.9982E-005 0.0240407
9.9982E-005 0.156716 0.0474849 0.0963406 9.9982E-005 0.00665325 0.692605
9.999E-005 0.147501 0.134279 0.286364 0.0269503 0.0223552 0.38245
0.0370621 0.208649 0.132214 0.127899 0.0168744 9.9991E-005 0.477201
9.999E-005 0.0673893 0.0927901 0.223166 0.062988 0.0103227 0.543244
0.0109442 0.149743 0.0860693 0.189573 0.129011 9.9991E-005 0.43456
9.995E-005 9.995E-005 9.995E-005 9.995E-005 9.995E-005 9.995E-005 0.9994
9.995E-005 9.995E-005 9.995E-005 9.995E-005 9.995E-005 9.995E-005 0.9994
9.995E-005 9.995E-005 9.995E-005 9.995E-005 9.995E-005 9.995E-005 0.9994
0.000274712 0.160599 0.159608 0.188924 0.0977655 0.0312496 0.361579
9.9973E-005 9.9973E-005 0.00242175 0.0611221 9.9973E-005 0.0112729 0.924883
0.120352 0.301892 9.9982E-005 0.167608 9.9982E-005 0.0210783 0.388871
9.995E-005 9.995E-005 9.995E-005 9.995E-005 9.995E-005 9.995E-005 0.9994
0.00280511 0.068335 0.060501 0.318625 0.0150576 0.0499648 0.484711
9.995E-005 9.995E-005 9.995E-005 9.995E-005 9.995E-005 9.995E-005 0.9994
9.9991E-005 0.33077 0.0704923 0.117807 0.0256751 0.014409 0.440747
9.999E-005 0.068532 0.0856629 0.187402 0.0508506 0.0251152 0.582337
0.00586584 0.174919 0.129364 0.112294 0.0962025 0.0144702 0.466884
9.9982E-005 0.18963 0.0397329 0.241984 9.9982E-005 0.0401313 0.488322
0.0914746 0.154235 0.0360594 0.221967 0.0687411 0.0176147 0.409909
9.99821E-005 0.124677 0.719562 0.0965976 0.045987 0.0129765 9.99821E-005
9.995E-005 9.995E-005 0.9994 9.995E-005 9.995E-005 9.995E-005 9.995E-005
9.99843E-005 0.117259 0.775047 9.99843E-005 0.0205332 0.0478875 0.0390738
9.99551E-005 0.176031 0.823469 9.99551E-005 9.99551E-005 9.99551E-005 9.99551E-005
9.99731E-005 0.202808 0.756719 9.99731E-005 9.99731E-005 0.0142908 0.0258829
9.99641E-005 0.0399191 0.958445 9.99641E-005 9.99641E-005 0.00123608 9.99641E-005
9.99551E-005 0.219236 0.780264 9.99551E-005 9.99551E-005 9.99551E-005 9.99551E-005
0.0495459 0.0940527 0.777324 0.0383092 9.9982E-005 9.9982E-005 0.0405678
9.99641E-005 0.0728984 0.910909 9.99641E-005 9.99641E-005 9.99641E-005 0.0157925
0.476564 0.0119642 0.112961 0.159624 0.147452 0.0595834 0.0318511
0.9994 9.995E-005 9.995E-005 9.995E-005 9.995E-005 9.995E-005 9.995E-005
0.79859 9.99642E-005 0.0465841 9.99642E-005 0.154426 9.99642E-005 9.99642E-005
0.647438 0.165328 0.00280475 9.9982E-005 0.053658 0.130571 9.9982E-005
0.80365 9.9955E-005 9.9955E-005 9.9955E-005 0.19585 9.9955E-005 9.9955E-005
0.774841 9.9982E-005 0.0753722 0.00511661 9.9982E-005 0.125557 0.018913
0.621109 0.0125113 0.0838869 0.0209042 0.0965644 0.126835 0.038189
0.60758 9.9991E-005 0.138318 0.0545614 0.0533899 0.10001 0.0460406
0.667212 9.9973E-005 9.9973E-005 0.139138 0.106583 0.0867662 9.9973E-005
0.753197 0.0507229 0.0304183 0.066822 0.0334402 0.0652997 9.9991E-005
0.566276 0.113375 0.0100735 0.0011034 0.080201 0.165052 0.0639189
0.699347 0.00593407 0.00030576 0.137922 0.00787727 0.148514 9.9991E-005
0.751567 0.0449234 9.9973E-005 9.9973E-005 0.0873787 0.115831 9.9973E-005
0.743384 0.0682795 9.9991E-005 0.0031839 0.0595836 0.117266 0.00820272
0.355442 0.0444935 0.00321048 0.10039 0.12641 0.308187 0.0618677
0.38498 0.0782341 0.0262997 0.0733887 0.052941 0.336198 0.0479583
0.40291 0.0341992 0.0886029 0.0585306 0.0874229 0.314369 0.013965
0.133582 9.99731E-005 9.99731E-005 9.99731E-005 0.2214 0.619571 0.0251472
0.0233939 0.0266784 9.9982E-005 9.9982E-005 0.36726 0.524066 0.0584011
9.995E-005 9.995E-005 9.995E-005 9.995E-005 9.995E-005 0.9994 9.995E-005
9.995E-005 9.995E-005 9.995E-005 9.995E-005 9.995E-005 0.9994 9.995E-005
0.0642337 9.9991E-005 0.0425006 0.0217763 0.227564 0.606725 0.0371004
0.121488 9.99731E-005 9.99731E-005 9.99731E-005 0.271012 0.591433 0.0157664
9.99551E-005 0.0200636 9.99551E-005 9.99551E-005 9.99551E-005 0.979437 9.99551E-005
9.995E-005 9.995E-005 9.995E-005 9.995E-005 9.995E-005 0.9994 9.995E-005
0.116648 9.9982E-005 9.9982E-005 0.0605601 0.198281 0.578466 0.0458449
9.995E-005 9.995E-005 9.995E-005 9.995E-005 9.995E-005 0.9994 9.995E-005
9.995E-005 9.995E-005 9.995E-005 9.995E-005 9.995E-005 0.9994 9.995E-005
9.995E-005 9.995E-005 9.995E-005 9.995E-005 9.995E-005 0.9994 9.995E-005
9.995E-005 9.995E-005 9.995E-005 9.995E-005 9.995E-005 0.9994 9.995E-005
9.99551E-005 9.99551E-005 9.99551E-005 9.99551E-005 9.99551E-005 0.976843 0.0226574
9.99821E-005 0.357322 0.0901179 0.155426 0.0561482 9.99821E-005 0.340786
9.99731E-005 0.0912888 0.86322 0.00974742 9.99731E-005 9.99731E-005 0.0354442
9.99551E-005 9.99551E-005 0.950729 9.99551E-005 9.99551E-005 9.99551E-005 0.0487708
9.99551E-005 9.99551E-005 9.99551E-005 9.99551E-005 0.949436 0.0500644 9.99551E-005
9.99551E-005 9.99551E-005 9.99551E-005 9.99551E-005 0.939263 0.0602371 9.99551E-005
9.99551E-005 9.99551E-005 9.99551E-005 9.99551E-005 0.954228 0.0452719 9.99551E-005
9.99551E-005 0.0258241 9.99551E-005 9.99551E-005 0.973676 9.99551E-005 9.99551E-005
0.0415638 9.99641E-005 9.99641E-005 9.99641E-005 0.936366 0.0216702 9.99641E-005
9.99641E-005 9.99641E-005 9.99641E-005 9.99641E-005 0.951516 0.00597334 0.0421113
9.99731E-005 0.00242525 9.99731E-005 9.99731E-005 0.92995 0.00683301 0.0604916
9.99731E-005 9.99731E-005 0.0149263 0.0335886 0.946029 0.00515639 9.99731E-005
0.00233881 0.0084938 0.0138453 9.9982E-005 0.937089 9.9982E-005 0.0380332
9.99641E-005 0.00901262 9.99641E-005 0.0388623 0.951725 9.99641E-005 9.99641E-005
9.99552E-005 0.0252019 9.99552E-005 9.99552E-005 0.974298 9.99552E-005 9.99552E-005
0.0584799 9.99731E-005 9.99731E-005 9.99731E-005 0.908945 0.0235332 0.00874194
0.00395646 9.99641E-005 9.99641E-005 0.0151808 0.980463 9.99641E-005 9.99641E-005
9.99551E-005 9.99551E-005 9.99551E-005 9.99551E-005 0.955606 0.0438944 9.99551E-005
9.99551E-005 9.99551E-005 9.99551E-005 0.0297944 0.969706 9.99551E-005 9.99551E-005
9.99641E-005 0.0581969 9.99641E-005 9.99641E-005 0.921668 9.99641E-005 0.0197348
9.99551E-005 9.99551E-005 9.99551E-005 9.99551E-005 0.925757 0.0737431 9.99551E-005
9.99731E-005 9.99731E-005 0.0245069 0.00244188 0.967643 0.0051084 9.99731E-005
0.0167786 9.99641E-005 9.99641E-005 9.99641E-005 0.970293 0.012528 9.99641E-005
9.99731E-005 9.99731E-005 9.99731E-005 0.00707497 0.904463 0.0400156 0.048146
9.99641E-005 9.99641E-005 9.99641E-005 9.99641E-005 0.987582 0.00809344 0.00392457
9.99641E-005 0.0533797 9.99641E-005 9.99641E-005 0.903216 0.0430039 9.99641E-005
9.99551E-005 9.99551E-005 9.99551E-005 0.0333546 0.966146 9.99551E-005 9.99551E-005
0.0974168 9.99641E-005 9.99641E-005 9.99641E-005 0.882952 9.99641E-005 0.0192309
9.99641E-005 0.00697775 9.99641E-005 9.99641E-005 0.972031 0.0205912 9.99641E-005
0.0188233 9.99731E-005 9.99731E-005 0.0398731 0.924147 9.99731E-005 0.0168563
0.0490329 0.0343019 9.9982E-005 9.9982E-005 0.264207 0.610802 0.0414561
0.157824 0.0766766 9.9991E-005 0.0515554 0.172904 0.39034 0.1506
0.0624286 0.00302562 0.0154646 0.0331214 0.370881 0.455331 0.0597476
9.9982E-005 0.841399 0.055519 0.0493557 9.9982E-005 0.0461853 0.00734087
9.995E-005 0.9994 9.995E-005 9.995E-005 9.995E-005 9.995E-005 9.995E-005
9.99551E-005 0.98182 9.99551E-005 9.99551E-005 9.99551E-005 9.99551E-005 0.0176803
9.9955E-005 0.978371 9.9955E-005 9.9955E-005 9.9955E-005 9.9955E-005 0.0211296
9.99551E-005 0.915725 0.083775 9.99551E-005 9.99551E-005 9.99551E-005 9.99551E-005
9.995E-005 0.9994 9.995E-005 9.995E-005 9.995E-005 9.995E-005 9.995E-005
0.0454866 0.52172 0.21132 0.127212 9.9991E-005 0.0205068 0.0736544
9.99551E-005 9.99551E-005 0.987175 9.99551E-005 9.99551E-005 9.99551E-005 0.0123251
9.995E-005 9.995E-005 0.9994 9.995E-005 9.995E-005 9.995E-005 9.995E-005
9.9982E-005 0.0107389 0.864551 0.00311624 9.9982E-005 0.028605 0.0927889
9.99731E-005 0.314287 0.061775 9.99731E-005 0.479159 9.99731E-005 0.144479
0.174083 0.0874947 0.0731077 0.475339 0.0729782 9.9991E-005 0.116897
0.5326 0.0023985 0.0219462 0.152059 0.210413 0.0204809 0.0601013
0.490805 0.0397643 9.9982E-005 9.9982E-005 0.179316 0.250217 0.0396977
0.404301 9.9991E-005 0.00993192 0.168187 0.069475 0.338816 0.00918895
0.35353 9.99552E-005 9.99552E-005 9.99552E-005 0.645971 9.99552E-005 9.99552E-005
9.99731E-005 0.0151704 9.99731E-005 9.99731E-005 0.940194 0.0369257 0.00741002
9.99641E-005 0.00599638 0.0271414 9.99641E-005 0.966462 9.99641E-005 9.99641E-005
0.00921145 9.9991E-005 0.00100731 0.0412051 0.921055 0.0028274 0.0245942
9.995E-005 9.995E-005 9.995E-005 9.995E-005 0.9994 9.995E-005 9.995E-005
0.0503342 0.0147247 9.99641E-005 9.99641E-005 0.934541 9.99641E-005 9.99641E-005
0.0169638 9.99641E-005 9.99641E-005 9.99641E-005 0.934347 0.0482888 9.99641E-005
9.99641E-005 0.0288332 9.99641E-005 9.99641E-005 0.95663 0.0141374 9.99641E-005
9.995E-005 9.995E-005 9.995E-005 9.995E-005 0.9994 9.995E-005 9.995E-005
9.99731E-005 0.0157343 0.0413181 9.99731E-005 0.915483 0.0271647 9.99731E-005
9.99551E-005 9.99551E-005 9.99551E-005 9.99551E-005 0.944503 0.0549976 9.99551E-005
9.99552E-005 0.028314 9.99552E-005 9.99552E-005 0.971186 9.99552E-005 9.99552E-005
9.99731E-005 0.0264438 0.00759331 9.99731E-005 0.944789 0.0208736 9.99731E-005
9.99731E-005 0.0172562 0.0301747 9.99731E-005 0.924354 9.99731E-005 0.0279146
0.0158302 9.99641E-005 9.99641E-005 9.99641E-005 0.943829 9.99641E-005 0.0399412
0.0392926 9.99641E-005 9.99641E-005 9.99641E-005 0.945795 9.99641E-005 0.0145129
9.9991E-005 0.321913 0.0833893 0.190026 0.0297549 0.0870351 0.287782
9.9991E-005 0.201014 0.0967915 0.330326 0.0314933 0.0238969 0.316379
9.9991E-005 0.0190649 0.197335 0.368664 0.0178024 0.0556878 0.341346
9.995E-005 9.995E-005 0.9994 9.995E-005 9.995E-005 9.995E-005 9.995E-005
9.995E-005 9.995E-005 0.9994 9.995E-005 9.995E-005 9.995E-005 9.995E-005
9.99552E-005 0.0496522 0.949848 9.99552E-005 9.99552E-005 9.99552E-005 9.99552E-005
0.0207122 0.0615184 0.87055 0.014402 9.9982E-005 9.9982E-005 0.0326174
0.497841 9.9982E-005 9.9982E-005 0.122233 0.0711047 0.303576 0.00504585
0.509917 0.0318918 0.0189865 0.0476232 0.0734543 0.287397 0.0307302
0.353495 0.0992466 0.0427748 0.0819086 0.091302 0.311583 0.0196907
0.00853557 0.257867 0.096772 0.206148 0.048253 0.0387518 0.343673
0.0634789 0.200406 0.110999 0.218266 0.0468509 0.0113325 0.348666
9.9991E-005 0.254832 0.0445155 0.274961 0.11031 0.052956 0.262327
0.0440353 0.219394 0.0663034 0.19928 0.0998338 0.0381824 0.332972
