0.897274 0.102626 9.9991E-005
0.911372 0.0885277 9.9991E-005
0.929326 0.0705738 9.9991E-005
0.851353 0.100712 0.0479351
0.957713 0.0421868 9.9991E-005
0.935443 0.0644574 9.9991E-005
0.933654 0.0662456 9.9991E-005
0.829557 0.162041 0.00840199
0.800534 0.0936728 0.105793
0.828105 0.0560486 0.115847
0.821094 0.0531638 0.125742
0.905433 0.094467 9.9991E-005
0.854618 0.109648 0.0357336
0.833874 0.117458 0.0486687
0.72001 0.177808 0.102182
0.850937 0.141223 0.0078397
0.927713 0.0721874 9.9991E-005
0.912723 0.087177 9.9991E-005
0.827943 0.129839 0.0422178
0.861079 0.0902518 0.0486693
0.87247 0.0673079 0.0602221
0.805129 0.0966408 0.0982298
0.769154 0.0891965 0.141649
0.82017 0.17973 9.9991E-005
0.871347 0.128553 9.9991E-005
0.738987 0.250152 0.0108609
0.772486 0.107484 0.12003
0.802952 0.187589 0.00945863
0.828719 0.143447 0.0278341
0.845357 0.154543 9.9991E-005
0.80591 0.154733 0.0393561
0.779943 0.187434 0.0326222
0.855076 0.0987346 0.0461891
0.781236 0.136383 0.0823808
0.765865 0.112027 0.122109
0.818819 0.163815 0.0173665
0.776544 0.122971 0.100485
0.940857 0.00578631 0.0533567
0.9998 9.999E-005 9.999E-005
0.937188 0.024532 0.0382796
0.998534 9.9991E-005 0.00136602
0.974551 0.0253489 9.9991E-005
0.9998 9.999E-005 9.999E-005
0.9998 9.999E-005 9.999E-005
0.987512 9.9991E-005 0.0123883
0.9998 9.999E-005 9.999E-005
0.523471 0.145051 0.331478
0.788165 0.014708 0.197127
0.45463 9.99911E-005 0.54527
0.477654 0.211521 0.310826
0.345643 0.0487856 0.605572
0.462679 0.248081 0.289241
0.449111 0.227981 0.322908
0.538935 0.181424 0.279642
0.437692 0.199884 0.362424
0.507193 0.161621 0.331186
0.463232 0.236289 0.300479
0.459931 0.257387 0.282681
0.376254 0.23211 0.391635
0.453881 0.210017 0.336101
0.340808 0.400131 0.25906
0.360114 0.439231 0.200655
0.385067 0.380479 0.234454
0.0351709 0.697882 0.266947
0.0380446 0.57753 0.384426
9.999E-005 0.9998 9.999E-005
9.999E-005 0.9998 9.999E-005
0.111092 0.642022 0.246885
0.023658 0.63753 0.338812
9.999E-005 0.9998 9.999E-005
9.999E-005 0.9998 9.999E-005
0.118926 0.631158 0.249916
9.999E-005 0.9998 9.999E-005
9.999E-005 0.9998 9.999E-005
9.999E-005 0.9998 9.999E-005
9.999E-005 0.9998 9.999E-005
9.999E-005 0.9998 9.999E-005
0.835128 0.0997671 0.0651046
0.9998 9.999E-005 9.999E-005
0.9998 9.999E-005 9.999E-005
9.9991E-005 0.0415377 0.958362
9.9991E-005 0.0526161 0.947284
9.9991E-005 0.0301992 0.969701
9.999E-005 9.999E-005 0.9998
9.9991E-005 0.0185622 0.981338
9.9991E-005 0.0194837 0.980416
0.000700473 0.0240031 0.975296
0.012143 0.0212428 0.966614
0.0254835 9.9991E-005 0.974417
0.0144478 9.9991E-005 0.985452
9.999E-005 9.999E-005 0.9998
9.9991E-005 0.0215036 0.978396
9.999E-005 9.999E-005 0.9998
9.9991E-005 0.0166213 0.983279
9.999E-005 9.999E-005 0.9998
0.0529442 9.9991E-005 0.946956
9.9991E-005 0.0553283 0.944572
0.0171198 9.9991E-005 0.98278
9.9991E-005 0.00776553 0.992134
0.0125571 0.0549249 0.932518
9.999E-005 9.999E-005 0.9998
0.0308945 0.0397625 0.929343
9.9991E-005 0.00316568 0.996734
0.0110618 0.0277117 0.961227
9.9991E-005 0.009701 0.990199
0.0151105 9.9991E-005 0.984789
0.03995 0.675492 0.284558
0.296631 0.437795 0.265574
0.114908 0.462622 0.42247
0.893012 0.106888 9.9991E-005
0.974333 9.9991E-005 0.0255666
0.919643 0.0625325 0.0178245
0.941474 0.0584256 9.9991E-005
0.960821 0.0390793 9.9991E-005
0.985852 9.9991E-005 0.0140483
0.925049 0.0748507 9.9991E-005
0.9998 9.999E-005 9.999E-005
0.9998 9.999E-005 9.999E-005
0.976101 0.0173012 0.00659741
0.462056 9.9991E-005 0.537844
0.764614 0.0844198 0.150966
0.481206 0.077651 0.441143
0.27807 0.359345 0.362585
0.334401 0.451943 0.213655
9.99911E-005 0.000938323 0.998962
9.9991E-005 0.0181629 0.981737
9.999E-005 9.999E-005 0.9998
0.0387598 0.0244366 0.936804
9.999E-005 9.999E-005 0.9998
0.00402924 9.9991E-005 0.995871
9.9991E-005 0.0437476 0.956152
9.9991E-005 0.0349519 0.964948
9.999E-005 9.999E-005 0.9998
0.022422 0.0125419 0.965036
9.9991E-005 0.0436502 0.95625
9.999E-005 9.999E-005 0.9998
9.9991E-005 0.0233218 0.976578
0.0447758 9.9991E-005 0.955124
0.00155974 9.9991E-005 0.99834
9.999E-005 9.999E-005 0.9998
0.792719 0.152363 0.0549176
0.830314 0.128457 0.0412285
0.815925 0.134887 0.0491877
0.988914 9.9991E-005 0.0109856
0.9998 9.999E-005 9.999E-005
0.9998 9.999E-005 9.999E-005
0.999259 0.000640713 9.9991E-005
0.351819 0.40115 0.24703
0.361553 0.384678 0.253769
0.385124 0.422239 0.192637
0.813528 0.111407 0.0750649
0.82093 0.110098 0.0689725
0.745217 0.10711 0.147674
0.754776 0.118723 0.126501
