9.9991E-005 0.705087 0.294813
9.9991E-005 0.688774 0.311126
9.999E-005 0.688163 0.311737
0.0282408 0.667949 0.30381
9.9991E-005 0.747226 0.252674
9.999E-005 0.752448 0.247452
9.999E-005 0.681935 0.317965
0.0514238 0.686178 0.262398
0.11401 0.63 0.25599
0.11175 0.664763 0.223487
0.114616 0.695637 0.189747
9.9991E-005 0.668902 0.330998
0.0487893 0.697037 0.254174
0.0762046 0.738439 0.185357
0.165112 0.557911 0.276977
0.0349394 0.680295 0.284766
9.9991E-005 0.753502 0.246398
9.9991E-005 0.745998 0.253902
9.9991E-005 0.253465 0.746435
0.00363965 0.472524 0.523837
9.9991E-005 0.431718 0.568182
0.0324929 0.332543 0.634964
0.102993 0.363459 0.533548
9.999E-005 9.999E-005 0.9998
9.999E-005 9.999E-005 0.9998
9.999E-005 9.999E-005 0.9998
0.0723285 0.447691 0.479981
9.9991E-005 0.0569241 0.942976
9.9991E-005 0.411096 0.588804
9.999E-005 9.999E-005 0.9998
0.0009236 0.356478 0.642599
9.999E-005 9.999E-005 0.9998
9.9991E-005 0.453016 0.546884
0.0179198 0.283224 0.698856
0.0708249 0.353486 0.575689
9.9991E-005 0.369014 0.630886
0.0741846 0.380345 0.545471
0.0440581 0.87949 0.0764524
9.999E-005 0.9998 9.999E-005
0.0253147 0.884073 0.0906121
9.999E-005 0.9998 9.999E-005
9.9991E-005 0.918503 0.0813973
9.9991E-005 0.961297 0.038603
9.9991E-005 0.978484 0.0214157
9.9991E-005 0.919105 0.0807947
9.9991E-005 0.962349 0.0375508
0.360524 0.409337 0.230139
0.125945 0.472764 0.401291
0.510983 0.346091 0.142926
0.406667 0.396283 0.19705
0.588025 0.277398 0.134577
0.39032 0.339524 0.270157
0.401812 0.330429 0.267759
0.346253 0.410945 0.242802
0.438259 0.345423 0.216318
0.397601 0.418941 0.183459
0.398673 0.317998 0.283329
0.379745 0.369627 0.250628
0.47317 0.268595 0.258234
0.420268 0.304913 0.274819
0.432582 0.210117 0.357301
0.396406 0.209306 0.394288
0.400931 0.241312 0.357757
0.578861 9.9991E-005 0.421039
0.650312 9.9991E-005 0.349588
0.486219 9.9991E-005 0.513681
0.441803 9.9991E-005 0.558097
0.571274 0.0287005 0.400026
0.648308 9.9991E-005 0.351592
0.45939 9.9991E-005 0.54051
0.500777 9.9991E-005 0.499123
0.541302 0.0288665 0.429832
0.49267 9.9991E-005 0.50723
0.460777 9.9991E-005 0.539123
0.501523 9.9991E-005 0.498377
0.513929 9.9991E-005 0.485971
0.465129 9.9991E-005 0.534771
0.0380507 0.509055 0.452894
9.9991E-005 0.91678 0.0831203
9.9991E-005 0.948002 0.0518981
0.9998 9.999E-005 9.999E-005
0.9998 9.999E-005 9.999E-005
0.9998 9.999E-005 9.999E-005
0.986675 0.013225 9.9991E-005
0.9998 9.999E-005 9.999E-005
0.983109 9.9991E-005 0.0167912
0.966313 9.9991E-005 0.0335869
0.986149 0.0137511 9.9991E-005
0.971848 0.0058109 0.0223412
0.969507 0.0303928 9.9991E-005
0.995028 0.00487181 9.9991E-005
0.990954 9.9991E-005 0.00894609
0.9998 9.999E-005 9.999E-005
0.9998 9.999E-005 9.999E-005
0.9998 9.999E-005 9.999E-005
0.936171 0.0451622 0.0186672
0.9998 9.999E-005 9.999E-005
0.981892 0.0180078 9.9991E-005
0.9998 9.999E-005 9.999E-005
0.934696 9.9991E-005 0.065204
0.9998 9.999E-005 9.999E-005
0.954396 0.0455038 9.9991E-005
0.9998 9.999E-005 9.999E-005
0.94687 9.9991E-005 0.0530301
0.9998 9.999E-005 9.999E-005
0.966115 9.9991E-005 0.0337854
0.604799 9.9991E-005 0.395101
0.44314 0.113616 0.443244
0.632099 0.0477332 0.320168
0.0101218 0.797397 0.192482
0.0164945 0.91723 0.0662752
0.0130579 0.855234 0.131708
9.9991E-005 0.818379 0.181521
9.9991E-005 0.905972 0.093928
9.9991E-005 0.890365 0.109535
0.00900739 0.764726 0.226267
9.9991E-005 0.977684 0.0222162
9.999E-005 0.9998 9.999E-005
0.00663745 0.870182 0.123181
0.507213 0.314031 0.178756
0.142127 0.552657 0.305216
0.43899 0.320359 0.240651
0.511943 0.177713 0.310345
0.399261 0.203741 0.396998
0.9998 9.999E-005 9.999E-005
0.983914 0.00519057 0.0108954
0.976983 0.022917 9.9991E-005
0.956457 0.0308211 0.0127216
0.9998 9.999E-005 9.999E-005
0.985797 0.014103 9.9991E-005
0.9998 9.999E-005 9.999E-005
0.984795 0.0106621 0.0045433
0.9998 9.999E-005 9.999E-005
0.973241 0.0221382 0.00462119
0.999716 9.9991E-005 0.000183551
0.992957 0.00694288 9.9991E-005
0.984019 0.0158813 9.9991E-005
0.9514 0.0485002 9.9991E-005
0.965327 9.9991E-005 0.0345732
0.994379 0.00552132 9.9991E-005
0.0435499 0.488175 0.468275
0.0338752 0.493856 0.472269
0.0316183 0.47185 0.496531
9.999E-005 0.9998 9.999E-005
9.9991E-005 0.986635 0.0132653
0.00640955 0.982382 0.0112086
9.9991E-005 0.89901 0.10089
0.418025 0.229646 0.352329
0.426328 0.219739 0.353934
0.393648 0.277017 0.329334
0.0254905 0.473878 0.500632
0.0538382 0.45829 0.487872
0.131004 0.464835 0.40416
0.112937 0.415986 0.471076
