9.99461E-005 0.0109517 0.926995 9.99461E-005 0.029827 9.99461E-005 9.99461E-005 9.99461E-005 0.0213811 9.99461E-005 0.0102452
9.99191E-005 9.99191E-005 0.98412 9.99191E-005 0.0149805 9.99191E-005 9.99191E-005 9.99191E-005 9.99191E-005 9.99191E-005 9.99191E-005
9.99371E-005 9.99371E-005 0.87549 0.00772489 0.0347976 9.99371E-005 9.99371E-005 9.99371E-005 0.0812876 9.99371E-005 9.99371E-005
9.99372E-005 9.99372E-005 0.656651 9.99372E-005 9.99372E-005 0.190674 9.99372E-005 9.99372E-005 9.99372E-005 0.110449 0.0415263
9.99371E-005 9.99371E-005 0.858804 9.99371E-005 0.0248791 9.99371E-005 9.99371E-005 9.99371E-005 0.0248731 9.99371E-005 0.0907437
9.99101E-005 9.99101E-005 0.999001 9.99101E-005 9.99101E-005 9.99101E-005 9.99101E-005 9.99101E-005 9.99101E-005 9.99101E-005 9.99101E-005
9.99191E-005 9.99191E-005 0.992774 9.99191E-005 0.00632671 9.99191E-005 9.99191E-005 9.99191E-005 9.99191E-005 9.99191E-005 9.99191E-005
0.00968617 0.0187543 0.663337 9.99551E-005 9.99551E-005 0.246661 9.99551E-005 9.99551E-005 9.99551E-005 0.0443068 0.016755
9.9946E-005 9.9946E-005 0.698018 9.9946E-005 9.9946E-005 0.182483 0.0371065 0.0156098 9.9946E-005 0.066183 9.9946E-005
9.99371E-005 9.99371E-005 0.717931 9.99371E-005 9.99371E-005 0.205447 0.0284828 0.0474397 9.99371E-005 9.99371E-005 9.99371E-005
9.99282E-005 9.99282E-005 0.880919 9.99282E-005 9.99282E-005 9.99282E-005 0.100891 0.0173913 9.99282E-005 9.99282E-005 9.99282E-005
0.0127867 9.99462E-005 0.596597 0.187177 0.0553125 9.99462E-005 9.99462E-005 9.99462E-005 9.99462E-005 9.99462E-005 0.147527
9.99551E-005 9.99551E-005 0.6586 0.118783 9.99551E-005 9.99551E-005 0.0178372 9.99551E-005 0.0842931 0.0980278 0.0219591
0.030611 9.99552E-005 0.663515 9.99552E-005 9.99552E-005 9.99552E-005 9.99552E-005 0.041371 0.0621651 0.03859 0.163248
0.0411459 0.00399016 0.342669 9.99731E-005 9.99731E-005 0.268537 0.0710119 9.99731E-005 0.0505022 0.168128 0.0537156
0.00530136 0.00345546 0.458054 0.211953 9.99731E-005 9.99731E-005 0.0179265 9.99731E-005 0.194818 0.0717762 0.0364152
9.99551E-005 0.00623106 0.495335 9.99551E-005 9.99551E-005 0.31903 9.99551E-005 9.99551E-005 0.0457668 0.0400821 0.0930551
9.99611E-005 0.0108305 0.491012 0.133384 9.99611E-005 9.99611E-005 0.0396733 9.99611E-005 0.223847 9.99611E-005 0.100753
9.99551E-005 9.99551E-005 0.0743791 0.262912 0.529625 9.99551E-005 9.99551E-005 9.99551E-005 0.0796872 0.0279236 0.0249736
9.99372E-005 9.99372E-005 0.0197705 0.918777 0.0305339 9.99372E-005 9.99372E-005 9.99372E-005 9.99372E-005 9.99372E-005 0.0302196
9.99282E-005 9.99282E-005 9.99282E-005 0.838 0.0723426 0.0888576 9.99282E-005 9.99282E-005 9.99282E-005 9.99282E-005 9.99282E-005
9.99551E-005 0.00123188 0.050383 0.701462 0.223859 9.99551E-005 9.99551E-005 0.0198668 9.99551E-005 9.99551E-005 0.00269738
9.99371E-005 9.99371E-005 9.99371E-005 0.8803 0.047804 0.0168449 0.0543515 9.99371E-005 9.99371E-005 9.99371E-005 9.99371E-005
9.99101E-005 9.99101E-005 9.99101E-005 9.99101E-005 0.999001 9.99101E-005 9.99101E-005 9.99101E-005 9.99101E-005 9.99101E-005 9.99101E-005
9.99191E-005 9.99191E-005 9.99191E-005 0.00288873 0.996212 9.99191E-005 9.99191E-005 9.99191E-005 9.99191E-005 9.99191E-005 9.99191E-005
9.99101E-005 9.99101E-005 9.99101E-005 9.99101E-005 0.999001 9.99101E-005 9.99101E-005 9.99101E-005 9.99101E-005 9.99101E-005 9.99101E-005
9.99192E-005 9.99192E-005 9.99192E-005 9.99192E-005 0.0334925 0.965608 9.99192E-005 9.99192E-005 9.99192E-005 9.99192E-005 9.99192E-005
0.0050373 9.99461E-005 0.0060506 0.198394 0.774765 0.0151536 9.99461E-005 9.99461E-005 9.99461E-005 9.99461E-005 9.99461E-005
9.99371E-005 9.99371E-005 9.99371E-005 0.971694 0.00231872 9.99371E-005 9.99371E-005 9.99371E-005 0.0117624 0.0135248 9.99371E-005
9.99101E-005 9.99101E-005 9.99101E-005 9.99101E-005 0.999001 9.99101E-005 9.99101E-005 9.99101E-005 9.99101E-005 9.99101E-005 9.99101E-005
9.99461E-005 9.99461E-005 0.088281 0.633929 0.154845 0.112106 9.99461E-005 9.99461E-005 9.99461E-005 0.0102392 9.99461E-005
9.99191E-005 9.99191E-005 9.99191E-005 9.99191E-005 0.99549 9.99191E-005 0.00361025 9.99191E-005 9.99191E-005 9.99191E-005 9.99191E-005
9.99371E-005 9.99371E-005 9.99371E-005 0.648872 0.0811121 0.177981 9.99371E-005 9.99371E-005 0.0913355 9.99371E-005 9.99371E-005
9.99282E-005 9.99282E-005 9.99282E-005 0.688874 0.239248 0.0710785 9.99282E-005 9.99282E-005 9.99282E-005 9.99282E-005 9.99282E-005
9.99461E-005 9.99461E-005 9.99461E-005 0.785909 0.131829 9.99461E-005 9.99461E-005 0.0397642 0.00361957 9.99461E-005 0.0382788
9.99281E-005 9.99281E-005 0.0033779 0.895019 0.100804 9.99281E-005 9.99281E-005 9.99281E-005 9.99281E-005 9.99281E-005 9.99281E-005
9.99641E-005 0.00794172 0.0130048 0.354383 0.0972259 0.498537 9.99641E-005 0.0063013 9.99641E-005 0.0222071 9.99641E-005
0.00612863 9.99551E-005 0.0469572 0.157509 9.99551E-005 9.99551E-005 9.99551E-005 0.0349859 0.0714731 9.99551E-005 0.682446
9.99102E-005 9.99102E-005 9.99102E-005 9.99102E-005 9.99102E-005 9.99102E-005 9.99102E-005 9.99102E-005 9.99102E-005 9.99102E-005 0.999001
0.0387202 9.99641E-005 0.00575629 9.99641E-005 0.0362751 0.0100524 9.99641E-005 0.0199146 0.0773299 9.99641E-005 0.811552
9.99372E-005 0.000527101 9.99372E-005 9.99372E-005 9.99372E-005 9.99372E-005 0.026737 9.99372E-005 0.140383 9.99372E-005 0.831653
0.0097007 0.00792675 9.99551E-005 9.99551E-005 0.00312665 0.0784038 9.99551E-005 9.99551E-005 0.162585 9.99551E-005 0.737757
9.99371E-005 9.99371E-005 9.99371E-005 9.99371E-005 9.99371E-005 0.0149291 9.99371E-005 9.99371E-005 0.0307203 0.0161578 0.937493
9.99282E-005 9.99282E-005 9.99282E-005 0.0346035 9.99282E-005 9.99282E-005 9.99282E-005 9.99282E-005 0.226297 9.99282E-005 0.7383
9.99641E-005 0.00372787 0.0189526 9.99641E-005 0.00405986 0.165638 9.99641E-005 9.99641E-005 0.0143325 0.0197371 0.773152
9.99282E-005 9.99282E-005 9.99282E-005 9.99282E-005 0.0092513 9.99282E-005 9.99282E-005 9.99282E-005 0.0705444 9.99282E-005 0.919405
9.99641E-005 9.99641E-005 0.0710177 9.99641E-005 0.0284744 0.121942 9.99641E-005 0.0775862 0.0418522 0.623205 0.0355221
9.99101E-005 0.999001 9.99101E-005 9.99101E-005 9.99101E-005 9.99101E-005 9.99101E-005 9.99101E-005 9.99101E-005 9.99101E-005 9.99101E-005
9.99281E-005 0.0139512 9.99281E-005 9.99281E-005 9.99281E-005 9.99281E-005 0.976239 9.99281E-005 9.99281E-005 9.99281E-005 0.00901052
9.99283E-005 9.99283E-005 9.99283E-005 9.99283E-005 9.99283E-005 0.0146908 9.99283E-005 9.99283E-005 0.102221 0.882289 9.99283E-005
9.9919E-005 9.9919E-005 9.9919E-005 9.9919E-005 9.9919E-005 9.9919E-005 0.705804 9.9919E-005 9.9919E-005 0.293297 9.9919E-005
9.99282E-005 9.99282E-005 9.99282E-005 9.99282E-005 0.0372292 9.99282E-005 9.99282E-005 9.99282E-005 9.99282E-005 0.946255 0.0157164
0.0319586 9.99461E-005 9.99461E-005 0.169323 9.99461E-005 9.99461E-005 9.99461E-005 0.023428 9.99461E-005 0.765907 0.00878398
0.00616568 0.00881585 0.0365504 9.9973E-005 0.00968604 0.0719555 0.00452394 9.9973E-005 9.9973E-005 0.740579 0.121424
9.99283E-005 9.99283E-005 0.0649616 9.99283E-005 9.99283E-005 9.99283E-005 9.99283E-005 0.01026 9.99283E-005 0.923979 9.99283E-005
9.99372E-005 0.0030402 0.0610944 9.99372E-005 9.99372E-005 9.99372E-005 9.99372E-005 9.99372E-005 9.99372E-005 0.908704 0.0264615
0.0415279 9.99461E-005 9.99461E-005 9.99461E-005 0.0593688 9.99461E-005 9.99461E-005 0.0148544 0.0960183 0.787631 9.99461E-005
0.00295755 9.99372E-005 0.104538 9.99372E-005 9.99372E-005 9.99372E-005 0.0172236 9.99372E-005 9.99372E-005 0.874581 9.99372E-005
9.99282E-005 9.99282E-005 9.99282E-005 9.99282E-005 0.00913675 9.99282E-005 9.99282E-005 0.00233884 9.99282E-005 0.987725 9.99282E-005
9.99191E-005 9.99191E-005 9.99191E-005 9.99191E-005 9.99191E-005 0.131829 9.99191E-005 9.99191E-005 9.99191E-005 0.867272 9.99191E-005
0.221858 9.99372E-005 9.99372E-005 0.228792 9.99372E-005 9.99372E-005 9.99372E-005 0.0709115 9.99372E-005 0.477739 9.99372E-005
0.227837 9.99371E-005 9.99371E-005 0.292423 9.99371E-005 9.99371E-005 9.99371E-005 0.0106996 9.99371E-005 0.468341 9.99371E-005
0.225701 0.0130388 0.0233395 0.107403 0.00571955 9.99731E-005 9.99731E-005 0.0190513 9.99731E-005 0.562073 0.0433749
0.538916 9.99551E-005 9.99551E-005 9.99551E-005 0.00396784 0.0702609 0.0399827 0.189739 9.99551E-005 0.156633 9.99551E-005
0.46297 9.99461E-005 9.99461E-005 9.99461E-005 0.0176186 0.110986 9.99461E-005 0.322735 9.99461E-005 0.0850904 9.99461E-005
0.991873 9.99193E-005 9.99193E-005 9.99193E-005 9.99193E-005 9.99193E-005 9.99193E-005 9.99193E-005 9.99193E-005 9.99193E-005 0.0072273
0.999001 9.99101E-005 9.99101E-005 9.99101E-005 9.99101E-005 9.99101E-005 9.99101E-005 9.99101E-005 9.99101E-005 9.99101E-005 9.99101E-005
0.571545 9.99641E-005 9.99641E-005 0.115661 9.99641E-005 0.00871808 0.00265623 0.169418 9.99641E-005 0.128361 0.00324003
0.524233 9.99372E-005 9.99372E-005 0.0355383 9.99372E-005 9.99372E-005 9.99372E-005 0.245436 9.99372E-005 0.194094 9.99372E-005
0.959112 9.99281E-005 9.99281E-005 0.0185658 9.99281E-005 9.99281E-005 9.99281E-005 9.99281E-005 0.0215223 9.99281E-005 9.99281E-005
0.999001 9.99101E-005 9.99101E-005 9.99101E-005 9.99101E-005 9.99101E-005 9.99101E-005 9.99101E-005 9.99101E-005 9.99101E-005 9.99101E-005
0.51322 9.99372E-005 9.99372E-005 0.20204 9.99372E-005 9.99372E-005 9.99372E-005 0.157859 9.99372E-005 0.126181 9.99372E-005
0.986939 9.99192E-005 9.99192E-005 9.99192E-005 9.99192E-005 9.99192E-005 9.99192E-005 9.99192E-005 9.99192E-005 9.99192E-005 0.0121617
0.991069 0.00803171 9.99191E-005 9.99191E-005 9.99191E-005 9.99191E-005 9.99191E-005 9.99191E-005 9.99191E-005 9.99191E-005 9.99191E-005
0.990675 9.99192E-005 9.99192E-005 9.99192E-005 9.99192E-005 9.99192E-005 0.00842589 9.99192E-005 9.99192E-005 9.99192E-005 9.99192E-005
0.991712 9.99192E-005 9.99192E-005 9.99192E-005 9.99192E-005 9.99192E-005 9.99192E-005 0.00738913 9.99192E-005 9.99192E-005 9.99192E-005
0.957414 9.99191E-005 9.99191E-005 9.99191E-005 0.0416871 9.99191E-005 9.99191E-005 9.99191E-005 9.99191E-005 9.99191E-005 9.99191E-005
9.99282E-005 9.99282E-005 9.99282E-005 0.189049 9.99282E-005 0.798678 9.99282E-005 9.99282E-005 0.0114739 9.99282E-005 9.99282E-005
9.99371E-005 0.00282615 9.99371E-005 9.99371E-005 9.99371E-005 0.127134 9.99371E-005 9.99371E-005 0.0679156 9.99371E-005 0.801424
9.99282E-005 9.99282E-005 9.99282E-005 9.99282E-005 0.0414495 0.00339889 9.99282E-005 9.99282E-005 9.99282E-005 9.99282E-005 0.954352
0.0487595 9.99282E-005 9.99282E-005 9.99282E-005 0.00406185 9.99282E-005 9.99282E-005 0.946379 9.99282E-005 9.99282E-005 9.99282E-005
0.0622272 9.99282E-005 9.99282E-005 9.99282E-005 9.99282E-005 9.99282E-005 0.0327171 0.904256 9.99282E-005 9.99282E-005 9.99282E-005
0.0534553 9.99193E-005 9.99193E-005 9.99193E-005 9.99193E-005 9.99193E-005 9.99193E-005 0.945645 9.99193E-005 9.99193E-005 9.99193E-005
9.99192E-005 9.99192E-005 9.99192E-005 9.99192E-005 9.99192E-005 9.99192E-005 9.99192E-005 0.952808 0.0462924 9.99192E-005 9.99192E-005
9.99283E-005 9.99283E-005 9.99283E-005 9.99283E-005 9.99283E-005 9.99283E-005 0.00428779 0.924389 9.99283E-005 0.0705241 9.99283E-005
0.00450272 9.99461E-005 9.99461E-005 0.0359598 0.0121845 9.99461E-005 0.0032544 0.943499 9.99461E-005 9.99461E-005 9.99461E-005
0.0267421 9.99373E-005 9.99373E-005 9.99373E-005 0.0475585 9.99373E-005 0.0313074 0.893692 9.99373E-005 9.99373E-005 9.99373E-005
0.0119504 9.99552E-005 0.0132438 9.99552E-005 9.99552E-005 9.99552E-005 0.00269735 0.920673 9.99552E-005 0.0300577 0.020878
9.99282E-005 0.00590249 9.99282E-005 0.0847506 9.99282E-005 9.99282E-005 9.99282E-005 0.908548 9.99282E-005 9.99282E-005 9.99282E-005
9.99371E-005 0.0107135 0.0281114 9.99371E-005 9.99371E-005 9.99371E-005 9.99371E-005 0.937324 9.99371E-005 0.0231517 9.99371E-005
9.99283E-005 9.99283E-005 9.99283E-005 9.99283E-005 9.99283E-005 0.011327 9.99283E-005 0.974023 0.0138504 9.99283E-005 9.99283E-005
9.99372E-005 0.0109479 9.99372E-005 9.99372E-005 9.99372E-005 0.0543868 0.0579438 0.876022 9.99372E-005 9.99372E-005 9.99372E-005
9.99282E-005 9.99282E-005 0.0120582 9.99282E-005 9.99282E-005 9.99282E-005 9.99282E-005 0.957254 9.99282E-005 0.0298879 9.99282E-005
0.0385727 9.99192E-005 9.99192E-005 9.99192E-005 9.99192E-005 9.99192E-005 9.99192E-005 0.960528 9.99192E-005 9.99192E-005 9.99192E-005
9.99282E-005 9.99282E-005 9.99282E-005 0.0290964 9.99282E-005 9.99282E-005 0.0105105 0.959594 9.99282E-005 9.99282E-005 9.99282E-005
9.99461E-005 9.99461E-005 9.99461E-005 0.0344063 0.0178694 9.99461E-005 0.0336812 0.881881 0.0315621 9.99461E-005 9.99461E-005
0.0802662 9.99282E-005 9.99282E-005 9.99282E-005 9.99282E-005 9.99282E-005 0.0185253 0.900409 9.99282E-005 9.99282E-005 9.99282E-005
9.99372E-005 9.99372E-005 9.99372E-005 0.0272753 9.99372E-005 9.99372E-005 0.00833188 0.947658 9.99372E-005 9.99372E-005 0.0160349
0.0190728 0.00884948 9.99462E-005 9.99462E-005 9.99462E-005 9.99462E-005 0.00912206 0.955483 9.99462E-005 0.00687276 9.99462E-005
0.00802136 0.000235225 9.99461E-005 9.99461E-005 9.99461E-005 0.135067 0.0143467 0.84173 9.99461E-005 9.99461E-005 9.99461E-005
0.0162461 9.99294E-005 9.99294E-005 9.99294E-005 9.99294E-005 0.0479005 9.99294E-005 0.935054 9.99294E-005 9.99294E-005 9.99294E-005
0.0323851 9.99551E-005 0.0103094 0.00774288 9.99551E-005 9.99551E-005 0.0280277 0.879101 0.041934 9.99551E-005 9.99551E-005
0.00172756 9.99461E-005 0.0217428 9.99461E-005 0.00639686 9.99461E-005 0.03447 0.935063 9.99461E-005 9.99461E-005 9.99461E-005
9.99551E-005 0.00179357 9.99551E-005 9.99551E-005 0.00907407 0.0071138 0.00923551 0.845535 9.99551E-005 0.126748 9.99551E-005
0.0285844 9.99282E-005 9.99282E-005 9.99282E-005 9.99282E-005 0.00172669 9.99282E-005 0.968889 9.99282E-005 9.99282E-005 9.99282E-005
9.99551E-005 0.00692266 0.0194634 9.99551E-005 0.0306064 9.99551E-005 0.0263106 0.904468 9.99551E-005 0.0117293 9.99551E-005
0.547835 9.99461E-005 9.99461E-005 0.0740782 9.99461E-005 9.99461E-005 9.99461E-005 0.221729 0.0146669 0.141092 9.99461E-005
0.310077 9.9955E-005 9.9955E-005 0.342896 9.9955E-005 0.0238864 0.0692587 0.136399 9.9955E-005 0.116983 9.9955E-005
0.384894 9.99462E-005 9.99462E-005 0.095731 0.0128179 9.99462E-005 9.99462E-005 0.338829 9.99462E-005 0.167129 9.99462E-005
0.0229344 9.99551E-005 0.00775024 0.168119 9.99551E-005 9.99551E-005 0.000262206 9.99551E-005 0.795259 9.99551E-005 0.00517531
9.99101E-005 9.99101E-005 9.99101E-005 9.99101E-005 9.99101E-005 9.99101E-005 9.99101E-005 9.99101E-005 0.999001 9.99101E-005 9.99101E-005
9.99282E-005 9.99282E-005 9.99282E-005 9.99282E-005 9.99282E-005 0.00137167 9.99282E-005 9.99282E-005 0.982877 0.0149522 9.99282E-005
9.99281E-005 9.99281E-005 9.99281E-005 0.0128038 0.00179907 9.99281E-005 9.99281E-005 9.99281E-005 0.984598 9.99281E-005 9.99281E-005
9.99192E-005 9.99192E-005 9.99192E-005 9.99192E-005 9.99192E-005 9.99192E-005 9.99192E-005 9.99192E-005 0.944934 9.99192E-005 0.0541672
9.99102E-005 9.99102E-005 9.99102E-005 9.99102E-005 9.99102E-005 9.99102E-005 9.99102E-005 9.99102E-005 0.999001 9.99102E-005 9.99102E-005
0.00854618 0.0138258 0.100215 0.0758105 0.0620051 9.9982E-005 0.00179659 9.9982E-005 0.539659 0.0318497 0.166093
9.99372E-005 0.00918596 9.99372E-005 0.0294421 9.99372E-005 9.99372E-005 0.00195434 9.99372E-005 9.99372E-005 9.99372E-005 0.958718
9.99102E-005 9.99102E-005 9.99102E-005 9.99102E-005 9.99102E-005 9.99102E-005 9.99102E-005 9.99102E-005 9.99102E-005 9.99102E-005 0.999001
0.0225665 0.0125002 0.0105805 0.0261604 0.0617609 9.99731E-005 9.99731E-005 0.00472249 0.0175792 9.99731E-005 0.84383
9.99462E-005 9.99462E-005 9.99462E-005 0.340105 0.0274911 9.99462E-005 9.99462E-005 0.436601 0.169584 9.99462E-005 0.0256199
9.9991E-005 0.00444047 0.385121 0.0562325 0.0352969 0.20731 0.0678755 0.0288998 0.0686592 0.124401 0.0216638
9.9928E-005 9.9928E-005 0.0914789 9.9928E-005 0.025471 9.9928E-005 0.882251 9.9928E-005 9.9928E-005 9.9928E-005 9.9928E-005
0.146282 9.99462E-005 9.99462E-005 9.99462E-005 0.0162634 0.0349757 9.99462E-005 0.111632 9.99462E-005 0.690247 9.99462E-005
0.264716 9.99372E-005 0.048005 9.99372E-005 9.99372E-005 0.101841 9.99372E-005 9.99372E-005 9.99372E-005 0.584739 9.99372E-005
9.99188E-005 9.99188E-005 9.99188E-005 9.99188E-005 9.99188E-005 9.99188E-005 0.912076 0.0870247 9.99188E-005 9.99188E-005 9.99188E-005
0.00610951 9.99373E-005 9.99373E-005 9.99373E-005 9.99373E-005 0.0200643 9.99373E-005 0.925988 9.99373E-005 0.0471387 9.99373E-005
9.99283E-005 9.99283E-005 9.99283E-005 9.99283E-005 9.99283E-005 9.99283E-005 9.99283E-005 0.966618 0.00758585 9.99283E-005 0.0249969
9.99372E-005 0.000599841 9.99372E-005 9.99372E-005 9.99372E-005 0.0859395 0.0531134 0.859648 9.99372E-005 9.99372E-005 9.99372E-005
9.99282E-005 0.0104415 9.99282E-005 9.99282E-005 9.99282E-005 9.99282E-005 9.99282E-005 0.978026 9.99282E-005 9.99282E-005 0.0107334
9.99371E-005 0.0198005 9.99371E-005 9.99371E-005 9.99371E-005 9.99371E-005 9.99371E-005 0.92413 0.0211059 0.0342639 9.99371E-005
0.0124453 0.00139331 9.99462E-005 9.99462E-005 9.99462E-005 9.99462E-005 0.00758755 0.935016 9.99462E-005 0.0429578 9.99462E-005
0.0297115 9.99372E-005 9.99372E-005 9.99372E-005 9.99372E-005 0.00518812 9.99372E-005 0.92102 0.0433804 9.99372E-005 9.99372E-005
9.99193E-005 9.99193E-005 9.99193E-005 9.99193E-005 9.99193E-005 0.0190727 9.99193E-005 0.980028 9.99193E-005 9.99193E-005 9.99193E-005
0.0202141 9.99462E-005 9.99462E-005 0.0231282 9.99462E-005 9.99462E-005 0.0217856 0.916543 9.99462E-005 9.99462E-005 0.0177291
0.0688954 9.99372E-005 9.99372E-005 9.99372E-005 9.99372E-005 9.99372E-005 0.00366801 0.921431 9.99372E-005 9.99372E-005 0.00530635
9.99193E-005 9.99193E-005 9.99193E-005 0.0416109 9.99193E-005 9.99193E-005 9.99193E-005 0.95749 9.99193E-005 9.99193E-005 9.99193E-005
0.009868 9.99282E-005 9.99282E-005 0.0546814 9.99282E-005 9.99282E-005 9.99282E-005 0.934651 9.99282E-005 9.99282E-005 9.99282E-005
9.99192E-005 9.99192E-005 9.99192E-005 9.99192E-005 9.99192E-005 0.104963 9.99192E-005 0.894138 9.99192E-005 9.99192E-005 9.99192E-005
9.99461E-005 9.99461E-005 9.99461E-005 0.0336222 0.0203981 9.99461E-005 0.00812988 0.93574 0.00151015 9.99461E-005 9.99461E-005
9.99372E-005 9.99372E-005 9.99372E-005 0.0194941 9.99372E-005 9.99372E-005 0.0434999 0.888413 9.99372E-005 0.0478935 9.99372E-005
0.034426 9.99462E-005 9.99462E-005 0.0507529 0.0483902 0.740665 9.99462E-005 9.99462E-005 0.125167 9.99462E-005 9.99462E-005
9.99101E-005 9.99101E-005 9.99101E-005 9.99101E-005 9.99101E-005 0.999001 9.99101E-005 9.99101E-005 9.99101E-005 9.99101E-005 9.99101E-005
9.99281E-005 9.99281E-005 0.0282871 9.99281E-005 0.0250078 0.945906 9.99281E-005 9.99281E-005 9.99281E-005 9.99281E-005 9.99281E-005
9.99193E-005 9.99193E-005 9.99193E-005 0.00277528 9.99193E-005 9.99193E-005 9.99193E-005 9.99193E-005 9.99193E-005 9.99193E-005 0.996325
9.99192E-005 9.99192E-005 9.99192E-005 9.99192E-005 0.0284435 9.99192E-005 9.99192E-005 9.99192E-005 9.99192E-005 9.99192E-005 0.970657
9.99193E-005 9.99193E-005 9.99193E-005 0.0967563 9.99193E-005 9.99193E-005 9.99193E-005 9.99193E-005 9.99193E-005 9.99193E-005 0.902344
9.99461E-005 9.99461E-005 9.99461E-005 0.0473823 0.0318041 9.99461E-005 9.99461E-005 9.99461E-005 0.0497895 0.0315582 0.838866
0.189997 9.99372E-005 9.99372E-005 0.121766 9.99372E-005 9.99372E-005 0.019522 9.99372E-005 9.99372E-005 0.668015 9.99372E-005
0.196796 9.99641E-005 9.99641E-005 0.0144111 0.0215151 0.0280027 9.99641E-005 0.00947135 0.0425235 0.68688 9.99641E-005
0.232063 9.99462E-005 9.99462E-005 0.170923 9.99462E-005 9.99462E-005 0.0136065 9.99462E-005 0.0534032 0.529404 9.99462E-005
0.00424226 9.99551E-005 0.0316275 0.869187 0.0272753 9.99551E-005 9.99551E-005 9.99551E-005 0.0305813 9.99551E-005 0.0365868
9.99102E-005 9.99102E-005 9.99102E-005 9.99102E-005 9.99102E-005 0.999001 9.99102E-005 9.99102E-005 9.99102E-005 9.99102E-005 9.99102E-005
0.0192684 9.99371E-005 0.110531 0.815502 9.99371E-005 9.99371E-005 9.99371E-005 0.0539993 9.99371E-005 9.99371E-005 9.99371E-005
0.00418327 9.99461E-005 9.99461E-005 0.760162 9.99461E-005 0.190093 0.0346212 0.0103406 9.99461E-005 9.99461E-005 9.99461E-005
