0.000829412 0.00673146 0.0185707 9.99731E-005 0.0287593 0.0079447 0.00132284 9.99731E-005 0.00143001 0.934112 9.99731E-005
9.99192E-005 9.99192E-005 9.99192E-005 9.99192E-005 0.0153165 9.99192E-005 9.99192E-005 9.99192E-005 9.99192E-005 0.983784 9.99192E-005
9.99281E-005 9.99281E-005 0.0730501 9.99281E-005 0.0242509 9.99281E-005 9.99281E-005 9.99281E-005 9.99281E-005 0.9019 9.99281E-005
9.99462E-005 9.99462E-005 0.00427945 9.99462E-005 9.99462E-005 0.0591751 0.12033 0.108668 9.99462E-005 0.706948 9.99462E-005
9.99371E-005 9.99371E-005 0.0616401 9.99371E-005 0.0156919 0.0472458 9.99371E-005 9.99371E-005 9.99371E-005 0.874723 9.99371E-005
9.99101E-005 9.99101E-005 9.99101E-005 9.99101E-005 9.99101E-005 9.99101E-005 9.99101E-005 9.99101E-005 9.99101E-005 0.999001 9.99101E-005
9.99101E-005 9.99101E-005 9.99101E-005 9.99101E-005 9.99101E-005 9.99101E-005 9.99101E-005 9.99101E-005 9.99101E-005 0.999001 9.99101E-005
0.0318828 9.99641E-005 9.99641E-005 0.00565277 9.99641E-005 0.0560019 0.0745608 0.0768478 0.0224577 0.732196 9.99641E-005
9.995E-005 0.0466783 9.995E-005 0.0185853 9.995E-005 9.995E-005 0.0421916 0.0681849 9.995E-005 0.793342 0.0305179
9.99371E-005 0.00992916 9.99371E-005 0.0957499 9.99371E-005 9.99371E-005 9.99371E-005 0.0868537 9.99371E-005 0.806768 9.99371E-005
9.99282E-005 0.0654802 9.99282E-005 9.99282E-005 9.99282E-005 9.99282E-005 9.99282E-005 9.99282E-005 9.99282E-005 0.864724 0.068996
0.0130097 9.99641E-005 0.0355663 9.99641E-005 0.0602279 0.174255 0.0127609 0.124979 9.99641E-005 0.578801 9.99641E-005
9.99641E-005 0.00944843 0.119805 9.99641E-005 9.99641E-005 0.0381768 0.117202 0.052371 9.99641E-005 0.645797 0.0168003
0.0112195 0.0066523 0.0741988 9.99642E-005 9.99642E-005 0.137319 0.0300704 9.99642E-005 9.99642E-005 0.670559 0.0695814
0.0464971 0.0510612 0.0701701 0.0376643 9.99731E-005 0.06484 0.206346 0.14293 9.99731E-005 0.380191 9.99731E-005
0.00716985 0.0136134 0.209346 9.99641E-005 9.99641E-005 0.0420744 0.0925878 0.146585 9.99641E-005 0.488224 9.99641E-005
9.99551E-005 9.99551E-005 0.104446 9.99551E-005 9.99551E-005 0.10354 0.0788403 0.146855 0.00848209 0.557337 9.99551E-005
9.9964E-005 0.0198036 0.252744 9.9964E-005 9.9964E-005 0.0742959 0.0113345 0.137481 0.0320481 0.471893 9.9964E-005
9.99551E-005 9.99551E-005 0.110156 9.99551E-005 0.551465 0.0273661 9.99551E-005 0.216428 9.99551E-005 0.0767174 0.0173685
9.993E-005 9.993E-005 9.993E-005 9.993E-005 0.0502122 0.0353635 9.993E-005 0.878398 9.993E-005 0.0353271 9.993E-005
9.99282E-005 9.99282E-005 9.99282E-005 9.99282E-005 0.112009 0.00423798 9.99282E-005 0.882953 9.99282E-005 9.99282E-005 9.99282E-005
9.99461E-005 9.99461E-005 9.99461E-005 9.99461E-005 0.272176 9.99461E-005 9.99461E-005 0.596752 0.00817429 0.0632085 0.0590897
9.993E-005 0.0369891 9.993E-005 9.993E-005 0.049614 9.993E-005 9.993E-005 0.840803 9.993E-005 9.993E-005 0.0718943
9.99101E-005 9.99101E-005 9.99101E-005 9.99101E-005 0.999001 9.99101E-005 9.99101E-005 9.99101E-005 9.99101E-005 9.99101E-005 9.99101E-005
9.99101E-005 9.99101E-005 9.99101E-005 9.99101E-005 0.999001 9.99101E-005 9.99101E-005 9.99101E-005 9.99101E-005 9.99101E-005 9.99101E-005
9.99101E-005 9.99101E-005 9.99101E-005 9.99101E-005 0.999001 9.99101E-005 9.99101E-005 9.99101E-005 9.99101E-005 9.99101E-005 9.99101E-005
9.99641E-005 9.99641E-005 0.0252725 0.0608768 0.0895029 0.0590782 0.0029007 0.741657 9.99641E-005 0.0203123 9.99641E-005
0.0152625 9.99371E-005 9.99371E-005 9.99371E-005 0.757364 9.99371E-005 9.99371E-005 0.213213 9.99371E-005 0.0134607 9.99371E-005
9.99461E-005 0.0103254 0.0138066 9.99461E-005 0.0560284 9.99461E-005 0.0303718 0.888868 9.99461E-005 9.99461E-005 9.99461E-005
9.99101E-005 9.99101E-005 9.99101E-005 9.99101E-005 0.999001 9.99101E-005 9.99101E-005 9.99101E-005 9.99101E-005 9.99101E-005 9.99101E-005
9.99372E-005 9.99372E-005 9.99372E-005 9.99372E-005 0.188181 9.99372E-005 0.0259826 0.67799 9.99372E-005 0.107147 9.99372E-005
9.99102E-005 9.99102E-005 9.99102E-005 9.99102E-005 0.999001 9.99102E-005 9.99102E-005 9.99102E-005 9.99102E-005 9.99102E-005 9.99102E-005
9.99372E-005 9.99372E-005 0.105716 9.99372E-005 0.099014 9.99372E-005 9.99372E-005 0.79015 0.00442066 9.99372E-005 9.99372E-005
9.99372E-005 9.99372E-005 9.99372E-005 9.99372E-005 0.261199 9.99372E-005 9.99372E-005 0.693441 9.99372E-005 0.00979762 0.034863
9.99551E-005 0.00291953 0.0122519 0.0499228 0.156044 0.00371906 9.99551E-005 0.774643 9.99551E-005 9.99551E-005 9.99551E-005
9.99371E-005 9.99371E-005 9.99371E-005 9.99371E-005 0.151466 9.99371E-005 0.0119699 0.800863 9.99371E-005 0.0350011 9.99371E-005
0.00463473 9.99641E-005 9.99641E-005 0.01826 0.105151 9.99641E-005 0.0501369 0.793128 0.0173541 0.0109354 9.99641E-005
0.0122424 9.99731E-005 0.081242 0.0453162 9.99731E-005 0.706898 9.99731E-005 0.0729587 0.00368746 0.077035 0.00032044
9.99192E-005 0.0104373 9.99192E-005 9.99192E-005 9.99192E-005 0.988663 9.99192E-005 9.99192E-005 9.99192E-005 9.99192E-005 9.99192E-005
0.0212811 9.99552E-005 0.123877 0.0498285 0.0265709 0.775782 9.99552E-005 9.99552E-005 9.99552E-005 0.00216069 9.99552E-005
9.99372E-005 0.00871762 0.11998 9.99372E-005 9.99372E-005 0.849501 9.99372E-005 9.99372E-005 0.021102 9.99372E-005 9.99372E-005
0.0258213 9.99461E-005 0.22344 9.99461E-005 0.0183668 0.725997 9.99461E-005 9.99461E-005 0.00577569 9.99461E-005 9.99461E-005
9.99371E-005 9.99371E-005 0.0273752 9.99371E-005 0.00321224 0.940418 0.0282945 9.99371E-005 9.99371E-005 9.99371E-005 9.99371E-005
0.00128319 9.99282E-005 0.191308 9.99282E-005 9.99282E-005 0.806609 9.99282E-005 9.99282E-005 9.99282E-005 9.99282E-005 9.99282E-005
9.99551E-005 9.99551E-005 0.103472 9.99551E-005 0.0223676 0.747641 0.0913474 0.00745544 9.99551E-005 0.0272168 9.99551E-005
9.99282E-005 9.99282E-005 0.050047 9.99282E-005 0.00905939 0.940094 9.99282E-005 9.99282E-005 9.99282E-005 9.99282E-005 9.99282E-005
9.99551E-005 9.99551E-005 0.0165672 0.0989473 0.0317986 0.0794856 0.659858 9.99551E-005 9.99551E-005 0.112844 9.99551E-005
9.99101E-005 9.99101E-005 9.99101E-005 9.99101E-005 9.99101E-005 9.99101E-005 9.99101E-005 9.99101E-005 0.999001 9.99101E-005 9.99101E-005
9.99281E-005 0.988625 9.99281E-005 9.99281E-005 9.99281E-005 0.00735179 9.99281E-005 9.99281E-005 0.00322378 9.99281E-005 9.99281E-005
0.00364894 9.99283E-005 0.0869834 9.99283E-005 9.99283E-005 9.99283E-005 0.908568 9.99283E-005 9.99283E-005 9.99283E-005 9.99283E-005
9.9919E-005 0.717377 9.9919E-005 9.9919E-005 9.9919E-005 9.9919E-005 0.281724 9.9919E-005 9.9919E-005 9.9919E-005 9.9919E-005
9.99282E-005 9.99282E-005 9.99282E-005 9.99282E-005 0.0379561 0.00842002 0.952824 9.99282E-005 9.99282E-005 9.99282E-005 9.99282E-005
0.0253603 9.99461E-005 9.99461E-005 9.99461E-005 9.99461E-005 0.00649173 0.826932 0.106648 9.99461E-005 9.99461E-005 0.0339688
9.99641E-005 0.000381467 9.99641E-005 9.99641E-005 0.0455516 0.0989043 0.7322 9.99641E-005 0.00654738 0.0688053 0.0472102
9.99282E-005 9.99282E-005 9.99282E-005 0.0580065 9.99282E-005 9.99282E-005 0.864681 9.99282E-005 9.99282E-005 0.0765131 9.99282E-005
9.99372E-005 9.99372E-005 0.00199555 9.99372E-005 9.99372E-005 0.0106492 0.957762 9.99372E-005 9.99372E-005 0.0288941 9.99372E-005
0.0538657 9.99461E-005 0.0809812 9.99461E-005 0.0621572 9.99461E-005 0.77905 9.99461E-005 9.99461E-005 9.99461E-005 0.0233461
0.0160032 0.0062096 9.99372E-005 9.99372E-005 9.99372E-005 9.99372E-005 0.888164 9.99372E-005 9.99372E-005 0.0889233 9.99372E-005
9.99192E-005 9.99192E-005 9.99192E-005 9.99192E-005 9.99192E-005 9.99192E-005 0.964756 9.99192E-005 9.99192E-005 9.99192E-005 0.0343447
9.99192E-005 9.99192E-005 9.99192E-005 9.99192E-005 9.99192E-005 9.99192E-005 0.964423 0.0346775 9.99192E-005 9.99192E-005 9.99192E-005
0.248956 0.00467525 9.99551E-005 0.0366801 9.99551E-005 9.99551E-005 0.475584 0.201759 9.99551E-005 9.99551E-005 0.031846
0.256893 9.99372E-005 9.99372E-005 0.00412858 9.99372E-005 9.99372E-005 0.52785 0.210428 9.99372E-005 9.99372E-005 9.99372E-005
0.250828 9.99641E-005 9.99641E-005 0.0283656 0.00466076 0.0456528 0.54821 0.104375 0.0175076 9.99641E-005 9.99641E-005
0.580323 0.0422382 9.99551E-005 9.99551E-005 0.0140031 9.99551E-005 0.166668 0.000408334 9.99551E-005 9.99551E-005 0.195859
0.476113 9.99551E-005 0.00270616 0.233863 0.0629484 9.99551E-005 0.103174 9.99551E-005 9.99551E-005 9.99551E-005 0.120695
0.999001 9.99103E-005 9.99103E-005 9.99103E-005 9.99103E-005 9.99103E-005 9.99103E-005 9.99103E-005 9.99103E-005 9.99103E-005 9.99103E-005
0.999001 9.99101E-005 9.99101E-005 9.99101E-005 9.99101E-005 9.99101E-005 9.99101E-005 9.99101E-005 9.99101E-005 9.99101E-005 9.99101E-005
0.555858 9.99461E-005 9.99461E-005 0.0472017 9.99461E-005 9.99461E-005 0.133987 0.115105 9.99461E-005 9.99461E-005 0.147248
0.533734 9.99371E-005 9.99371E-005 0.0556313 9.99371E-005 9.99371E-005 0.194993 9.99371E-005 9.99371E-005 9.99371E-005 0.214942
0.965898 9.99192E-005 0.0332029 9.99192E-005 9.99192E-005 9.99192E-005 9.99192E-005 9.99192E-005 9.99192E-005 9.99192E-005 9.99192E-005
0.999001 9.99102E-005 9.99102E-005 9.99102E-005 9.99102E-005 9.99102E-005 9.99102E-005 9.99102E-005 9.99102E-005 9.99102E-005 9.99102E-005
0.540033 9.99461E-005 9.99461E-005 0.0358731 9.99461E-005 9.99461E-005 0.147582 0.127615 9.99461E-005 9.99461E-005 0.148298
0.999001 9.99102E-005 9.99102E-005 9.99102E-005 9.99102E-005 9.99102E-005 9.99102E-005 9.99102E-005 9.99102E-005 9.99102E-005 9.99102E-005
0.991776 9.99191E-005 9.99191E-005 9.99191E-005 9.99191E-005 9.99191E-005 9.99191E-005 9.99191E-005 0.00732445 9.99191E-005 9.99191E-005
0.999001 9.99102E-005 9.99102E-005 9.99102E-005 9.99102E-005 9.99102E-005 9.99102E-005 9.99102E-005 9.99102E-005 9.99102E-005 9.99102E-005
0.994134 9.99192E-005 9.99192E-005 9.99192E-005 9.99192E-005 9.99192E-005 9.99192E-005 9.99192E-005 9.99192E-005 9.99192E-005 0.00496629
0.9694 9.99191E-005 9.99191E-005 9.99191E-005 0.0297011 9.99191E-005 9.99191E-005 9.99191E-005 9.99191E-005 9.99191E-005 9.99191E-005
9.99282E-005 9.99282E-005 0.0787139 9.99282E-005 9.99282E-005 9.99282E-005 9.99282E-005 0.915339 9.99282E-005 9.99282E-005 0.00514765
9.99461E-005 9.99461E-005 0.095837 9.99461E-005 0.0310408 0.846527 9.99461E-005 9.99461E-005 0.00269447 0.0233009 9.99461E-005
9.99282E-005 9.99282E-005 0.0220422 9.99282E-005 0.0422526 0.934906 9.99282E-005 9.99282E-005 9.99282E-005 9.99282E-005 9.99282E-005
0.0257896 9.99192E-005 9.99192E-005 0.973311 9.99192E-005 9.99192E-005 9.99192E-005 9.99192E-005 9.99192E-005 9.99192E-005 9.99192E-005
0.0443707 0.0189394 9.99372E-005 0.847455 9.99372E-005 9.99372E-005 9.99372E-005 9.99372E-005 9.99372E-005 9.99372E-005 0.0885349
0.0300492 0.00637734 9.99372E-005 0.842468 9.99372E-005 9.99372E-005 9.99372E-005 9.99372E-005 9.99372E-005 9.99372E-005 0.120406
9.99282E-005 9.99282E-005 0.0295386 0.889476 9.99282E-005 9.99282E-005 9.99282E-005 9.99282E-005 9.99282E-005 9.99282E-005 0.0801864
9.99282E-005 9.99282E-005 9.99282E-005 0.696845 9.99282E-005 9.99282E-005 0.0404141 9.99282E-005 9.99282E-005 9.99282E-005 0.261942
9.99282E-005 9.99282E-005 9.99282E-005 0.808209 0.0186945 9.99282E-005 9.99282E-005 9.99282E-005 9.99282E-005 9.99282E-005 0.172297
0.0014497 0.0172833 9.99462E-005 0.631232 0.0415254 9.99462E-005 9.99462E-005 9.99462E-005 9.99462E-005 9.99462E-005 0.30791
0.00813996 0.0029898 9.99551E-005 0.622594 9.99551E-005 9.99551E-005 0.0337365 9.99551E-005 9.99551E-005 0.00425292 0.327787
9.99372E-005 9.99372E-005 9.99372E-005 0.893104 9.99372E-005 9.99372E-005 9.99372E-005 0.0537434 0.00368562 9.99372E-005 0.0487669
9.99461E-005 9.99461E-005 9.99461E-005 0.94408 9.99461E-005 9.99461E-005 0.00862428 9.99461E-005 0.00570835 0.0200145 0.0209736
9.99283E-005 9.99283E-005 0.00743445 0.984947 9.99283E-005 9.99283E-005 9.99283E-005 9.99283E-005 9.99283E-005 9.99283E-005 0.00681933
9.99462E-005 0.0460804 9.99462E-005 0.886628 9.99462E-005 9.99462E-005 0.0219421 9.99462E-005 0.0103721 9.99462E-005 0.0343783
9.99282E-005 9.99282E-005 9.99282E-005 0.984093 9.99282E-005 9.99282E-005 9.99282E-005 9.99282E-005 9.99282E-005 0.000154364 0.0149532
0.00671141 9.99281E-005 9.99281E-005 0.892152 9.99281E-005 9.99281E-005 9.99281E-005 9.99281E-005 9.99281E-005 9.99281E-005 0.100337
9.99372E-005 0.0114505 9.99372E-005 0.974985 9.99372E-005 9.99372E-005 9.99372E-005 9.99372E-005 9.99372E-005 0.000646815 0.0122183
9.99461E-005 0.0440559 0.0410553 0.635091 0.00332226 9.99461E-005 9.99461E-005 9.99461E-005 9.99461E-005 9.99461E-005 0.275876
0.0446372 0.0196493 9.99282E-005 0.934914 9.99282E-005 9.99282E-005 9.99282E-005 9.99282E-005 9.99282E-005 9.99282E-005 9.99282E-005
9.99282E-005 9.99282E-005 9.99282E-005 0.858487 9.99282E-005 0.0221278 9.99282E-005 9.99282E-005 9.99282E-005 9.99282E-005 0.118586
9.99193E-005 9.99193E-005 9.99193E-005 0.993473 9.99193E-005 9.99193E-005 9.99193E-005 9.99193E-005 0.00562737 9.99193E-005 9.99193E-005
0.0270767 0.0256903 9.99551E-005 0.475646 9.99551E-005 9.99551E-005 9.99551E-005 0.0450435 0.000398484 9.99551E-005 0.425646
0.00988668 0.010179 9.99372E-005 0.647685 9.99372E-005 9.99372E-005 9.99372E-005 9.99372E-005 9.99372E-005 9.99372E-005 0.33155
0.0146239 0.0212989 0.039439 0.923939 9.99372E-005 9.99372E-005 9.99372E-005 9.99372E-005 9.99372E-005 9.99372E-005 9.99372E-005
9.99371E-005 0.0232391 9.99371E-005 0.595514 9.99371E-005 9.99371E-005 9.99371E-005 9.99371E-005 9.99371E-005 0.00504172 0.375505
9.99551E-005 0.004387 9.99551E-005 0.843434 0.00453555 9.99551E-005 0.115178 9.99551E-005 0.00395909 9.99551E-005 0.0280068
9.99192E-005 9.99192E-005 9.99192E-005 0.854959 9.99192E-005 9.99192E-005 9.99192E-005 9.99192E-005 9.99192E-005 9.99192E-005 0.144142
9.99551E-005 0.0282415 9.99551E-005 0.826095 0.0136491 9.99551E-005 9.99551E-005 9.99551E-005 0.00963749 0.0228183 0.0990585
0.583802 9.99641E-005 0.0379785 0.179873 0.00953296 9.99641E-005 0.104548 0.009622 9.99641E-005 9.99641E-005 0.0742433
0.321282 0.0470231 9.9955E-005 0.137214 0.00455734 9.9955E-005 0.164506 0.324918 9.9955E-005 9.9955E-005 9.9955E-005
0.381085 9.99552E-005 9.99552E-005 0.329727 0.0039099 9.99552E-005 0.155034 0.0986129 9.99552E-005 9.99552E-005 0.0311312
0.0522149 0.0106985 0.811478 9.99641E-005 9.99641E-005 0.0474529 9.99641E-005 0.0232181 0.0135344 0.0410036 9.99641E-005
9.99101E-005 9.99101E-005 0.999001 9.99101E-005 9.99101E-005 9.99101E-005 9.99101E-005 9.99101E-005 9.99101E-005 9.99101E-005 9.99101E-005
9.99282E-005 9.99282E-005 0.973612 9.99282E-005 0.00310787 9.99282E-005 0.0224803 9.99282E-005 9.99282E-005 9.99282E-005 9.99282E-005
9.99191E-005 9.99191E-005 0.991853 9.99191E-005 0.00724732 9.99191E-005 9.99191E-005 9.99191E-005 9.99191E-005 9.99191E-005 9.99191E-005
9.99192E-005 9.99192E-005 0.923117 9.99192E-005 9.99192E-005 0.0759836 9.99192E-005 9.99192E-005 9.99192E-005 9.99192E-005 9.99192E-005
9.99102E-005 9.99102E-005 0.999001 9.99102E-005 9.99102E-005 9.99102E-005 9.99102E-005 9.99102E-005 9.99102E-005 9.99102E-005 9.99102E-005
0.0394896 9.99641E-005 0.524487 9.99641E-005 0.0423481 0.178811 9.99641E-005 0.0574307 0.0209298 0.136103 9.99641E-005
9.99282E-005 9.99282E-005 9.99282E-005 9.99282E-005 0.0213032 0.968971 9.99282E-005 9.99282E-005 0.00892639 9.99282E-005 9.99282E-005
9.99102E-005 9.99102E-005 9.99102E-005 9.99102E-005 9.99102E-005 0.999001 9.99102E-005 9.99102E-005 9.99102E-005 9.99102E-005 9.99102E-005
0.0287101 9.99551E-005 0.00643472 9.99551E-005 0.0824631 0.860668 9.99551E-005 9.99551E-005 0.0117546 0.00946962 9.99551E-005
9.99462E-005 9.99462E-005 0.11641 0.179175 9.99462E-005 0.0473554 9.99462E-005 0.381124 9.99462E-005 9.99462E-005 0.275337
9.9982E-005 0.0573389 0.056163 9.9982E-005 0.0534091 0.0553794 0.130499 0.154777 0.0055054 0.428534 0.0581938
9.9928E-005 0.876299 9.9928E-005 9.9928E-005 0.0192961 9.9928E-005 9.9928E-005 9.9928E-005 9.9928E-005 0.103606 9.9928E-005
0.154708 9.99551E-005 9.99551E-005 0.136566 0.0230031 9.99551E-005 0.669735 0.0114095 0.00407898 9.99551E-005 9.99551E-005
0.259482 0.00798734 9.994E-005 9.994E-005 9.994E-005 9.994E-005 0.590554 0.089118 9.994E-005 0.0522586 9.994E-005
9.99279E-005 0.918578 9.99279E-005 0.0624501 9.99279E-005 9.99279E-005 9.99279E-005 9.99279E-005 9.99279E-005 9.99279E-005 0.0181723
9.99462E-005 9.99462E-005 0.00938164 0.797774 9.99462E-005 9.99462E-005 0.0103106 9.99462E-005 9.99462E-005 0.00368658 0.178247
9.99102E-005 9.99102E-005 9.99102E-005 9.99102E-005 9.99102E-005 9.99102E-005 9.99102E-005 9.99102E-005 9.99102E-005 9.99102E-005 0.999001
9.99641E-005 0.0548345 9.99641E-005 0.549957 0.00678187 9.99641E-005 9.99641E-005 0.00954111 0.00887831 0.0181743 0.351433
9.99101E-005 9.99101E-005 9.99101E-005 9.99101E-005 9.99101E-005 9.99101E-005 9.99101E-005 9.99101E-005 9.99101E-005 9.99101E-005 0.999001
9.99281E-005 9.99281E-005 0.0269162 0.956047 9.99281E-005 9.99281E-005 9.99281E-005 9.99281E-005 0.0162372 9.99281E-005 9.99281E-005
0.0148195 9.99372E-005 9.99372E-005 0.833285 9.99372E-005 9.99372E-005 0.0215207 9.99372E-005 9.99372E-005 9.99372E-005 0.129675
0.008903 9.99462E-005 0.0123397 0.880139 9.99462E-005 9.99462E-005 9.99462E-005 9.99462E-005 0.00054792 9.99462E-005 0.097471
9.99101E-005 9.99101E-005 9.99101E-005 9.99101E-005 9.99101E-005 9.99101E-005 9.99101E-005 9.99101E-005 9.99101E-005 9.99101E-005 0.999001
9.99372E-005 0.0291826 9.99372E-005 0.804023 9.99372E-005 0.036365 9.99372E-005 9.99372E-005 9.99372E-005 9.99372E-005 0.129729
0.0287943 0.00255866 9.99372E-005 0.928272 9.99372E-005 9.99372E-005 9.99372E-005 9.99372E-005 9.99372E-005 9.99372E-005 0.0396757
9.99193E-005 9.99193E-005 9.99193E-005 0.360298 9.99193E-005 9.99193E-005 9.99193E-005 9.99193E-005 9.99193E-005 9.99193E-005 0.638803
0.0308667 9.99282E-005 9.99282E-005 0.216337 9.99282E-005 9.99282E-005 9.99282E-005 9.99282E-005 9.99282E-005 9.99282E-005 0.751997
0.00378681 9.99461E-005 9.99461E-005 0.24328 9.99461E-005 9.99461E-005 9.99461E-005 0.05138 0.00368937 9.99461E-005 0.697264
9.99372E-005 0.0169898 9.99372E-005 0.828505 0.0292175 9.99372E-005 9.99372E-005 9.99372E-005 9.99372E-005 9.99372E-005 0.124588
9.99372E-005 0.0357339 9.99372E-005 0.506909 9.99372E-005 9.99372E-005 0.0288288 9.99372E-005 9.99372E-005 9.99372E-005 0.427829
0.0360744 9.99641E-005 0.177793 9.99641E-005 0.0801191 0.0269541 9.99641E-005 0.608338 9.99641E-005 0.0391337 0.0311878
9.99461E-005 9.99461E-005 0.0120506 9.99461E-005 0.0361917 0.0283999 9.99461E-005 0.806259 9.99461E-005 0.1165 9.99461E-005
0.0224963 0.00441578 9.99641E-005 0.000138093 0.0940322 0.0812314 9.99641E-005 0.631337 9.99641E-005 0.165949 9.99641E-005
9.99193E-005 9.99193E-005 9.99193E-005 9.99193E-005 9.99193E-005 0.997742 0.00135883 9.99193E-005 9.99193E-005 9.99193E-005 9.99193E-005
9.99192E-005 9.99192E-005 9.99192E-005 9.99192E-005 0.0175541 0.981547 9.99192E-005 9.99192E-005 9.99192E-005 9.99192E-005 9.99192E-005
9.99283E-005 9.99283E-005 9.99283E-005 9.99283E-005 9.99283E-005 0.936204 0.0174303 0.0455665 9.99283E-005 9.99283E-005 9.99283E-005
9.99371E-005 9.99371E-005 0.0974729 9.99371E-005 0.0169611 0.827907 0.0569599 9.99371E-005 9.99371E-005 9.99371E-005 9.99371E-005
0.208198 0.00944061 9.99552E-005 0.0217686 9.99552E-005 9.99552E-005 0.674364 0.0755535 9.99552E-005 0.0101759 9.99552E-005
0.190056 0.00373447 0.0290758 9.99641E-005 0.0336242 9.99641E-005 0.678716 0.0370545 9.99641E-005 9.99641E-005 0.0273398
0.233376 0.0105972 0.0302327 0.000600251 9.99731E-005 0.00327891 0.48318 0.199705 9.99731E-005 9.99731E-005 0.0387302
0.00416257 9.99731E-005 0.0476915 9.99731E-005 0.0527872 0.0282888 9.99731E-005 0.802697 0.00425378 0.0418418 0.0179773
9.99462E-005 0.00709402 9.99462E-005 9.99462E-005 0.0211955 9.99462E-005 9.99462E-005 0.957529 0.0120067 0.0015753 9.99462E-005
0.0228906 9.996E-005 0.0755491 0.0845734 0.0188827 9.996E-005 0.000665624 0.68455 9.996E-005 0.112488 9.996E-005
0.010421 0.0262238 9.99551E-005 0.0528525 0.00561682 9.99551E-005 9.99551E-005 0.894229 0.0101575 9.99551E-005 9.99551E-005
