9.99462E-005 9.99462E-005 9.99462E-005 0.900876 9.99462E-005 0.00312494 0.0232926 9.99462E-005 0.00169752 0.0167412 0.00204492 0.0146448 9.99462E-005 0.036978
9.98922E-005 9.98922E-005 9.98922E-005 0.976094 9.98922E-005 9.98922E-005 0.0227072 9.98922E-005 9.98922E-005 9.98922E-005 9.98922E-005 9.98922E-005 9.98922E-005 9.98922E-005
9.99012E-005 9.99012E-005 9.99012E-005 0.891344 9.99012E-005 9.99012E-005 0.0440894 9.99012E-005 9.99012E-005 0.0634679 9.99012E-005 9.99012E-005 9.99012E-005 9.99012E-005
9.99193E-005 0.112608 0.15573 0.678414 0.0118777 9.99193E-005 9.99193E-005 9.99193E-005 9.99193E-005 9.99193E-005 9.99193E-005 9.99193E-005 9.99193E-005 0.0404713
9.99013E-005 9.99013E-005 9.99013E-005 0.864293 9.99013E-005 9.99013E-005 0.0261403 9.99013E-005 9.99013E-005 9.99013E-005 9.99013E-005 9.99013E-005 9.99013E-005 0.108468
9.98832E-005 9.98832E-005 9.98832E-005 0.998702 9.98832E-005 9.98832E-005 9.98832E-005 9.98832E-005 9.98832E-005 9.98832E-005 9.98832E-005 9.98832E-005 9.98832E-005 9.98832E-005
9.98922E-005 9.98922E-005 9.98922E-005 0.982297 9.98922E-005 9.98922E-005 0.0165039 9.98922E-005 9.98922E-005 9.98922E-005 9.98922E-005 9.98922E-005 9.98922E-005 9.98922E-005
9.99281E-005 9.99281E-005 0.115407 0.701767 9.99281E-005 0.0227295 9.99281E-005 9.99281E-005 0.00694508 9.99281E-005 9.99281E-005 0.111733 9.99281E-005 0.0406193
0.0172632 0.042097 0.0560047 0.80595 0.00701886 9.99371E-005 9.99371E-005 0.040698 0.0302688 9.99371E-005 9.99371E-005 9.99371E-005 9.99371E-005 9.99371E-005
0.00382546 9.99371E-005 0.0639081 0.812896 0.000379985 9.99371E-005 9.99371E-005 0.0937756 0.00654135 9.99371E-005 9.99371E-005 9.99371E-005 0.0179737 9.99371E-005
0.0542919 9.99013E-005 9.99013E-005 0.861131 9.99013E-005 9.99013E-005 9.99013E-005 9.99013E-005 0.0834785 9.99013E-005 9.99013E-005 9.99013E-005 9.99013E-005 9.99013E-005
9.99193E-005 9.99193E-005 0.321872 0.523486 9.99193E-005 9.99193E-005 0.0268213 9.99193E-005 9.99193E-005 0.0188092 9.99193E-005 9.99193E-005 9.99193E-005 0.108111
9.99372E-005 9.99372E-005 9.99372E-005 0.660587 9.99372E-005 9.99372E-005 9.99372E-005 0.00227997 0.0266289 0.10202 9.99372E-005 0.0715606 0.096225 0.0399991
0.0589575 0.0401208 0.082526 0.609848 9.99373E-005 9.99373E-005 9.99373E-005 9.99373E-005 9.99373E-005 0.0956916 0.00800206 9.99373E-005 9.99373E-005 0.104155
9.99641E-005 0.0729118 9.99641E-005 0.408076 0.0633495 0.0126575 9.99641E-005 9.99641E-005 0.057591 0.0468081 0.00471545 0.121901 0.125053 0.086537
9.99372E-005 0.0152487 9.99372E-005 0.509514 9.99372E-005 9.99372E-005 9.99372E-005 9.99372E-005 0.0155337 0.189645 9.99372E-005 0.0685254 0.147531 0.0533015
9.99282E-005 0.0472955 0.276619 0.512061 9.99282E-005 0.00607281 9.99282E-005 9.99282E-005 9.99282E-005 0.0736014 9.99282E-005 9.99282E-005 9.99282E-005 0.0835512
9.99281E-005 9.99281E-005 9.99281E-005 0.498594 9.99281E-005 0.0266864 9.99281E-005 9.99281E-005 0.0124534 0.186361 9.99281E-005 9.99281E-005 0.208893 0.0662128
0.0188755 0.000196892 9.99372E-005 0.0449568 9.99372E-005 9.99372E-005 0.5127 9.99372E-005 9.99372E-005 0.020029 9.99372E-005 9.99372E-005 0.355163 0.0473789
9.99013E-005 9.99013E-005 0.592473 9.99013E-005 9.99013E-005 9.99013E-005 0.00950292 9.99013E-005 9.99013E-005 9.99013E-005 9.99013E-005 9.99013E-005 0.396925 9.99013E-005
9.98923E-005 9.98923E-005 9.98923E-005 9.98923E-005 9.98923E-005 9.98923E-005 0.0860023 9.98923E-005 9.98923E-005 9.98923E-005 9.98923E-005 9.98923E-005 0.912799 9.98923E-005
0.042418 9.99282E-005 9.99282E-005 0.022255 9.99282E-005 0.00420478 0.21423 9.99282E-005 9.99282E-005 9.99282E-005 9.99282E-005 9.99282E-005 0.70689 0.00920315
0.0438716 9.99102E-005 9.99102E-005 9.99102E-005 9.99102E-005 9.99102E-005 0.031998 9.99102E-005 0.0341642 9.99102E-005 9.99102E-005 9.99102E-005 0.888967 9.99102E-005
9.98829E-005 9.98829E-005 9.98829E-005 9.98829E-005 9.98829E-005 9.98829E-005 0.998702 9.98829E-005 9.98829E-005 9.98829E-005 9.98829E-005 9.98829E-005 9.98829E-005 9.98829E-005
9.98922E-005 9.98922E-005 9.98922E-005 9.98922E-005 9.98922E-005 9.98922E-005 0.992171 9.98922E-005 9.98922E-005 9.98922E-005 9.98922E-005 9.98922E-005 0.00662998 9.98922E-005
9.98832E-005 9.98832E-005 9.98832E-005 9.98832E-005 9.98832E-005 9.98832E-005 0.998702 9.98832E-005 9.98832E-005 9.98832E-005 9.98832E-005 9.98832E-005 9.98832E-005 9.98832E-005
9.99192E-005 0.0175019 0.920477 9.99192E-005 9.99192E-005 9.99192E-005 0.02097 0.0335821 9.99192E-005 9.99192E-005 9.99192E-005 9.99192E-005 9.99192E-005 0.00656998
9.99012E-005 9.99012E-005 9.99012E-005 9.99012E-005 9.99012E-005 9.99012E-005 0.740793 9.99012E-005 9.99012E-005 9.99012E-005 0.0101583 9.99012E-005 0.24795 9.99012E-005
9.99102E-005 0.030263 0.0361228 9.99102E-005 9.99102E-005 9.99102E-005 0.0236307 9.99102E-005 9.99102E-005 9.99102E-005 9.99102E-005 9.99102E-005 0.908984 9.99102E-005
9.98832E-005 9.98832E-005 9.98832E-005 9.98832E-005 9.98832E-005 9.98832E-005 0.998702 9.98832E-005 9.98832E-005 9.98832E-005 9.98832E-005 9.98832E-005 9.98832E-005 9.98832E-005
9.99191E-005 9.99191E-005 0.689473 0.00752829 9.99191E-005 9.99191E-005 0.135482 9.99191E-005 9.99191E-005 9.99191E-005 9.99191E-005 0.08062 0.0859973 9.99191E-005
9.98922E-005 9.98922E-005 9.98922E-005 9.98922E-005 9.98922E-005 9.98922E-005 0.98901 9.98922E-005 0.00979093 9.98922E-005 9.98922E-005 9.98922E-005 9.98922E-005 9.98922E-005
9.99192E-005 9.99192E-005 0.202131 9.99192E-005 9.99192E-005 9.99192E-005 0.0954452 9.99192E-005 9.99192E-005 0.0698989 9.99192E-005 9.99192E-005 0.605361 0.0262647
0.0168397 9.99192E-005 0.532358 9.99192E-005 0.00565273 9.99192E-005 0.246146 9.99192E-005 9.99192E-005 9.99192E-005 9.99192E-005 9.99192E-005 0.198105 9.99192E-005
9.99282E-005 9.99282E-005 0.199376 9.99282E-005 0.0593463 9.99282E-005 0.142649 9.99282E-005 9.99282E-005 9.99282E-005 9.99282E-005 0.00455772 0.568124 0.0251483
9.98921E-005 9.98921E-005 9.98921E-005 9.98921E-005 9.98921E-005 9.98921E-005 0.0749504 9.98921E-005 9.98921E-005 9.98921E-005 9.98921E-005 9.98921E-005 0.923851 9.98921E-005
9.99102E-005 0.00237201 0.927767 9.99102E-005 9.99102E-005 0.0142772 0.0545842 9.99102E-005 9.99102E-005 9.99102E-005 9.99102E-005 9.99102E-005 9.99102E-005 9.99102E-005
0.0192983 9.99462E-005 0.0024402 0.100835 0.0284497 9.99462E-005 9.99462E-005 0.00237612 9.99462E-005 0.0741046 0.0306905 9.99462E-005 9.99462E-005 0.741206
9.98833E-005 9.98833E-005 9.98833E-005 9.98833E-005 9.98833E-005 9.98833E-005 9.98833E-005 9.98833E-005 9.98833E-005 9.98833E-005 9.98833E-005 9.98833E-005 9.98833E-005 0.998702
9.99283E-005 9.99283E-005 0.0336126 9.99283E-005 0.0340514 9.99283E-005 0.0119181 9.99283E-005 9.99283E-005 0.0982365 0.0244947 9.99283E-005 9.99283E-005 0.796887
9.99192E-005 9.99192E-005 0.0307165 9.99192E-005 0.00924104 0.00876171 9.99192E-005 9.99192E-005 9.99192E-005 0.122491 9.99192E-005 9.99192E-005 9.99192E-005 0.82789
9.99282E-005 9.99282E-005 9.99282E-005 9.99282E-005 9.99282E-005 0.0142824 0.0307093 9.99282E-005 9.99282E-005 0.206757 0.0272832 9.99282E-005 0.00186853 0.7183
9.99012E-005 9.99012E-005 0.0569143 9.99012E-005 9.99012E-005 9.99012E-005 9.99012E-005 9.99012E-005 9.99012E-005 0.0162582 9.99012E-005 9.99012E-005 9.99012E-005 0.925729
9.99103E-005 9.99103E-005 9.99103E-005 9.99103E-005 9.99103E-005 9.99103E-005 9.99103E-005 9.99103E-005 9.99103E-005 0.214762 0.0101821 9.99103E-005 0.00537757 0.768679
9.99102E-005 0.0395215 0.111305 9.99102E-005 9.99102E-005 9.99102E-005 9.99102E-005 9.99102E-005 9.99102E-005 0.0845971 9.99102E-005 9.99102E-005 9.99102E-005 0.763577
9.99013E-005 9.99013E-005 9.99013E-005 9.99013E-005 9.99013E-005 9.99013E-005 0.0224052 9.99013E-005 9.99013E-005 0.0578863 9.99013E-005 9.99013E-005 9.99013E-005 0.91861
9.99462E-005 0.521043 9.99462E-005 0.0942056 0.0574861 9.99462E-005 0.0384258 0.0356399 9.99462E-005 0.0214085 9.99462E-005 0.144111 9.99462E-005 0.0870811
9.98801E-005 9.98801E-005 9.98801E-005 9.98801E-005 9.98801E-005 0.998702 9.98801E-005 9.98801E-005 9.98801E-005 9.98801E-005 9.98801E-005 9.98801E-005 9.98801E-005 9.98801E-005
9.99012E-005 9.99012E-005 9.99012E-005 9.99012E-005 9.99012E-005 0.0203753 9.99012E-005 9.99012E-005 0.969671 9.99012E-005 9.99012E-005 9.99012E-005 9.99012E-005 0.00885491
9.98924E-005 0.914253 9.98924E-005 9.98924E-005 9.98924E-005 9.98924E-005 9.98924E-005 9.98924E-005 9.98924E-005 0.0845485 9.98924E-005 9.98924E-005 9.98924E-005 9.98924E-005
9.9892E-005 0.246878 9.9892E-005 9.9892E-005 9.9892E-005 9.9892E-005 9.9892E-005 9.9892E-005 0.751923 9.9892E-005 9.9892E-005 9.9892E-005 9.9892E-005 9.9892E-005
9.98923E-005 0.971448 9.98923E-005 9.98923E-005 9.98923E-005 9.98923E-005 0.0273532 9.98923E-005 9.98923E-005 9.98923E-005 9.98923E-005 9.98923E-005 9.98923E-005 9.98923E-005
9.99241E-005 0.752326 9.99241E-005 9.99241E-005 0.0381085 9.99241E-005 9.99241E-005 9.99241E-005 9.99241E-005 9.99241E-005 0.0196914 0.0509233 0.138051 9.99241E-005
0.0226849 0.687861 0.00290861 0.00837126 9.99641E-005 0.00334697 0.0306582 0.00660264 0.00742373 9.99641E-005 9.99641E-005 0.106107 9.99641E-005 0.123635
9.99014E-005 0.925553 9.99014E-005 0.0265005 9.99014E-005 9.99014E-005 9.99014E-005 0.0468472 9.99014E-005 9.99014E-005 9.99014E-005 9.99014E-005 9.99014E-005 9.99014E-005
9.99013E-005 0.966105 9.99013E-005 0.0210434 9.99013E-005 0.0117528 9.99013E-005 9.99013E-005 9.99013E-005 9.99013E-005 9.99013E-005 9.99013E-005 9.99013E-005 9.99013E-005
0.0164677 0.807828 9.99281E-005 9.99281E-005 9.99281E-005 9.99281E-005 0.0388597 0.0259613 9.99281E-005 0.0740055 0.0360787 9.99281E-005 9.99281E-005 9.99281E-005
9.99013E-005 0.946488 9.99013E-005 0.0441523 9.99013E-005 9.99013E-005 9.99013E-005 9.99013E-005 9.99013E-005 9.99013E-005 0.00826116 9.99013E-005 9.99013E-005 9.99013E-005
0.0320743 0.964235 9.99012E-005 9.99012E-005 0.00259142 9.99012E-005 9.99012E-005 9.99012E-005 9.99012E-005 9.99012E-005 9.99012E-005 9.99012E-005 9.99012E-005 9.99012E-005
9.99012E-005 0.857037 0.0709124 9.99012E-005 0.0709514 9.99012E-005 9.99012E-005 9.99012E-005 9.99012E-005 9.99012E-005 9.99012E-005 9.99012E-005 9.99012E-005 9.99012E-005
9.98834E-005 9.98834E-005 9.98834E-005 9.98834E-005 9.98834E-005 9.98834E-005 9.98834E-005 9.98834E-005 9.98834E-005 9.98834E-005 9.98834E-005 0.998702 9.98834E-005 9.98834E-005
9.99013E-005 9.99013E-005 9.99013E-005 9.99013E-005 9.99013E-005 9.99013E-005 9.99013E-005 9.99013E-005 9.99013E-005 9.99013E-005 0.0289409 0.849264 0.120696 9.99013E-005
9.99372E-005 0.0461528 9.99372E-005 0.00526003 9.99372E-005 0.00211346 0.00336532 9.99372E-005 9.99372E-005 9.99372E-005 0.00175645 0.891784 9.99372E-005 0.0488682
0.0503664 9.99282E-005 9.99282E-005 9.99282E-005 0.0641914 9.99282E-005 9.99282E-005 0.0399045 0.015924 9.99282E-005 0.423552 0.405262 9.99282E-005 9.99282E-005
0.00231984 9.99281E-005 9.99281E-005 9.99281E-005 9.99281E-005 9.99281E-005 0.0296181 0.317375 9.99281E-005 0.00985562 0.364455 0.275577 9.99281E-005 9.99281E-005
9.99014E-005 0.00245946 9.99014E-005 9.99014E-005 0.000133175 9.99014E-005 9.99014E-005 9.99014E-005 9.99014E-005 9.99014E-005 0.996308 9.99014E-005 9.99014E-005 9.99014E-005
9.98831E-005 9.98831E-005 9.98831E-005 9.98831E-005 9.98831E-005 9.98831E-005 9.98831E-005 9.98831E-005 9.98831E-005 9.98831E-005 0.998702 9.98831E-005 9.98831E-005 9.98831E-005
0.0629875 9.99192E-005 9.99192E-005 9.99192E-005 9.99192E-005 9.99192E-005 9.99192E-005 0.0871377 9.99192E-005 9.99192E-005 0.410172 0.403743 0.0350608 9.99192E-005
0.0829337 0.0405088 9.99282E-005 9.99282E-005 0.0240376 9.99282E-005 9.99282E-005 0.125449 9.99282E-005 9.99282E-005 0.423535 0.302737 9.99282E-005 9.99282E-005
9.98923E-005 9.98923E-005 9.98923E-005 9.98923E-005 9.98923E-005 9.98923E-005 9.98923E-005 9.98923E-005 9.98923E-005 0.0403748 0.958426 9.98923E-005 9.98923E-005 9.98923E-005
9.98833E-005 9.98833E-005 9.98833E-005 9.98833E-005 9.98833E-005 9.98833E-005 9.98833E-005 9.98833E-005 9.98833E-005 9.98833E-005 0.998702 9.98833E-005 9.98833E-005 9.98833E-005
0.0543506 9.99282E-005 9.99282E-005 9.99282E-005 0.00354749 9.99282E-005 9.99282E-005 0.0773967 9.99282E-005 9.99282E-005 0.388303 0.409181 0.0664217 9.99282E-005
9.99103E-005 0.00946495 9.99103E-005 9.99103E-005 9.99103E-005 9.99103E-005 0.00142655 9.99103E-005 9.99103E-005 9.99103E-005 0.981287 9.99103E-005 9.99103E-005 0.006822
9.98921E-005 9.98921E-005 9.98921E-005 9.98921E-005 9.98921E-005 0.0127733 9.98921E-005 9.98921E-005 9.98921E-005 9.98921E-005 0.986028 9.98921E-005 9.98921E-005 9.98921E-005
9.98834E-005 9.98834E-005 9.98834E-005 9.98834E-005 9.98834E-005 9.98834E-005 9.98834E-005 9.98834E-005 9.98834E-005 9.98834E-005 0.998702 9.98834E-005 9.98834E-005 9.98834E-005
9.99013E-005 9.99013E-005 9.99013E-005 9.99013E-005 9.99013E-005 9.99013E-005 9.99013E-005 0.0109637 9.99013E-005 9.99013E-005 0.956367 0.0315701 9.99013E-005 9.99013E-005
9.99012E-005 9.99012E-005 9.99012E-005 9.99012E-005 9.99012E-005 9.99012E-005 0.0343188 0.00635964 9.99012E-005 9.99012E-005 0.958223 9.99012E-005 9.99012E-005 9.99012E-005
0.00450953 9.99103E-005 0.149011 9.99103E-005 9.99103E-005 9.99103E-005 9.99103E-005 9.99103E-005 9.99103E-005 0.052412 9.99103E-005 9.99103E-005 0.793068 9.99103E-005
0.0166961 9.99282E-005 9.99282E-005 9.99282E-005 9.99282E-005 0.00244105 0.0236071 9.99282E-005 0.00146056 0.107731 9.99282E-005 9.99282E-005 9.99282E-005 0.847264
0.00158835 9.99192E-005 0.0176778 9.99192E-005 9.99192E-005 9.99192E-005 0.0394331 9.99192E-005 9.99192E-005 0.0188537 9.99192E-005 9.99192E-005 9.99192E-005 0.921548
9.99013E-005 9.99013E-005 9.99013E-005 9.99013E-005 0.0819424 9.99013E-005 9.99013E-005 0.902152 9.99013E-005 9.99013E-005 0.0148072 9.99013E-005 9.99013E-005 9.99013E-005
9.99013E-005 9.99013E-005 9.99013E-005 9.99013E-005 0.0815699 9.99013E-005 9.99013E-005 0.870359 9.99013E-005 9.99013E-005 0.0469722 9.99013E-005 9.99013E-005 9.99013E-005
0.0171323 9.99103E-005 9.99103E-005 9.99103E-005 0.0189363 9.99103E-005 9.99103E-005 0.958289 9.99103E-005 9.99103E-005 0.00464328 9.99103E-005 9.99103E-005 9.99103E-005
9.98833E-005 9.98833E-005 9.98833E-005 9.98833E-005 0.998702 9.98833E-005 9.98833E-005 9.98833E-005 9.98833E-005 9.98833E-005 9.98833E-005 9.98833E-005 9.98833E-005 9.98833E-005
0.0835573 9.99193E-005 9.99193E-005 9.99193E-005 0.104781 9.99193E-005 9.99193E-005 0.76712 9.99193E-005 9.99193E-005 9.99193E-005 0.0407396 0.00290309 9.99193E-005
0.0439074 9.99281E-005 0.0145599 9.99281E-005 0.178039 9.99281E-005 0.00835756 0.727709 9.99281E-005 9.99281E-005 9.99281E-005 0.0266272 9.99281E-005 9.99281E-005
0.115197 9.99283E-005 9.99283E-005 9.99283E-005 0.259329 9.99283E-005 0.0211075 0.566841 0.000471021 9.99283E-005 9.99283E-005 9.99283E-005 0.0362551 9.99283E-005
0.156252 0.036836 0.00205751 0.00581486 0.22197 9.99372E-005 9.99372E-005 0.559071 9.99372E-005 9.99372E-005 9.99372E-005 9.99372E-005 9.99372E-005 0.0172989
0.0128562 9.99102E-005 9.99102E-005 9.99102E-005 9.99102E-005 0.00827322 9.99102E-005 0.919083 9.99102E-005 9.99102E-005 9.99102E-005 9.99102E-005 0.0587881 9.99102E-005
9.99012E-005 0.00828348 9.99012E-005 9.99012E-005 0.989189 0.00142834 9.99012E-005 9.99012E-005 9.99012E-005 9.99012E-005 9.99012E-005 9.99012E-005 9.99012E-005 9.99012E-005
9.98832E-005 9.98832E-005 9.98832E-005 9.98832E-005 0.998702 9.98832E-005 9.98832E-005 9.98832E-005 9.98832E-005 9.98832E-005 9.98832E-005 9.98832E-005 9.98832E-005 9.98832E-005
0.0290138 0.0215397 0.0565428 9.99283E-005 9.99283E-005 0.000347048 9.99283E-005 0.872951 0.0188063 9.99283E-005 9.99283E-005 9.99283E-005 9.99283E-005 9.99283E-005
9.99013E-005 0.0510965 9.99013E-005 9.99013E-005 0.0089564 9.99013E-005 9.99013E-005 0.938848 9.99013E-005 9.99013E-005 9.99013E-005 9.99013E-005 9.99013E-005 9.99013E-005
0.0747394 9.99102E-005 9.99102E-005 9.99102E-005 0.079511 9.99102E-005 9.99102E-005 0.818729 9.99102E-005 9.99102E-005 0.0260218 9.99102E-005 9.99102E-005 9.99102E-005
0.101179 9.99192E-005 9.99192E-005 9.99192E-005 0.289466 9.99192E-005 9.99192E-005 0.552643 0.0107307 9.99192E-005 9.99192E-005 0.0450828 9.99192E-005 9.99192E-005
0.086874 9.99282E-005 9.99282E-005 9.99282E-005 0.474321 9.99282E-005 0.0214382 0.360132 0.041628 0.0148079 9.99282E-005 9.99282E-005 9.99282E-005 9.99282E-005
9.99013E-005 9.99013E-005 9.99013E-005 9.99013E-005 9.99013E-005 9.99013E-005 9.99013E-005 0.958916 0.00564103 9.99013E-005 0.0343441 9.99013E-005 9.99013E-005 9.99013E-005
0.0675879 9.99192E-005 9.99192E-005 9.99192E-005 0.0245777 9.99192E-005 9.99192E-005 0.867205 9.99192E-005 0.0141524 9.99192E-005 9.99192E-005 9.99192E-005 0.025578
0.0612516 9.99103E-005 9.99103E-005 9.99103E-005 9.99103E-005 0.00649626 9.99103E-005 0.929118 9.99103E-005 9.99103E-005 9.99103E-005 0.00213476 9.99103E-005 9.99103E-005
0.13396 9.99372E-005 0.00943625 9.99372E-005 0.232356 9.99372E-005 9.99372E-005 0.536504 0.00837393 9.99372E-005 0.0176093 9.99372E-005 0.0610609 9.99372E-005
0.12065 9.99013E-005 0.038981 9.99013E-005 9.99013E-005 9.99013E-005 9.99013E-005 0.83927 9.99013E-005 9.99013E-005 9.99013E-005 9.99013E-005 9.99013E-005 9.99013E-005
9.99192E-005 9.99192E-005 9.99192E-005 0.00270437 0.8562 9.99192E-005 9.99192E-005 0.0892837 0.00693034 9.99192E-005 0.0439821 9.99192E-005 9.99192E-005 9.99192E-005
0.126115 9.99102E-005 9.99102E-005 0.0275201 9.99102E-005 9.99102E-005 9.99102E-005 0.838029 0.00733668 9.99102E-005 9.99102E-005 9.99102E-005 9.99102E-005 9.99102E-005
0.0118491 0.0698823 9.99192E-005 9.99192E-005 9.99192E-005 0.00887868 0.0163966 0.892094 9.99192E-005 9.99192E-005 9.99192E-005 9.99192E-005 9.99192E-005 9.99192E-005
0.0708699 9.99192E-005 9.99192E-005 9.99192E-005 0.0827467 9.99192E-005 9.99192E-005 0.828266 9.99192E-005 0.00334535 9.99192E-005 0.0138728 9.99192E-005 9.99192E-005
0.0385788 9.99371E-005 9.99371E-005 0.0150316 0.220588 0.0155687 0.0131022 0.667121 0.0293104 9.99371E-005 9.99371E-005 9.99371E-005 9.99371E-005 9.99371E-005
0.0230517 9.99102E-005 9.99102E-005 9.99102E-005 9.99102E-005 9.99102E-005 9.99102E-005 0.156289 9.99102E-005 9.99102E-005 0.352278 0.467382 9.99102E-005 9.99102E-005
9.99281E-005 9.99281E-005 9.99281E-005 9.99281E-005 9.99281E-005 9.99281E-005 0.00893499 0.119887 0.0563996 9.99281E-005 0.179388 0.382211 0.25238 9.99281E-005
9.99193E-005 9.99193E-005 9.99193E-005 9.99193E-005 0.221232 9.99193E-005 0.0275212 0.103317 9.99193E-005 9.99193E-005 0.266585 0.380445 9.99193E-005 9.99193E-005
9.99282E-005 9.99282E-005 9.99282E-005 0.0242463 9.99282E-005 0.00369389 9.99282E-005 9.99282E-005 9.99282E-005 0.695077 0.0219991 9.99282E-005 0.225148 0.0290362
9.98829E-005 9.98829E-005 9.98829E-005 9.98829E-005 9.98829E-005 9.98829E-005 9.98829E-005 9.98829E-005 9.98829E-005 0.998702 9.98829E-005 9.98829E-005 9.98829E-005 9.98829E-005
9.99014E-005 0.0072455 9.99014E-005 9.99014E-005 9.99014E-005 9.99014E-005 9.99014E-005 9.99014E-005 9.99014E-005 0.985665 9.99014E-005 9.99014E-005 9.99014E-005 0.00599026
9.98922E-005 9.98922E-005 9.98922E-005 9.98922E-005 9.98922E-005 9.98922E-005 0.00443829 9.98922E-005 9.98922E-005 0.994363 9.98922E-005 9.98922E-005 9.98922E-005 9.98922E-005
9.98924E-005 9.98924E-005 9.98924E-005 9.98924E-005 9.98924E-005 9.98924E-005 9.98924E-005 9.98924E-005 9.98924E-005 0.917266 9.98924E-005 9.98924E-005 9.98924E-005 0.0815354
9.98833E-005 9.98833E-005 9.98833E-005 9.98833E-005 9.98833E-005 9.98833E-005 9.98833E-005 9.98833E-005 9.98833E-005 0.998702 9.98833E-005 9.98833E-005 9.98833E-005 9.98833E-005
9.99372E-005 9.99372E-005 0.247151 0.0506477 9.99372E-005 0.022224 0.00911713 9.99372E-005 9.99372E-005 0.489684 0.0244907 9.99372E-005 9.99372E-005 0.155986
9.99102E-005 9.99102E-005 9.99102E-005 9.99102E-005 9.99102E-005 0.00161765 9.99102E-005 9.99102E-005 0.00804749 9.99102E-005 9.99102E-005 9.99102E-005 0.0112547 0.978081
9.98833E-005 9.98833E-005 9.98833E-005 9.98833E-005 9.98833E-005 9.98833E-005 9.98833E-005 9.98833E-005 9.98833E-005 9.98833E-005 9.98833E-005 9.98833E-005 9.98833E-005 0.998702
9.99372E-005 9.99372E-005 9.99372E-005 0.00330983 9.99372E-005 0.000583656 0.0654852 9.99372E-005 9.99372E-005 9.99372E-005 0.0209257 0.0113542 0.0379679 0.859674
0.0890502 9.99193E-005 9.99193E-005 9.99193E-005 0.247016 9.99193E-005 9.99193E-005 0.13461 9.99193E-005 0.1168 9.99193E-005 9.99193E-005 0.411625 9.99193E-005
9.99551E-005 0.136521 9.99551E-005 0.432101 0.0987101 0.00530199 0.0370744 9.99551E-005 0.0379925 0.0490648 9.99551E-005 9.99551E-005 0.16777 0.0349647
9.9901E-005 9.9901E-005 9.9901E-005 0.0943147 9.9901E-005 9.9901E-005 0.0215349 9.9901E-005 0.883051 9.9901E-005 9.9901E-005 9.9901E-005 9.9901E-005 9.9901E-005
9.99012E-005 9.99012E-005 9.99012E-005 9.99012E-005 0.105429 0.00330597 9.99012E-005 9.99012E-005 9.99012E-005 9.99012E-005 9.99012E-005 0.890166 9.99012E-005 9.99012E-005
9.99102E-005 0.00940755 9.99102E-005 0.0627054 9.99102E-005 9.99102E-005 9.99102E-005 9.99102E-005 9.99102E-005 9.99102E-005 0.0268526 0.900035 9.99102E-005 9.99102E-005
0.0239955 9.99009E-005 9.99009E-005 9.99009E-005 9.99009E-005 9.99009E-005 9.99009E-005 0.0711173 0.903788 9.99009E-005 9.99009E-005 9.99009E-005 9.99009E-005 9.99009E-005
0.112655 0.00387123 9.99103E-005 9.99103E-005 9.99103E-005 9.99103E-005 9.99103E-005 0.83796 9.99103E-005 9.99103E-005 9.99103E-005 9.99103E-005 0.0445149 9.99103E-005
0.887963 9.98923E-005 9.98923E-005 9.98923E-005 9.98923E-005 9.98923E-005 9.98923E-005 0.110838 9.98923E-005 9.98923E-005 9.98923E-005 9.98923E-005 9.98923E-005 9.98923E-005
0.154033 9.99371E-005 0.0481466 9.99371E-005 0.294682 0.0143991 9.99371E-005 0.448574 0.0327385 9.99371E-005 9.99371E-005 0.00672706 9.99371E-005 9.99371E-005
0.998702 9.98829E-005 9.98829E-005 9.98829E-005 9.98829E-005 9.98829E-005 9.98829E-005 9.98829E-005 9.98829E-005 9.98829E-005 9.98829E-005 9.98829E-005 9.98829E-005 9.98829E-005
9.99101E-005 0.0198857 9.99101E-005 9.99101E-005 0.763435 0.011834 9.99101E-005 0.203847 9.99101E-005 9.99101E-005 9.99101E-005 9.99101E-005 9.99101E-005 9.99101E-005
0.0266465 0.0255842 9.99282E-005 9.99282E-005 0.151498 9.99282E-005 9.99282E-005 0.789274 0.00283353 9.99282E-005 0.00336455 9.99282E-005 9.99282E-005 9.99282E-005
9.99103E-005 9.99103E-005 9.99103E-005 9.99103E-005 0.153027 9.99103E-005 0.00108681 0.813899 9.99103E-005 0.0309888 9.99103E-005 9.99103E-005 9.99103E-005 9.99103E-005
0.998702 9.98829E-005 9.98829E-005 9.98829E-005 9.98829E-005 9.98829E-005 9.98829E-005 9.98829E-005 9.98829E-005 9.98829E-005 9.98829E-005 9.98829E-005 9.98829E-005 9.98829E-005
0.0413077 9.99282E-005 9.99282E-005 9.99282E-005 0.0732726 9.99282E-005 9.99282E-005 0.838485 0.00344942 9.99282E-005 9.99282E-005 9.99282E-005 0.0119913 0.0306941
0.0440059 9.99103E-005 9.99103E-005 9.99103E-005 9.99103E-005 9.99103E-005 9.99103E-005 0.93051 9.99103E-005 9.99103E-005 0.0166584 9.99103E-005 9.99103E-005 0.00782696
9.98924E-005 9.98924E-005 9.98924E-005 9.98924E-005 0.996125 9.98924E-005 9.98924E-005 9.98924E-005 0.00267612 9.98924E-005 9.98924E-005 9.98924E-005 9.98924E-005 9.98924E-005
0.0133529 9.99013E-005 9.99013E-005 9.99013E-005 0.965304 9.99013E-005 9.99013E-005 9.99013E-005 9.99013E-005 9.99013E-005 0.0202447 9.99013E-005 9.99013E-005 9.99013E-005
0.0094951 9.99012E-005 0.0386498 9.99012E-005 0.950756 9.99012E-005 9.99012E-005 9.99012E-005 9.99012E-005 9.99012E-005 9.99012E-005 9.99012E-005 9.99012E-005 9.99012E-005
0.0263503 9.99013E-005 9.99013E-005 9.99013E-005 9.99013E-005 9.99013E-005 9.99013E-005 0.915768 9.99013E-005 9.99013E-005 9.99013E-005 9.99013E-005 0.0567829 9.99013E-005
0.179719 0.0481833 9.99193E-005 9.99193E-005 0.204886 9.99193E-005 9.99193E-005 0.541573 0.0247393 9.99193E-005 9.99193E-005 9.99193E-005 9.99193E-005 9.99193E-005
0.033915 9.99282E-005 0.539114 9.99282E-005 9.99282E-005 9.99282E-005 0.0271552 9.99282E-005 9.99282E-005 0.0935462 0.0275956 9.99282E-005 0.277875 9.99282E-005
9.98832E-005 9.98832E-005 0.998702 9.98832E-005 9.98832E-005 9.98832E-005 9.98832E-005 9.98832E-005 9.98832E-005 9.98832E-005 9.98832E-005 9.98832E-005 9.98832E-005 9.98832E-005
9.98833E-005 9.98833E-005 0.998702 9.98833E-005 9.98833E-005 9.98833E-005 9.98833E-005 9.98833E-005 9.98833E-005 9.98833E-005 9.98833E-005 9.98833E-005 9.98833E-005 9.98833E-005
9.99013E-005 9.99013E-005 9.99013E-005 9.99013E-005 9.99013E-005 9.99013E-005 9.99013E-005 0.0110027 9.99013E-005 9.99013E-005 9.99013E-005 9.99013E-005 0.00519607 0.982702
9.99013E-005 0.000633775 9.99013E-005 9.99013E-005 9.99013E-005 9.99013E-005 0.0274163 9.99013E-005 9.99013E-005 9.99013E-005 9.99013E-005 9.99013E-005 9.99013E-005 0.970851
9.99014E-005 0.0297744 9.99014E-005 9.99014E-005 9.99014E-005 9.99014E-005 9.99014E-005 9.99014E-005 9.99014E-005 9.99014E-005 9.99014E-005 9.99014E-005 0.0661672 0.902959
9.99282E-005 9.99282E-005 9.99282E-005 0.0133856 9.99282E-005 9.99282E-005 0.0311425 9.99282E-005 9.99282E-005 0.0331015 9.99282E-005 0.0290267 0.0198168 0.872727
9.98834E-005 9.98834E-005 9.98834E-005 9.98834E-005 9.98834E-005 9.98834E-005 9.98834E-005 9.98834E-005 9.98834E-005 9.98834E-005 9.98834E-005 0.998702 9.98834E-005 9.98834E-005
0.000326403 0.00764231 9.99192E-005 9.99192E-005 9.99192E-005 9.99192E-005 0.000292975 9.99192E-005 9.99192E-005 0.0110682 9.99192E-005 0.979771 9.99192E-005 9.99192E-005
9.99013E-005 9.99013E-005 9.99013E-005 9.99013E-005 9.99013E-005 9.99013E-005 9.99013E-005 9.99013E-005 9.99013E-005 0.0405425 9.99013E-005 0.943627 9.99013E-005 0.0147315
0.00779524 9.99013E-005 0.965521 9.99013E-005 9.99013E-005 9.99013E-005 9.99013E-005 9.99013E-005 9.99013E-005 0.0255852 9.99013E-005 9.99013E-005 9.99013E-005 9.99013E-005
9.99013E-005 9.99013E-005 0.776683 9.99013E-005 9.99013E-005 0.00570777 9.99013E-005 9.99013E-005 9.99013E-005 9.99013E-005 9.99013E-005 9.99013E-005 0.21651 9.99013E-005
9.99102E-005 9.99102E-005 9.99102E-005 0.120954 0.0836302 9.99102E-005 9.99102E-005 9.99102E-005 9.99102E-005 9.99102E-005 0.00474466 9.99102E-005 0.789672 9.99102E-005
9.99102E-005 9.99102E-005 9.99102E-005 9.99102E-005 0.0254851 9.99102E-005 9.99102E-005 0.0113296 9.99102E-005 9.99102E-005 9.99102E-005 0.0218663 0.94032 9.99102E-005
