9.98833E-005 9.98833E-005 9.98833E-005 9.98833E-005 0.00732068 9.98833E-005 9.98833E-005 9.98833E-005 0.991381 9.98833E-005 9.98833E-005 9.98833E-005 9.98833E-005 9.98833E-005 9.98833E-005
9.98832E-005 9.98832E-005 9.98832E-005 0.271996 9.98832E-005 9.98832E-005 9.98832E-005 9.98832E-005 0.726706 9.98832E-005 9.98832E-005 9.98832E-005 9.98832E-005 9.98832E-005 9.98832E-005
9.99012E-005 9.99012E-005 9.99012E-005 0.00690399 9.99012E-005 0.00882092 9.99012E-005 9.99012E-005 0.942517 9.99012E-005 0.0406593 9.99012E-005 9.99012E-005 9.99012E-005 9.99012E-005
9.99193E-005 0.0238852 9.99193E-005 0.136897 9.99193E-005 9.99193E-005 9.99193E-005 9.99193E-005 0.655276 9.99193E-005 9.99193E-005 9.99193E-005 0.0873668 0.0630862 0.032589
9.98743E-005 9.98743E-005 9.98743E-005 9.98743E-005 9.98743E-005 9.98743E-005 9.98743E-005 9.98743E-005 0.998602 9.98743E-005 9.98743E-005 9.98743E-005 9.98743E-005 9.98743E-005 9.98743E-005
9.9883E-005 9.9883E-005 9.9883E-005 0.541876 9.9883E-005 9.9883E-005 9.9883E-005 9.9883E-005 0.456825 9.9883E-005 9.9883E-005 9.9883E-005 9.9883E-005 9.9883E-005 9.9883E-005
9.98831E-005 9.98831E-005 9.98831E-005 0.0318975 9.98831E-005 9.98831E-005 9.98831E-005 9.98831E-005 0.966804 9.98831E-005 9.98831E-005 9.98831E-005 9.98831E-005 9.98831E-005 9.98831E-005
0.0504935 9.99192E-005 9.99192E-005 0.795677 9.99192E-005 9.99192E-005 9.99192E-005 0.0538556 0.0787062 0.0138935 9.99192E-005 9.99192E-005 9.99192E-005 9.99192E-005 0.00647495
9.98738E-005 9.98738E-005 9.98738E-005 0.998602 9.98738E-005 9.98738E-005 9.98738E-005 9.98738E-005 9.98738E-005 9.98738E-005 9.98738E-005 9.98738E-005 9.98738E-005 9.98738E-005 9.98738E-005
9.98741E-005 9.98741E-005 9.98741E-005 0.998602 9.98741E-005 9.98741E-005 9.98741E-005 9.98741E-005 9.98741E-005 9.98741E-005 9.98741E-005 9.98741E-005 9.98741E-005 9.98741E-005 9.98741E-005
9.99102E-005 9.99102E-005 9.99102E-005 0.7683 0.0174653 9.99102E-005 9.99102E-005 9.99102E-005 0.18031 0.00167285 9.99102E-005 0.0312528 9.99102E-005 9.99102E-005 9.99102E-005
9.99193E-005 9.99193E-005 0.0152596 9.99193E-005 9.99193E-005 0.041967 9.99193E-005 0.0937676 0.717748 9.99193E-005 9.99193E-005 9.99193E-005 9.99193E-005 0.119643 0.0107157
0.108722 9.99192E-005 0.0140288 9.99192E-005 0.0345227 9.99192E-005 9.99192E-005 9.99192E-005 0.807941 9.99192E-005 0.00730914 9.99192E-005 9.99192E-005 9.99192E-005 0.0265771
9.99193E-005 9.99193E-005 9.99193E-005 0.167259 9.99193E-005 9.99193E-005 0.0113105 9.99193E-005 0.567387 9.99193E-005 0.0333272 0.0966268 9.99193E-005 9.99193E-005 0.12319
0.0597859 0.0846484 9.99372E-005 9.99372E-005 0.0752149 9.99372E-005 0.00849295 9.99372E-005 0.50841 9.99372E-005 9.99372E-005 9.99372E-005 0.0628 0.076419 0.123529
9.99372E-005 0.0112493 9.99372E-005 9.99372E-005 0.0442226 9.99372E-005 0.00213454 0.0732474 0.618924 9.99372E-005 0.0966899 9.99372E-005 0.0298667 0.122966 9.99372E-005
9.99103E-005 9.99103E-005 9.99103E-005 9.99103E-005 9.99103E-005 9.99103E-005 9.99103E-005 0.146959 0.629053 0.00057182 9.99103E-005 9.99103E-005 0.0734362 0.148981 9.99103E-005
9.99191E-005 9.99191E-005 9.99191E-005 9.99191E-005 0.0548921 9.99191E-005 9.99191E-005 0.0215102 0.650611 9.99191E-005 0.135897 9.99191E-005 9.99191E-005 0.0569601 0.0792304
9.99282E-005 9.99282E-005 9.99282E-005 9.99282E-005 9.99282E-005 0.522977 9.99282E-005 0.0478494 0.0783261 9.99282E-005 0.0618981 0.0300184 0.0213782 0.236754 9.99282E-005
9.99103E-005 9.99103E-005 9.99103E-005 9.99103E-005 9.99103E-005 0.0398508 9.99103E-005 0.0362807 0.0526561 9.99103E-005 9.99103E-005 9.99103E-005 9.99103E-005 0.83984 0.0303729
9.98923E-005 9.98923E-005 9.98923E-005 9.98923E-005 9.98923E-005 0.0858857 9.98923E-005 9.98923E-005 9.98923E-005 9.98923E-005 9.98923E-005 9.98923E-005 9.98923E-005 0.837237 0.0756791
9.99282E-005 9.99282E-005 0.0023632 9.99282E-005 9.99282E-005 0.243338 9.99282E-005 0.0529159 0.058386 0.00537736 9.99282E-005 0.0341181 9.99282E-005 0.602702 9.99282E-005
9.99012E-005 9.99012E-005 9.99012E-005 9.99012E-005 0.0477316 0.0573641 9.99012E-005 9.99012E-005 9.99012E-005 9.99012E-005 9.99012E-005 0.0468375 9.99012E-005 0.846968 9.99012E-005
9.98739E-005 9.98739E-005 9.98739E-005 9.98739E-005 9.98739E-005 0.998602 9.98739E-005 9.98739E-005 9.98739E-005 9.98739E-005 9.98739E-005 9.98739E-005 9.98739E-005 9.98739E-005 9.98739E-005
9.98832E-005 9.98832E-005 9.98832E-005 9.98832E-005 9.98832E-005 0.987649 9.98832E-005 9.98832E-005 9.98832E-005 9.98832E-005 9.98832E-005 9.98832E-005 9.98832E-005 0.0110522 9.98832E-005
9.98743E-005 9.98743E-005 9.98743E-005 9.98743E-005 9.98743E-005 0.998602 9.98743E-005 9.98743E-005 9.98743E-005 9.98743E-005 9.98743E-005 9.98743E-005 9.98743E-005 9.98743E-005 9.98743E-005
9.99282E-005 0.00165597 0.0215992 9.99282E-005 9.99282E-005 0.0576051 0.0136057 0.154911 9.99282E-005 9.99282E-005 9.99282E-005 9.99282E-005 0.105647 0.644176 9.99282E-005
9.99102E-005 0.004272 9.99102E-005 9.99102E-005 9.99102E-005 0.771842 0.00410379 9.99102E-005 0.00662286 9.99102E-005 9.99102E-005 9.99102E-005 9.99102E-005 0.21216 9.99102E-005
9.99102E-005 9.99102E-005 9.99102E-005 9.99102E-005 9.99102E-005 0.0165688 9.99102E-005 9.99102E-005 0.00592847 9.99102E-005 0.0190962 9.99102E-005 0.0748686 0.882539 9.99102E-005
9.98742E-005 9.98742E-005 9.98742E-005 9.98742E-005 9.98742E-005 0.998602 9.98742E-005 9.98742E-005 9.98742E-005 9.98742E-005 9.98742E-005 9.98742E-005 9.98742E-005 9.98742E-005 9.98742E-005
0.0971308 9.99013E-005 9.99013E-005 0.0950078 9.99013E-005 0.169796 9.99013E-005 9.99013E-005 9.99013E-005 9.99013E-005 9.99013E-005 9.99013E-005 9.99013E-005 0.636966 9.99013E-005
9.98833E-005 9.98833E-005 9.98833E-005 9.98833E-005 0.00426576 0.994436 9.98833E-005 9.98833E-005 9.98833E-005 9.98833E-005 9.98833E-005 9.98833E-005 9.98833E-005 9.98833E-005 9.98833E-005
9.99013E-005 9.99013E-005 9.99013E-005 9.99013E-005 9.99013E-005 0.0744168 9.99013E-005 0.0445731 9.99013E-005 9.99013E-005 0.0725644 9.99013E-005 9.99013E-005 0.807347 9.99013E-005
9.99192E-005 0.0467644 9.99192E-005 0.00707722 9.99192E-005 0.246961 9.99192E-005 0.0133768 9.99192E-005 9.99192E-005 9.99192E-005 0.00380369 9.99192E-005 0.681117 9.99192E-005
0.0226063 0.0586348 9.99282E-005 0.00672422 9.99282E-005 0.147429 9.99282E-005 9.99282E-005 9.99282E-005 9.99282E-005 0.0367594 9.99282E-005 9.99282E-005 0.671719 0.0553272
0.0152585 9.99102E-005 9.99102E-005 9.99102E-005 9.99102E-005 0.106253 9.99102E-005 9.99102E-005 0.0241799 9.99102E-005 9.99102E-005 9.99102E-005 9.99102E-005 0.815101 0.0382081
9.99551E-005 0.00159798 0.0241451 0.0149395 9.99551E-005 0.107892 0.00515829 9.99551E-005 0.0597587 0.00509821 9.99551E-005 0.00759706 0.044196 0.729117 9.99551E-005
0.00407302 9.99103E-005 0.0436967 9.99103E-005 9.99103E-005 9.99103E-005 0.00732249 0.842961 0.100948 9.99103E-005 9.99103E-005 9.99103E-005 9.99103E-005 9.99103E-005 9.99103E-005
9.98832E-005 9.98832E-005 9.98832E-005 9.98832E-005 9.98832E-005 9.98832E-005 9.98832E-005 0.866407 9.98832E-005 9.98832E-005 9.98832E-005 9.98832E-005 9.98832E-005 9.98832E-005 0.132294
9.99104E-005 0.0408185 9.99104E-005 9.99104E-005 9.99104E-005 0.00533811 0.0285475 0.908437 9.99104E-005 9.99104E-005 0.0158599 9.99104E-005 9.99104E-005 9.99104E-005 9.99104E-005
9.99014E-005 9.99014E-005 9.99014E-005 9.99014E-005 0.00927332 9.99014E-005 9.99014E-005 0.982909 9.99014E-005 0.00135782 0.00536143 9.99014E-005 9.99014E-005 9.99014E-005 9.99014E-005
9.99102E-005 9.99102E-005 9.99102E-005 9.99102E-005 9.99102E-005 0.00247739 0.00648374 0.955171 9.99102E-005 0.00305961 0.0318093 9.99102E-005 9.99102E-005 9.99102E-005 9.99102E-005
9.98922E-005 9.98922E-005 9.98922E-005 9.98922E-005 9.98922E-005 9.98922E-005 9.98922E-005 0.891155 9.98922E-005 9.98922E-005 9.98922E-005 9.98922E-005 0.00478917 9.98922E-005 0.102857
9.98834E-005 9.98834E-005 9.98834E-005 9.98834E-005 9.98834E-005 9.98834E-005 9.98834E-005 0.877652 9.98834E-005 9.98834E-005 0.121049 9.98834E-005 9.98834E-005 9.98834E-005 9.98834E-005
9.99551E-005 9.99551E-005 9.99551E-005 0.0192766 9.99551E-005 0.0225404 9.99551E-005 0.43521 0.0355972 0.000520018 0.0251877 0.000271262 0.0484265 0.00646338 0.406007
9.98833E-005 9.98833E-005 9.98833E-005 9.98833E-005 9.98833E-005 9.98833E-005 9.98833E-005 0.938574 9.98833E-005 9.98833E-005 9.98833E-005 9.98833E-005 9.98833E-005 9.98833E-005 0.0601276
0.161119 0.0864882 9.99372E-005 0.112651 9.99372E-005 0.046309 9.99372E-005 0.0800389 0.0234458 9.99372E-005 0.0081039 9.99372E-005 0.481145 9.99372E-005 9.99372E-005
9.98702E-005 9.98702E-005 9.98702E-005 9.98702E-005 9.98702E-005 9.98702E-005 9.98702E-005 9.98702E-005 9.98702E-005 0.998602 9.98702E-005 9.98702E-005 9.98702E-005 9.98702E-005 9.98702E-005
9.98922E-005 9.98922E-005 9.98922E-005 9.98922E-005 0.965872 9.98922E-005 9.98922E-005 0.0190811 9.98922E-005 0.0138481 9.98922E-005 9.98922E-005 9.98922E-005 9.98922E-005 9.98922E-005
9.98924E-005 9.98924E-005 9.98924E-005 9.98924E-005 9.98924E-005 9.98924E-005 0.015103 9.98924E-005 9.98924E-005 9.98924E-005 0.0500638 9.98924E-005 0.933634 9.98924E-005 9.98924E-005
9.9883E-005 9.9883E-005 9.9883E-005 9.9883E-005 0.73318 9.9883E-005 9.9883E-005 9.9883E-005 9.9883E-005 9.9883E-005 9.9883E-005 9.9883E-005 0.265522 9.9883E-005 9.9883E-005
9.98923E-005 9.98923E-005 9.98923E-005 9.98923E-005 9.98923E-005 0.0139846 9.98923E-005 9.98923E-005 9.98923E-005 9.98923E-005 9.98923E-005 9.98923E-005 0.977806 9.98923E-005 0.00701104
9.99192E-005 0.0193015 0.0306627 9.99192E-005 9.99192E-005 9.99192E-005 0.0426505 9.99192E-005 9.99192E-005 9.99192E-005 9.99192E-005 9.99192E-005 0.753945 0.106983 0.0455579
0.0753967 9.99461E-005 0.00542732 9.99461E-005 9.99461E-005 0.00820781 9.99461E-005 0.10296 0.0594014 0.0064261 9.99461E-005 0.0343295 0.704763 9.99461E-005 0.00248808
9.98924E-005 9.98924E-005 0.0165873 9.98924E-005 9.98924E-005 9.98924E-005 9.98924E-005 9.98924E-005 0.0408411 9.98924E-005 9.98924E-005 9.98924E-005 0.941373 9.98924E-005 9.98924E-005
9.99103E-005 9.99103E-005 9.99103E-005 0.0375714 9.99103E-005 9.99103E-005 9.99103E-005 0.0152354 9.99103E-005 0.0059775 9.99103E-005 0.00311618 0.9371 9.99103E-005 9.99103E-005
9.99101E-005 9.99101E-005 0.040162 9.99101E-005 9.99101E-005 0.0444716 0.0453506 9.99101E-005 9.99101E-005 9.99101E-005 0.0649007 9.99101E-005 0.804116 9.99101E-005 9.99101E-005
9.99013E-005 9.99013E-005 9.99013E-005 0.0177744 0.00127702 9.99013E-005 0.0157325 9.99013E-005 9.99013E-005 9.99013E-005 9.99013E-005 9.99013E-005 0.964117 9.99013E-005 9.99013E-005
9.98922E-005 0.0109619 9.98922E-005 9.98922E-005 9.98922E-005 9.98922E-005 9.98922E-005 9.98922E-005 9.98922E-005 9.98922E-005 9.98922E-005 0.0248236 0.963016 9.98922E-005 9.98922E-005
9.98923E-005 0.0531192 9.98923E-005 9.98923E-005 9.98923E-005 9.98923E-005 9.98923E-005 9.98923E-005 9.98923E-005 9.98923E-005 9.98923E-005 9.98923E-005 0.921947 0.0237352 9.98923E-005
0.956586 0.005481 9.99103E-005 9.99103E-005 9.99103E-005 0.0100733 9.99103E-005 9.99103E-005 0.0134455 9.99103E-005 9.99103E-005 9.99103E-005 9.99103E-005 0.0134148 9.99103E-005
0.907859 9.99012E-005 9.99012E-005 0.0335477 9.99012E-005 9.99012E-005 9.99012E-005 9.99012E-005 9.99012E-005 9.99012E-005 9.99012E-005 9.99012E-005 9.99012E-005 0.0568063 0.000688641
0.870492 9.99013E-005 9.99013E-005 0.0883255 9.99013E-005 9.99013E-005 9.99013E-005 9.99013E-005 9.99013E-005 0.0102891 9.99013E-005 9.99013E-005 9.99013E-005 9.99013E-005 0.0297943
0.492916 9.99103E-005 0.112714 9.99103E-005 0.00546268 9.99103E-005 0.35034 9.99103E-005 9.99103E-005 9.99103E-005 9.99103E-005 0.0375684 9.99103E-005 9.99103E-005 9.99103E-005
0.331827 9.99102E-005 0.2985 9.99102E-005 9.99102E-005 0.0340165 0.327361 9.99102E-005 9.99102E-005 9.99102E-005 9.99102E-005 0.00729631 9.99102E-005 9.99102E-005 9.99102E-005
9.98924E-005 0.00248494 9.98924E-005 9.98924E-005 9.98924E-005 9.98924E-005 0.96719 9.98924E-005 9.98924E-005 9.98924E-005 9.98924E-005 9.98924E-005 0.0291259 9.98924E-005 9.98924E-005
9.98741E-005 9.98741E-005 9.98741E-005 9.98741E-005 9.98741E-005 9.98741E-005 0.998602 9.98741E-005 9.98741E-005 9.98741E-005 9.98741E-005 9.98741E-005 9.98741E-005 9.98741E-005 9.98741E-005
0.382253 0.000687738 0.089545 9.99282E-005 9.99282E-005 9.99282E-005 0.436883 9.99282E-005 9.99282E-005 9.99282E-005 9.99282E-005 0.0543096 9.99282E-005 0.0165858 0.0189368
0.359177 0.0516441 0.134471 9.99102E-005 9.99102E-005 9.99102E-005 0.388966 9.99102E-005 9.99102E-005 9.99102E-005 9.99102E-005 0.0647429 9.99102E-005 9.99102E-005 9.99102E-005
9.98923E-005 9.98923E-005 9.98923E-005 9.98923E-005 9.98923E-005 9.98923E-005 0.957028 0.0161213 9.98923E-005 9.98923E-005 0.025652 9.98923E-005 9.98923E-005 9.98923E-005 9.98923E-005
9.98743E-005 9.98743E-005 9.98743E-005 9.98743E-005 9.98743E-005 9.98743E-005 0.998602 9.98743E-005 9.98743E-005 9.98743E-005 9.98743E-005 9.98743E-005 9.98743E-005 9.98743E-005 9.98743E-005
0.460793 9.99102E-005 0.0713092 9.99102E-005 9.99102E-005 9.99102E-005 0.358425 9.99102E-005 9.99102E-005 9.99102E-005 9.99102E-005 0.0484707 9.99102E-005 0.0600028 9.99102E-005
9.98923E-005 9.98923E-005 9.98923E-005 9.98923E-005 9.98923E-005 9.98923E-005 0.985697 9.98923E-005 9.98923E-005 9.98923E-005 9.98923E-005 9.98923E-005 0.00421624 9.98923E-005 0.00888766
9.98922E-005 9.98922E-005 9.98922E-005 0.000177256 9.98922E-005 9.98922E-005 0.982623 9.98922E-005 9.98922E-005 0.0160012 9.98922E-005 9.98922E-005 9.98922E-005 9.98922E-005 9.98922E-005
9.98833E-005 0.0102661 9.98833E-005 9.98833E-005 9.98833E-005 9.98833E-005 0.988435 9.98833E-005 9.98833E-005 9.98833E-005 9.98833E-005 9.98833E-005 9.98833E-005 9.98833E-005 9.98833E-005
0.0491699 9.99012E-005 9.99012E-005 0.0245677 9.99012E-005 9.99012E-005 0.9122 9.99012E-005 9.99012E-005 9.99012E-005 9.99012E-005 0.0129638 9.99012E-005 9.99012E-005 9.99012E-005
9.98922E-005 9.98922E-005 9.98922E-005 9.98922E-005 9.98922E-005 0.0384507 0.953877 9.98922E-005 9.98922E-005 9.98922E-005 9.98922E-005 0.00647323 9.98922E-005 9.98922E-005 9.98922E-005
9.98924E-005 9.98924E-005 9.98924E-005 9.98924E-005 9.98924E-005 9.98924E-005 9.98924E-005 0.101837 9.98924E-005 9.98924E-005 9.98924E-005 0.0101519 9.98924E-005 0.886812 9.98924E-005
9.99012E-005 9.99012E-005 9.99012E-005 0.0130193 9.99012E-005 0.00350862 9.99012E-005 0.979821 9.99012E-005 0.00255248 9.99012E-005 9.99012E-005 9.99012E-005 9.99012E-005 9.99012E-005
9.98922E-005 9.98922E-005 9.98922E-005 9.98922E-005 9.98922E-005 0.0251898 9.98922E-005 0.925181 9.98922E-005 9.98922E-005 9.98922E-005 9.98922E-005 9.98922E-005 9.98922E-005 0.0484308
9.99012E-005 0.133046 0.842813 9.99012E-005 9.99012E-005 0.0065119 0.0165295 9.99012E-005 9.99012E-005 9.99012E-005 9.99012E-005 9.99012E-005 9.99012E-005 9.99012E-005 9.99012E-005
9.99013E-005 0.0255735 0.914982 9.99013E-005 0.0153568 9.99013E-005 0.0429886 9.99013E-005 9.99013E-005 9.99013E-005 9.99013E-005 9.99013E-005 9.99013E-005 9.99013E-005 9.99013E-005
9.98924E-005 9.98924E-005 0.963261 9.98924E-005 9.98924E-005 9.98924E-005 0.0210133 9.98924E-005 9.98924E-005 9.98924E-005 9.98924E-005 0.014527 9.98924E-005 9.98924E-005 9.98924E-005
9.98831E-005 0.975152 9.98831E-005 9.98831E-005 9.98831E-005 9.98831E-005 9.98831E-005 9.98831E-005 9.98831E-005 9.98831E-005 9.98831E-005 0.0235495 9.98831E-005 9.98831E-005 9.98831E-005
0.0229425 0.0451891 0.853943 9.99103E-005 9.99103E-005 9.99103E-005 9.99103E-005 9.99103E-005 9.99103E-005 9.99103E-005 9.99103E-005 0.0533618 0.0235644 9.99103E-005 9.99103E-005
0.0287136 0.0776998 0.813866 9.99371E-005 0.00586143 0.0118877 9.99371E-005 9.99371E-005 0.000267527 9.99371E-005 9.99371E-005 0.05733 9.99371E-005 9.99371E-005 0.00367419
9.99193E-005 0.033729 0.813624 9.99193E-005 0.0151405 0.037724 9.99193E-005 9.99193E-005 9.99193E-005 9.99193E-005 9.99193E-005 0.0911593 9.99193E-005 0.00772354 9.99193E-005
0.00877157 0.181176 0.611614 9.99372E-005 0.00110504 9.99372E-005 0.00332397 9.99372E-005 9.99372E-005 9.99372E-005 9.99372E-005 0.134947 0.0478825 9.99372E-005 0.0104807
9.99192E-005 0.107795 0.812114 9.99192E-005 9.99192E-005 0.000515479 9.99192E-005 9.99192E-005 9.99192E-005 0.00196616 9.99192E-005 0.0153478 9.99192E-005 0.0613623 9.99192E-005
9.98742E-005 0.998602 9.98742E-005 9.98742E-005 9.98742E-005 9.98742E-005 9.98742E-005 9.98742E-005 9.98742E-005 9.98742E-005 9.98742E-005 9.98742E-005 9.98742E-005 9.98742E-005 9.98742E-005
9.98741E-005 0.998602 9.98741E-005 9.98741E-005 9.98741E-005 9.98741E-005 9.98741E-005 9.98741E-005 9.98741E-005 9.98741E-005 9.98741E-005 9.98741E-005 9.98741E-005 9.98741E-005 9.98741E-005
9.99193E-005 0.130307 0.719662 9.99193E-005 0.0352748 9.99193E-005 9.99193E-005 9.99193E-005 9.99193E-005 0.00798448 9.99193E-005 0.0416762 0.0641965 9.99193E-005 9.99193E-005
9.98923E-005 0.17059 0.785148 9.98923E-005 9.98923E-005 9.98923E-005 9.98923E-005 9.98923E-005 9.98923E-005 9.98923E-005 9.98923E-005 9.98923E-005 0.0430634 9.98923E-005 9.98923E-005
9.99012E-005 0.234901 0.687219 9.99012E-005 9.99012E-005 9.99012E-005 0.0257547 9.99012E-005 9.99012E-005 9.99012E-005 9.99012E-005 0.0510266 9.99012E-005 9.99012E-005 9.99012E-005
9.99102E-005 0.510707 0.401054 0.0441396 0.00221485 9.99102E-005 9.99102E-005 9.99102E-005 9.99102E-005 9.99102E-005 9.99102E-005 0.0408854 9.99102E-005 9.99102E-005 9.99102E-005
0.000317268 0.288974 0.523587 9.99282E-005 0.0380726 0.0232197 9.99282E-005 9.99282E-005 9.99282E-005 9.99282E-005 0.0464649 0.0785646 9.99282E-005 9.99282E-005 9.99282E-005
9.99013E-005 0.0330363 0.900313 9.99013E-005 0.0172452 9.99013E-005 0.0483067 9.99013E-005 9.99013E-005 9.99013E-005 9.99013E-005 9.99013E-005 9.99013E-005 9.99013E-005 9.99013E-005
9.99013E-005 9.99013E-005 0.922945 0.019904 9.99013E-005 9.99013E-005 9.99013E-005 9.99013E-005 9.99013E-005 9.99013E-005 0.0134659 0.042586 9.99013E-005 9.99013E-005 9.99013E-005
0.00436187 0.197532 0.738459 9.99103E-005 9.99103E-005 9.99103E-005 9.99103E-005 9.99103E-005 9.99103E-005 0.00605731 9.99103E-005 0.0525907 9.99103E-005 9.99103E-005 9.99103E-005
9.99192E-005 9.99192E-005 0.799129 9.99192E-005 0.0023229 9.99192E-005 0.0151353 9.99192E-005 9.99192E-005 0.00633001 9.99192E-005 0.101277 9.99192E-005 0.0749065 9.99192E-005
9.99103E-005 9.99103E-005 0.919466 9.99103E-005 0.00157065 9.99103E-005 0.0078668 9.99103E-005 9.99103E-005 9.99103E-005 9.99103E-005 0.0542117 9.99103E-005 0.0158862 9.99103E-005
9.99013E-005 0.947474 9.99013E-005 9.99013E-005 0.0253941 9.99013E-005 0.0230718 9.99013E-005 9.99013E-005 9.99013E-005 9.99013E-005 9.99013E-005 9.99013E-005 9.99013E-005 0.00296096
9.99012E-005 9.99012E-005 0.879819 0.0337706 0.0254525 9.99012E-005 9.99012E-005 9.99012E-005 9.99012E-005 9.99012E-005 9.99012E-005 0.0598593 9.99012E-005 9.99012E-005 9.99012E-005
0.0226572 0.0353296 0.799582 0.0205371 9.99371E-005 0.00391673 9.99371E-005 9.99371E-005 9.99371E-005 0.000439325 9.99371E-005 0.0372744 0.0795639 9.99371E-005 9.99371E-005
0.0155463 0.100798 0.815531 0.00990629 9.99102E-005 9.99102E-005 9.99102E-005 9.99102E-005 9.99102E-005 9.99102E-005 9.99102E-005 0.057219 9.99102E-005 9.99102E-005 9.99102E-005
9.99191E-005 0.317445 0.535529 0.0710695 0.0307361 0.00151818 9.99191E-005 9.99191E-005 9.99191E-005 9.99191E-005 9.99191E-005 0.0428021 9.99191E-005 9.99191E-005 9.99191E-005
0.5308 0.0117285 0.134669 9.99102E-005 9.99102E-005 9.99102E-005 0.319295 9.99102E-005 9.99102E-005 9.99102E-005 9.99102E-005 0.00250745 9.99102E-005 9.99102E-005 9.99102E-005
0.402558 9.99101E-005 0.119625 9.99101E-005 0.0409839 9.99101E-005 0.166261 9.99101E-005 9.99101E-005 9.99101E-005 9.99101E-005 9.99101E-005 9.99101E-005 0.269573 9.99101E-005
0.373711 0.161703 0.176082 9.99104E-005 9.99104E-005 0.02109 0.266414 9.99104E-005 9.99104E-005 9.99104E-005 9.99104E-005 9.99104E-005 9.99104E-005 9.99104E-005 9.99104E-005
9.99103E-005 9.99103E-005 9.99103E-005 9.99103E-005 9.99103E-005 9.99103E-005 0.0382989 0.0711702 0.0872469 9.99103E-005 0.711571 9.99103E-005 9.99103E-005 0.0907139 9.99103E-005
9.98739E-005 9.98739E-005 9.98739E-005 9.98739E-005 9.98739E-005 9.98739E-005 9.98739E-005 9.98739E-005 9.98739E-005 9.98739E-005 0.998602 9.98739E-005 9.98739E-005 9.98739E-005 9.98739E-005
9.98924E-005 9.98924E-005 9.98924E-005 0.0162049 9.98924E-005 9.98924E-005 9.98924E-005 0.0411728 9.98924E-005 9.98924E-005 0.941424 9.98924E-005 9.98924E-005 9.98924E-005 9.98924E-005
9.98832E-005 9.98832E-005 9.98832E-005 9.98832E-005 9.98832E-005 0.00235723 9.98832E-005 9.98832E-005 9.98832E-005 9.98832E-005 0.996344 9.98832E-005 9.98832E-005 9.98832E-005 9.98832E-005
9.98924E-005 9.98924E-005 9.98924E-005 9.98924E-005 9.98924E-005 9.98924E-005 9.98924E-005 0.040153 9.98924E-005 9.98924E-005 0.915961 9.98924E-005 9.98924E-005 9.98924E-005 0.0426877
9.98743E-005 9.98743E-005 9.98743E-005 9.98743E-005 9.98743E-005 9.98743E-005 9.98743E-005 9.98743E-005 9.98743E-005 9.98743E-005 0.998602 9.98743E-005 9.98743E-005 9.98743E-005 9.98743E-005
0.013412 0.0168901 9.99551E-005 9.99551E-005 9.99551E-005 0.0465262 0.0179144 0.179298 0.149674 0.0134601 0.487653 9.99551E-005 9.99551E-005 0.0612728 0.0134008
9.98831E-005 9.98831E-005 9.98831E-005 9.98831E-005 9.98831E-005 9.98831E-005 9.98831E-005 9.98831E-005 9.98831E-005 0.00190915 9.98831E-005 9.98831E-005 9.98831E-005 9.98831E-005 0.996792
9.9874E-005 9.9874E-005 9.9874E-005 9.9874E-005 9.9874E-005 9.9874E-005 9.9874E-005 9.9874E-005 9.9874E-005 9.9874E-005 9.9874E-005 9.9874E-005 9.9874E-005 9.9874E-005 0.998602
9.99192E-005 9.99192E-005 9.99192E-005 9.99192E-005 9.99192E-005 0.0480924 0.0144314 9.99192E-005 0.0282893 0.0174019 0.0441886 9.99192E-005 9.99192E-005 9.99192E-005 0.846697
9.99201E-005 0.00436788 0.372172 9.99201E-005 9.99201E-005 0.0311164 9.99201E-005 9.99201E-005 9.99201E-005 9.99201E-005 0.148575 0.0769987 9.99201E-005 0.276277 0.0896937
9.9973E-005 0.00310176 0.039999 0.236281 0.0351977 0.0424534 9.9973E-005 9.9973E-005 0.224092 0.0133573 0.0650023 0.00659256 0.124497 0.175121 0.0340053
9.9892E-005 9.9892E-005 9.9892E-005 9.9892E-005 0.879825 0.0155368 9.9892E-005 9.9892E-005 0.10344 9.9892E-005 9.9892E-005 9.9892E-005 9.9892E-005 9.9892E-005 9.9892E-005
0.902458 0.0775467 9.99012E-005 9.99012E-005 9.99012E-005 9.99012E-005 9.99012E-005 9.99012E-005 9.99012E-005 0.00689521 9.99012E-005 9.99012E-005 0.0120013 9.99012E-005 9.99012E-005
0.859687 9.99012E-005 9.99012E-005 9.99012E-005 9.99012E-005 9.99012E-005 0.0326799 9.99012E-005 0.0806645 9.99012E-005 9.99012E-005 9.99012E-005 0.0258696 9.99012E-005 9.99012E-005
9.98918E-005 9.98918E-005 0.0647216 9.98918E-005 0.924461 9.98918E-005 9.98918E-005 9.98918E-005 9.98918E-005 9.98918E-005 9.98918E-005 0.00961869 9.98918E-005 9.98918E-005 9.98918E-005
9.99103E-005 0.158374 0.692138 9.99103E-005 9.99103E-005 9.99103E-005 9.99103E-005 9.99103E-005 0.0249308 9.99103E-005 9.99103E-005 0.0958176 0.0277403 9.99103E-005 9.99103E-005
9.98834E-005 9.98834E-005 0.133396 9.98834E-005 9.98834E-005 9.98834E-005 9.98834E-005 9.98834E-005 9.98834E-005 9.98834E-005 9.98834E-005 0.865306 9.98834E-005 9.98834E-005 9.98834E-005
9.99282E-005 0.223943 0.586383 0.0373681 0.0334644 9.99282E-005 9.99282E-005 9.99282E-005 9.99282E-005 0.000183552 9.99282E-005 0.101997 9.99282E-005 0.0158617 9.99282E-005
9.98739E-005 9.98739E-005 9.98739E-005 9.98739E-005 9.98739E-005 9.98739E-005 9.98739E-005 9.98739E-005 9.98739E-005 9.98739E-005 9.98739E-005 0.998602 9.98739E-005 9.98739E-005 9.98739E-005
9.99012E-005 0.772948 0.203363 9.99012E-005 9.99012E-005 9.99012E-005 9.99012E-005 9.99012E-005 9.99012E-005 0.00829787 9.99012E-005 9.99012E-005 0.0142924 9.99012E-005 9.99012E-005
0.0169883 0.164965 0.784874 0.010463 0.0110666 9.99193E-005 9.99193E-005 9.99193E-005 9.99193E-005 9.99193E-005 9.99193E-005 0.0107442 9.99193E-005 9.99193E-005 9.99193E-005
9.99103E-005 0.0838489 0.857224 9.99103E-005 9.99103E-005 9.99103E-005 0.00994004 0.00126354 0.0467241 9.99103E-005 9.99103E-005 9.99103E-005 9.99103E-005 9.99103E-005 9.99103E-005
9.98739E-005 9.98739E-005 9.98739E-005 9.98739E-005 9.98739E-005 9.98739E-005 9.98739E-005 9.98739E-005 9.98739E-005 9.98739E-005 9.98739E-005 0.998602 9.98739E-005 9.98739E-005 9.98739E-005
9.99192E-005 0.131675 0.748114 9.99192E-005 0.0242833 9.99192E-005 0.00603 9.99192E-005 9.99192E-005 9.99192E-005 9.99192E-005 0.0589403 9.99192E-005 9.99192E-005 0.0300577
9.99014E-005 0.158048 0.77566 9.99014E-005 9.99014E-005 9.99014E-005 0.0360118 9.99014E-005 9.99014E-005 9.99014E-005 9.99014E-005 0.0291818 9.99014E-005 9.99014E-005 9.99014E-005
9.99014E-005 0.0239776 0.924893 9.99014E-005 9.99014E-005 9.99014E-005 9.99014E-005 0.011163 9.99014E-005 9.99014E-005 9.99014E-005 0.0388672 9.99014E-005 9.99014E-005 9.99014E-005
9.99102E-005 9.99102E-005 0.956904 9.99102E-005 9.99102E-005 9.99102E-005 9.99102E-005 9.99102E-005 9.99102E-005 9.99102E-005 0.013113 0.010745 9.99102E-005 0.00406867 0.0141703
9.99192E-005 0.050655 0.807039 9.99192E-005 9.99192E-005 9.99192E-005 9.99192E-005 0.00893098 9.99192E-005 0.000739167 9.99192E-005 0.0604473 9.99192E-005 0.0712894 9.99192E-005
9.99192E-005 0.102609 0.828568 9.99192E-005 0.0162914 0.0195396 9.99192E-005 9.99192E-005 9.99192E-005 9.99192E-005 0.00980538 0.0222872 9.99192E-005 9.99192E-005 9.99192E-005
9.99103E-005 0.126298 0.615711 9.99103E-005 0.0324528 9.99103E-005 9.99103E-005 9.99103E-005 9.99103E-005 9.99103E-005 9.99103E-005 0.159872 0.0646674 9.99103E-005 9.99103E-005
9.99282E-005 9.99282E-005 9.99282E-005 0.0797353 9.99282E-005 0.0595754 0.0494152 9.99282E-005 9.99282E-005 9.99282E-005 0.11749 0.0346538 9.99282E-005 0.570217 0.0881129
9.99012E-005 9.99012E-005 9.99012E-005 0.192272 9.99012E-005 0.0295667 9.99012E-005 0.106875 9.99012E-005 9.99012E-005 9.99012E-005 9.99012E-005 9.99012E-005 0.670187 9.99012E-005
9.99103E-005 9.99103E-005 9.99103E-005 0.26221 9.99103E-005 0.0938444 0.011882 0.121511 9.99103E-005 9.99103E-005 9.99103E-005 9.99103E-005 9.99103E-005 0.509554 9.99103E-005
9.98833E-005 9.98833E-005 9.98833E-005 9.98833E-005 9.98833E-005 9.98833E-005 9.98833E-005 0.152238 9.98833E-005 9.98833E-005 9.98833E-005 9.98833E-005 9.98833E-005 9.98833E-005 0.846464
9.99012E-005 9.99012E-005 9.99012E-005 0.00840017 9.99012E-005 0.00988123 9.99012E-005 0.21538 9.99012E-005 9.99012E-005 9.99012E-005 9.99012E-005 9.99012E-005 9.99012E-005 0.76524
9.99013E-005 9.99013E-005 9.99013E-005 9.99013E-005 9.99013E-005 9.99013E-005 9.99013E-005 9.99013E-005 9.99013E-005 9.99013E-005 0.0444291 9.99013E-005 0.0145015 0.0191376 0.920833
0.0259338 9.99192E-005 9.99192E-005 9.99192E-005 9.99192E-005 0.0434617 9.99192E-005 0.495744 0.0157842 9.99192E-005 0.0322105 9.99192E-005 9.99192E-005 9.99192E-005 0.385966
0.974253 0.0056522 9.99013E-005 9.99013E-005 0.00295534 9.99013E-005 9.99013E-005 9.99013E-005 9.99013E-005 9.99013E-005 9.99013E-005 9.99013E-005 9.99013E-005 9.99013E-005 0.016041
0.93178 9.99102E-005 9.99102E-005 0.0058422 9.99102E-005 0.000334037 9.99102E-005 0.00831478 9.99102E-005 9.99102E-005 9.99102E-005 9.99102E-005 0.0527303 9.99102E-005 9.99102E-005
0.9223 9.98924E-005 9.98924E-005 9.98924E-005 9.98924E-005 9.98924E-005 9.98924E-005 9.98924E-005 9.98924E-005 9.98924E-005 0.0149214 9.98924E-005 9.98924E-005 9.98924E-005 0.0615802
9.99282E-005 9.99282E-005 9.99282E-005 9.99282E-005 9.99282E-005 0.0286943 9.99282E-005 9.99282E-005 0.0489747 9.99282E-005 0.014497 0.00262117 0.0508352 0.786258 0.0673199
0.00466577 9.99103E-005 9.99103E-005 0.095286 9.99103E-005 9.99103E-005 9.99103E-005 9.99103E-005 9.99103E-005 0.00600438 9.99103E-005 9.99103E-005 9.99103E-005 0.846147 0.0468977
0.0562503 0.0771559 9.99282E-005 9.99282E-005 9.99282E-005 9.99282E-005 0.00682215 0.0523115 0.155636 9.99282E-005 0.00606564 9.99282E-005 9.99282E-005 0.644959 9.99282E-005
0.00852703 0.071126 9.99102E-005 9.99102E-005 0.0267101 9.99102E-005 9.99102E-005 9.99102E-005 9.99102E-005 0.00107716 9.99102E-005 9.99102E-005 9.99102E-005 0.891561 9.99102E-005
