0.03729 9.9982E-005 9.9982E-005 0.183852 0.778658
0.0474563 9.9982E-005 9.9982E-005 0.160206 0.792138
0.0667283 9.9982E-005 9.9982E-005 0.209039 0.724032
0.0530555 9.9991E-005 0.01673 0.223691 0.706424
0.0294231 9.9982E-005 9.9982E-005 0.282817 0.687559
9.9973E-005 9.9973E-005 9.9973E-005 0.109554 0.890146
0.0474298 9.9982E-005 9.9982E-005 0.0994471 0.852923
9.9982E-005 9.9982E-005 0.044201 0.211127 0.744472
0.0281429 0.0513986 0.00669737 0.0896713 0.82409
0.00488628 0.0765549 9.9991E-005 0.211528 0.706931
9.9982E-005 0.0454825 9.9982E-005 0.136311 0.818007
0.140794 9.9991E-005 0.00689807 0.329552 0.522656
0.0407014 9.9991E-005 0.0248884 0.237342 0.696968
9.9991E-005 0.0296532 0.0283159 0.348606 0.593325
0.0632422 0.0719332 0.0859241 0.212376 0.566525
0.0623486 9.9991E-005 0.0536918 0.301757 0.582103
0.0843535 9.9982E-005 9.9982E-005 0.35464 0.560806
0.0431511 9.9982E-005 9.9982E-005 0.399193 0.557456
0.727671 0.00945125 0.00250106 0.170139 0.0902373
0.4435 0.00515209 0.0295829 0.336362 0.185403
0.53455 0.00972491 9.9991E-005 0.284839 0.170786
0.566346 0.0578065 9.9991E-005 0.207073 0.168675
0.489091 0.118133 9.9991E-005 0.207619 0.185057
0.9996 9.997E-005 9.997E-005 9.997E-005 9.997E-005
0.9996 9.997E-005 9.997E-005 9.997E-005 9.997E-005
0.9996 9.997E-005 9.997E-005 9.997E-005 9.997E-005
0.401382 0.0840765 0.0405111 0.298278 0.175752
0.984614 9.9982E-005 0.0135714 0.00161432 9.9982E-005
0.433011 9.9991E-005 0.0505973 0.203775 0.312516
0.9996 9.997E-005 9.997E-005 9.997E-005 9.997E-005
0.491923 0.00145792 0.0581809 0.174977 0.273461
0.9996 9.997E-005 9.997E-005 9.997E-005 9.997E-005
0.462481 0.00710179 0.0280271 0.347472 0.154918
0.6429 0.0310102 0.0387542 0.186494 0.100841
0.494177 0.0719296 0.040842 0.315758 0.0772931
0.51468 9.9991E-005 0.0341866 0.220724 0.23031
0.449578 0.0603457 0.0399794 0.184744 0.265352
0.000332653 0.0487322 0.0195547 0.860582 0.0707981
9.997E-005 9.997E-005 9.997E-005 0.9996 9.997E-005
0.0474289 0.0110133 0.0376938 0.903764 9.9991E-005
9.99731E-005 0.00233461 9.99731E-005 0.997365 9.99731E-005
0.0364576 9.9982E-005 0.0176117 0.945731 9.9982E-005
9.997E-005 9.997E-005 9.997E-005 0.9996 9.997E-005
9.997E-005 9.997E-005 9.997E-005 0.9996 9.997E-005
0.0455866 0.0070861 9.9991E-005 0.873176 0.0740513
0.0013434 9.99731E-005 9.99731E-005 0.998357 9.99731E-005
0.0460905 0.309847 0.0446765 0.107695 0.491691
9.997E-005 9.997E-005 9.997E-005 9.997E-005 0.9996
0.0400182 0.47032 9.99911E-005 0.019804 0.469758
9.9991E-005 0.277098 0.137638 0.0614711 0.523693
9.99731E-005 0.52038 9.99731E-005 9.99731E-005 0.47932
0.0495981 0.266917 0.107145 9.9991E-005 0.57624
0.0504765 0.285547 0.149701 0.042174 0.472102
0.0284225 0.266951 0.0853352 0.0875046 0.531787
9.9982E-005 0.327761 0.0638992 9.9982E-005 0.60814
9.9982E-005 0.275653 0.0588702 9.9982E-005 0.665277
0.0554313 0.271126 0.157718 0.0410612 0.474663
9.9982E-005 0.228442 0.139125 9.9982E-005 0.632232
9.9982E-005 0.350433 0.0935817 9.9982E-005 0.555785
0.0100433 0.299506 0.12065 9.9991E-005 0.569701
0.0758167 0.234807 0.329679 9.9991E-005 0.359597
0.0783059 0.183747 0.348373 0.0425632 0.347011
0.0353678 0.206449 0.321986 0.0583884 0.377809
0.0244291 0.261123 0.611118 9.9991E-005 0.10323
0.0765716 0.378599 0.536409 0.00832048 9.9991E-005
9.997E-005 9.997E-005 0.9996 9.997E-005 9.997E-005
9.997E-005 9.997E-005 0.9996 9.997E-005 9.997E-005
0.0417379 0.223463 0.629426 0.0358434 0.0695294
0.0253347 0.32456 0.616433 9.9991E-005 0.033572
9.9973E-005 9.9973E-005 0.987224 0.0124761 9.9973E-005
9.997E-005 9.997E-005 0.9996 9.997E-005 9.997E-005
0.0489924 0.231546 0.581333 9.9991E-005 0.138028
9.997E-005 9.997E-005 0.9996 9.997E-005 9.997E-005
9.997E-005 9.997E-005 0.9996 9.997E-005 9.997E-005
9.997E-005 9.997E-005 0.9996 9.997E-005 9.997E-005
9.997E-005 9.997E-005 0.9996 9.997E-005 9.997E-005
0.0234838 9.9973E-005 0.976216 9.9973E-005 9.9973E-005
0.377041 0.0445494 0.0152637 0.374239 0.188907
0.0161079 9.99731E-005 9.99731E-005 0.983592 9.99731E-005
0.0446542 9.9973E-005 9.9973E-005 0.955046 9.9973E-005
9.9973E-005 0.954555 0.0451447 9.9973E-005 9.9973E-005
9.99731E-005 0.94626 0.0534397 9.99731E-005 9.99731E-005
9.99731E-005 0.965811 0.0338895 9.99731E-005 9.99731E-005
9.99731E-005 0.990173 9.99731E-005 0.00952716 9.99731E-005
9.99821E-005 0.97693 0.0153118 9.99821E-005 0.00755839
0.0338247 0.961901 0.00407469 9.9982E-005 9.9982E-005
0.0422839 0.947248 0.0102683 9.99821E-005 9.99821E-005
9.9991E-005 0.96597 0.0215427 0.00729307 0.00509398
0.0445336 0.95114 9.9982E-005 0.00412683 9.9982E-005
9.9973E-005 0.963544 9.9973E-005 9.9973E-005 0.0361557
9.99731E-005 0.995971 9.99731E-005 0.00372925 9.99731E-005
0.0281155 0.951597 0.0186729 9.9991E-005 0.00151444
9.99731E-005 0.995702 9.99731E-005 9.99731E-005 0.00399823
9.9973E-005 0.961624 0.0380764 9.9973E-005 9.9973E-005
9.9982E-005 0.9799 0.00631169 9.9982E-005 0.0135879
0.0540634 0.933725 9.9982E-005 0.0120121 9.9982E-005
9.99731E-005 0.932361 0.0673391 9.99731E-005 9.99731E-005
9.99731E-005 0.969188 9.99731E-005 0.0305125 9.99731E-005
9.99731E-005 0.978796 0.0209039 9.99731E-005 9.99731E-005
0.051318 0.913325 0.0351574 9.9982E-005 9.9982E-005
0.0039435 0.973574 0.0222824 9.9982E-005 9.9982E-005
9.9991E-005 0.916583 0.0419803 0.0152881 0.0260489
9.99731E-005 0.993412 9.99731E-005 9.99731E-005 0.00628795
0.0258125 0.918027 0.0151325 9.9991E-005 0.0409277
9.99731E-005 0.996854 0.00284651 9.99731E-005 9.99731E-005
0.0214042 0.946639 9.9982E-005 9.9982E-005 0.0317569
0.0560768 0.281571 0.614435 9.9991E-005 0.0478168
0.179994 0.230201 0.404945 0.0013905 0.18347
0.0740041 0.408007 0.430866 0.036848 0.050275
0.0403723 9.9991E-005 0.0652423 0.666182 0.228103
9.9991E-005 0.0191922 0.00478706 0.828861 0.14706
0.0301251 9.9991E-005 0.0294904 0.755143 0.185142
0.05794 9.9991E-005 0.0312377 0.691247 0.219476
9.99821E-005 9.99821E-005 0.011562 0.823947 0.164291
0.0168545 9.99821E-005 9.99821E-005 0.758746 0.2242
0.104419 9.9991E-005 0.043356 0.603529 0.248596
0.015421 9.99731E-005 9.99731E-005 0.984279 9.99731E-005
9.997E-005 9.997E-005 9.997E-005 0.9996 9.997E-005
0.0955056 9.9982E-005 0.0137635 0.890531 9.9982E-005
0.18593 0.481734 9.99821E-005 0.332137 9.99821E-005
0.123779 0.11602 9.9991E-005 0.205825 0.554277
0.100343 0.395924 0.00586534 0.0107853 0.487082
0.044613 0.342237 0.254999 9.9991E-005 0.35805
0.0192431 0.177151 0.355915 9.9991E-005 0.447591
9.99732E-005 0.941749 9.99732E-005 9.99732E-005 0.057951
9.9991E-005 0.969348 0.0235258 0.00685098 0.000174867
9.99731E-005 0.982504 9.99731E-005 0.0171959 9.99731E-005
0.0238392 0.939675 9.9991E-005 0.00217422 0.0342121
9.997E-005 0.9996 9.997E-005 9.997E-005 9.997E-005
9.9973E-005 0.973238 9.9973E-005 9.9973E-005 0.0264624
9.99731E-005 0.963617 0.0360831 9.99731E-005 9.99731E-005
9.99821E-005 0.955457 0.034389 0.0099536 9.99821E-005
9.997E-005 0.9996 9.997E-005 9.997E-005 9.997E-005
9.9982E-005 0.947473 0.0135829 0.038744 9.9982E-005
9.99731E-005 0.941449 0.0582507 9.99731E-005 9.99731E-005
9.99731E-005 0.991418 9.99731E-005 0.00828171 9.99731E-005
9.9982E-005 0.944652 0.0385452 0.0166032 9.9982E-005
9.9982E-005 0.926913 0.0127111 0.0601763 9.9982E-005
0.0371507 0.962549 9.99731E-005 9.99731E-005 9.99731E-005
9.99731E-005 0.978919 9.99731E-005 9.99731E-005 0.0207808
0.357065 0.042423 0.0921325 0.409304 0.0990752
0.378579 0.0175431 0.0514005 0.319771 0.232706
0.358593 9.9991E-005 0.0714575 0.299384 0.270465
9.997E-005 9.997E-005 9.997E-005 0.9996 9.997E-005
0.0227753 9.99731E-005 9.99731E-005 0.976925 9.99731E-005
0.0114481 9.99731E-005 9.99731E-005 0.988252 9.99731E-005
0.0610884 9.9982E-005 9.9982E-005 0.930639 0.00807237
0.034962 0.225774 0.304073 9.9991E-005 0.435091
0.0194465 0.221843 0.309773 0.00630746 0.44263
0.0286914 0.185511 0.334 0.0737611 0.378037
0.387444 0.0179239 0.04882 0.29842 0.247392
0.380651 0.0510507 0.00885662 0.287597 0.271845
0.283411 0.0959826 0.056963 0.271128 0.292516
0.381162 0.0886126 0.0561632 0.26549 0.208572
