0.938284 0.0048881 0.0144117 9.9991E-005 0.0407763 0.00153987
0.981831 9.99641E-005 9.99641E-005 9.99641E-005 0.0177694 9.99641E-005
0.96291 9.99641E-005 9.99641E-005 9.99641E-005 0.0366899 9.99641E-005
0.742605 0.0212345 0.0689593 0.0107968 0.0404246 0.11598
0.878368 9.99731E-005 9.99731E-005 9.99731E-005 0.032208 0.0891244
0.9995 9.996E-005 9.996E-005 9.996E-005 9.996E-005 9.996E-005
0.9995 9.996E-005 9.996E-005 9.996E-005 9.996E-005 9.996E-005
0.770375 0.0430456 0.107531 9.9982E-005 9.9982E-005 0.0788487
0.879327 9.9982E-005 0.014933 0.0813492 0.0241913 9.9982E-005
0.896835 9.99731E-005 9.99731E-005 0.100697 0.00216766 9.99731E-005
0.91588 9.99641E-005 9.99641E-005 0.0837203 9.99641E-005 9.99641E-005
0.633544 0.0173252 9.99821E-005 9.99821E-005 0.132179 0.216752
0.695631 0.0245575 0.0977847 0.00500077 0.0449639 0.132062
0.698609 0.0197225 0.0154588 0.0475443 9.9991E-005 0.218565
0.444516 0.0776422 0.245425 0.033166 0.0564384 0.142812
0.59181 0.0474702 0.0814658 9.9991E-005 0.0523089 0.226845
0.635527 9.9982E-005 0.0974854 9.9982E-005 0.0502209 0.216567
0.587289 9.9982E-005 0.101999 9.9982E-005 0.0337125 0.2768
0.145839 0.0101848 9.9991E-005 0.000314664 0.707412 0.13615
0.305452 0.0138483 0.0121478 0.0214194 0.402997 0.244135
0.177796 9.9991E-005 0.0349189 0.017749 0.507629 0.261807
0.233127 9.9982E-005 9.9982E-005 0.0676818 0.553519 0.145472
0.215243 9.9991E-005 0.0368446 0.123237 0.440513 0.184062
9.996E-005 9.996E-005 9.996E-005 9.996E-005 0.9995 9.996E-005
9.996E-005 9.996E-005 9.996E-005 9.996E-005 0.9995 9.996E-005
9.996E-005 9.996E-005 9.996E-005 9.996E-005 0.9995 9.996E-005
0.198625 0.0303606 0.0390068 0.084414 0.370539 0.277055
0.0554437 0.00948071 9.9982E-005 9.9982E-005 0.92973 0.00514536
0.256849 0.0200242 0.136374 9.9991E-005 0.427641 0.159012
9.996E-005 9.996E-005 9.996E-005 9.996E-005 0.9995 9.996E-005
0.321234 0.0441663 0.0153452 0.0242182 0.501124 0.0939126
9.996E-005 9.996E-005 9.996E-005 9.996E-005 0.9995 9.996E-005
0.199328 0.0217619 9.9991E-005 0.0204105 0.467322 0.291078
0.188847 0.0306096 9.9991E-005 0.0437139 0.597498 0.139232
0.141146 0.0244589 0.00327245 0.0896973 0.495733 0.245693
0.291571 0.0500936 0.0047741 9.9991E-005 0.517097 0.136364
0.257648 0.0315068 0.107079 0.0513491 0.417767 0.13465
0.114096 0.0132028 9.99821E-005 0.0567201 9.99821E-005 0.815781
9.996E-005 9.996E-005 9.996E-005 9.996E-005 9.996E-005 0.9995
0.0298049 0.0485171 9.9991E-005 0.0211972 0.0287488 0.871632
9.99641E-005 9.99641E-005 9.99641E-005 0.00718813 9.99641E-005 0.992412
0.00125462 0.0174838 0.0202637 9.9991E-005 0.0328824 0.928016
9.99641E-005 9.99641E-005 9.99641E-005 9.99641E-005 0.00849364 0.991107
0.0175911 9.99641E-005 9.99641E-005 9.99641E-005 9.99641E-005 0.982009
0.0328124 9.9982E-005 0.073993 9.9982E-005 0.0457154 0.847279
9.99641E-005 9.99641E-005 9.99641E-005 9.99641E-005 0.0146833 0.984917
0.162891 0.0508826 0.493787 0.153673 0.0267481 0.112018
9.996E-005 9.996E-005 0.9995 9.996E-005 9.996E-005 9.996E-005
9.99821E-005 9.99821E-005 0.737631 0.194735 0.0288365 0.0385973
0.00824562 0.145403 0.68141 0.0512468 9.9991E-005 0.113595
9.9964E-005 9.9964E-005 0.787369 0.212231 9.9964E-005 9.9964E-005
0.0113909 0.125603 0.78886 0.00830827 0.0305022 0.0353355
0.0239239 0.139629 0.632871 0.0874038 0.0188045 0.0973683
0.0768446 0.0945329 0.586295 0.0689107 0.0514766 0.12194
0.123809 0.0894531 0.672041 0.114497 9.9982E-005 9.9982E-005
0.0766552 0.0583619 0.772366 0.0365182 9.9991E-005 0.0559985
0.0269953 0.172236 0.603077 0.0703879 0.0635142 0.06379
0.116209 0.134831 0.728869 0.00841961 9.9991E-005 0.0115705
0.0150269 0.110721 0.775836 0.0982161 9.9982E-005 9.9982E-005
0.0183483 0.111101 0.780064 0.0586905 0.0222962 0.00949989
0.102215 0.312474 0.349895 0.123865 0.0757579 0.0357932
0.0907119 0.33829 0.360465 0.076553 0.0680805 0.0658999
0.0502477 0.313525 0.411589 0.0818948 0.0420883 0.100655
9.99821E-005 0.620059 0.111836 0.235057 0.0328476 9.99821E-005
9.9991E-005 0.520876 0.025861 0.370407 0.0711733 0.0115834
9.996E-005 0.9995 9.996E-005 9.996E-005 9.996E-005 9.996E-005
9.996E-005 0.9995 9.996E-005 9.996E-005 9.996E-005 9.996E-005
0.037355 0.615526 0.0627655 0.227203 0.0357225 0.0214279
9.9982E-005 0.591823 0.0991084 0.29056 0.018309 9.9982E-005
9.99641E-005 0.998188 9.99641E-005 9.99641E-005 0.00141256 9.99641E-005
9.996E-005 0.9995 9.996E-005 9.996E-005 9.996E-005 9.996E-005
0.0480201 0.566927 0.124081 0.203079 0.0577937 9.9991E-005
9.996E-005 0.9995 9.996E-005 9.996E-005 9.996E-005 9.996E-005
9.996E-005 0.9995 9.996E-005 9.996E-005 9.996E-005 9.996E-005
9.996E-005 0.9995 9.996E-005 9.996E-005 9.996E-005 9.996E-005
9.996E-005 0.9995 9.996E-005 9.996E-005 9.996E-005 9.996E-005
9.9964E-005 0.984022 9.9964E-005 9.9964E-005 0.0155776 9.9964E-005
0.245694 0.0134158 0.00686806 0.0485891 0.359354 0.32608
9.99641E-005 9.99641E-005 9.99641E-005 9.99641E-005 0.0480489 0.951551
9.99641E-005 9.99641E-005 9.99641E-005 9.99641E-005 0.0381016 0.961499
9.99641E-005 0.0496657 9.99641E-005 0.949934 9.99641E-005 9.99641E-005
9.99641E-005 0.0687298 9.99641E-005 0.93087 9.99641E-005 9.99641E-005
9.99641E-005 0.0348397 9.99641E-005 0.96476 9.99641E-005 9.99641E-005
9.99641E-005 9.99641E-005 9.99641E-005 0.976668 9.99641E-005 0.0229323
9.99731E-005 0.0403442 0.0146714 0.944684 9.99731E-005 9.99731E-005
9.9973E-005 0.00429153 9.9973E-005 0.9543 0.0411088 9.9973E-005
9.99731E-005 0.0128927 9.99731E-005 0.925721 0.0610864 9.99731E-005
0.000996355 0.0217366 9.99821E-005 0.959842 9.99821E-005 0.0172247
9.99731E-005 9.99731E-005 0.00725806 0.936968 0.0554745 9.99731E-005
0.0406038 9.99641E-005 9.99641E-005 0.958996 9.99641E-005 9.99641E-005
9.99731E-005 0.00439875 9.99731E-005 0.988288 9.99731E-005 0.00701324
9.99731E-005 0.0291631 0.0618406 0.908696 9.99731E-005 9.99731E-005
0.00673008 9.99731E-005 9.99731E-005 0.990995 9.99731E-005 0.00197537
9.99641E-005 0.040328 9.99641E-005 0.959272 9.99641E-005 9.99641E-005
0.0280515 9.99641E-005 9.99641E-005 0.971549 9.99641E-005 9.99641E-005
0.0288378 9.9991E-005 0.0116246 0.92381 0.0316478 0.00398013
9.99641E-005 0.0694577 9.99641E-005 0.930142 9.99641E-005 9.99641E-005
9.99731E-005 0.0119161 9.99731E-005 0.961905 9.99731E-005 0.0258792
9.99641E-005 9.99641E-005 0.00697008 0.99263 9.99641E-005 9.99641E-005
9.99731E-005 0.0448665 9.99731E-005 0.910897 0.0439363 9.99731E-005
9.99641E-005 0.0179106 9.99641E-005 0.98169 9.99641E-005 9.99641E-005
0.0245506 0.0570335 0.0107941 0.89401 9.9991E-005 0.0135122
0.0254544 9.99641E-005 9.99641E-005 0.974146 9.99641E-005 9.99641E-005
9.9973E-005 9.9973E-005 0.104455 0.872902 0.022343 9.9973E-005
9.99641E-005 0.0283025 9.99641E-005 0.971298 9.99641E-005 9.99641E-005
0.0328492 9.9982E-005 0.0189421 0.928334 0.0196749 9.9982E-005
9.99821E-005 0.632822 0.0676065 0.247686 0.0516855 9.99821E-005
0.0974566 0.390394 0.159819 0.176928 0.174729 0.000672529
0.000143063 0.44831 0.090426 0.357033 0.0655846 0.0385027
0.322936 0.0783483 9.99821E-005 9.99821E-005 0.028625 0.569891
0.307872 9.99731E-005 9.99731E-005 0.00931446 9.99731E-005 0.682514
0.286028 0.0198997 0.0372037 9.9991E-005 0.0176613 0.639107
0.355872 0.0135855 9.9982E-005 9.9982E-005 0.0609998 0.569343
0.277424 0.0245899 9.99731E-005 9.99731E-005 9.99731E-005 0.697686
0.345827 9.99731E-005 9.99731E-005 9.99731E-005 0.0134799 0.640393
0.284828 0.0438846 0.0352183 9.9991E-005 0.0811672 0.554802
9.99641E-005 9.99641E-005 9.99641E-005 9.99641E-005 0.0236908 0.975909
9.996E-005 9.996E-005 9.996E-005 9.996E-005 9.996E-005 0.9995
9.99731E-005 0.0279448 9.99731E-005 9.99731E-005 0.0832406 0.888515
9.99731E-005 9.99731E-005 9.99731E-005 0.497418 0.169861 0.332421
0.486828 0.00567109 0.196365 0.0643388 0.123815 0.122983
0.11886 0.0262318 0.544085 0.2167 0.0770745 0.0170479
9.9991E-005 0.251005 0.50168 0.182027 0.050241 0.0149466
0.153609 0.359159 0.405949 0.0568409 0.0243416 9.9991E-005
9.99642E-005 9.99642E-005 0.32197 0.67763 9.99642E-005 9.99642E-005
0.0166835 0.0248723 9.99821E-005 0.958115 9.99821E-005 0.000129237
9.99641E-005 9.99641E-005 9.99641E-005 0.971296 9.99641E-005 0.0283043
0.017815 0.0108893 0.0307965 0.912848 0.02567 0.00198089
9.996E-005 9.996E-005 9.996E-005 0.9995 9.996E-005 9.996E-005
9.99641E-005 9.99641E-005 0.0677999 0.9318 9.99641E-005 9.99641E-005
9.99731E-005 0.0316044 0.0248124 0.943283 9.99731E-005 9.99731E-005
9.99731E-005 0.0224358 9.99731E-005 0.967505 9.99731E-005 0.00975891
9.996E-005 9.996E-005 9.996E-005 0.9995 9.996E-005 9.996E-005
9.9982E-005 0.0113295 9.9982E-005 0.933926 0.0157434 0.0388014
9.99641E-005 0.0494693 9.99641E-005 0.950131 9.99641E-005 9.99641E-005
0.00344951 9.99731E-005 9.99731E-005 0.984509 9.99731E-005 0.0117414
9.99731E-005 0.0227825 9.99731E-005 0.944077 9.99731E-005 0.032841
9.99731E-005 9.99731E-005 9.99731E-005 0.927771 0.0178699 0.0540591
9.99641E-005 9.99641E-005 9.99641E-005 0.953426 0.0461738 9.99641E-005
9.99821E-005 0.00454887 0.0497979 0.940057 0.00539595 9.99821E-005
0.254178 0.0846468 9.9991E-005 0.0394077 0.329229 0.292438
0.357626 0.0320533 9.9991E-005 0.0376864 0.329907 0.242627
0.345789 0.0625833 9.9991E-005 0.027605 0.339119 0.224804
9.996E-005 9.996E-005 9.996E-005 9.996E-005 9.996E-005 0.9995
9.99641E-005 9.99641E-005 9.99641E-005 9.99641E-005 0.00776616 0.991834
9.996E-005 9.996E-005 9.996E-005 9.996E-005 9.996E-005 0.9995
9.99731E-005 9.99731E-005 0.0379109 9.99731E-005 0.0342875 0.927502
0.0648836 0.311497 0.520242 0.0629491 0.0226557 0.017773
0.0495091 0.305105 0.498237 0.0708242 0.0547784 0.0215467
0.109296 0.313556 0.378866 0.0881957 0.0266723 0.0834146
0.249625 0.0341755 0.0448487 0.0506613 0.367126 0.253564
0.271852 0.00655556 0.0746109 0.0485875 0.369189 0.229205
0.350587 0.0504212 0.0134009 0.112704 0.272349 0.200538
0.241376 0.042614 0.0549444 0.103934 0.349461 0.207671
