9.99551E-005 0.0307072 0.0206033 0.0203813 9.99551E-005 9.99551E-005 9.99551E-005 0.00564346 9.99551E-005 0.917488 0.00467713
9.99191E-005 9.99191E-005 9.99191E-005 0.0114034 9.99191E-005 9.99191E-005 9.99191E-005 9.99191E-005 9.99191E-005 0.987697 9.99191E-005
0.0925394 9.99281E-005 9.99281E-005 0.0307841 9.99281E-005 9.99281E-005 9.99281E-005 9.99281E-005 9.99281E-005 0.875877 9.99281E-005
9.99462E-005 0.126776 0.0783605 9.99462E-005 0.00725553 9.99462E-005 0.0909425 9.99462E-005 9.99462E-005 0.696066 9.99462E-005
0.0234165 9.99371E-005 0.096683 0.0203641 9.99371E-005 9.99371E-005 9.99371E-005 9.99371E-005 9.99371E-005 0.858837 9.99371E-005
9.99101E-005 9.99101E-005 9.99101E-005 9.99101E-005 9.99101E-005 9.99101E-005 9.99101E-005 9.99101E-005 9.99101E-005 0.999001 9.99101E-005
9.99101E-005 9.99101E-005 9.99101E-005 9.99101E-005 9.99101E-005 9.99101E-005 9.99101E-005 9.99101E-005 9.99101E-005 0.999001 9.99101E-005
9.99551E-005 0.00618175 0.0549297 9.99551E-005 9.99551E-005 0.148181 0.0509652 9.99551E-005 9.99551E-005 0.713723 0.0255194
9.99461E-005 0.0559352 9.99461E-005 9.99461E-005 0.041832 9.99461E-005 0.0504659 9.99461E-005 0.0350615 0.816106 9.99461E-005
9.99371E-005 9.99371E-005 9.99371E-005 9.99371E-005 0.0751839 9.99371E-005 0.0603464 9.99371E-005 0.0359102 0.82786 9.99371E-005
9.99282E-005 9.99282E-005 9.99282E-005 9.99282E-005 0.0270949 9.99282E-005 9.99282E-005 9.99282E-005 0.0981723 0.873933 9.99282E-005
0.0306156 9.99641E-005 0.157124 0.064533 9.99641E-005 0.000850321 0.138962 0.00721105 9.99641E-005 0.600304 9.99641E-005
0.0805161 9.99551E-005 0.0465716 9.99551E-005 9.99551E-005 0.119576 0.0632875 9.99551E-005 0.0124831 0.677066 9.99551E-005
0.118382 0.0462028 0.139982 9.99642E-005 0.0311069 9.99642E-005 9.99642E-005 0.0238721 0.0114293 0.628625 9.99642E-005
0.0352279 0.112223 0.115249 9.99731E-005 9.99731E-005 0.181381 0.0807694 9.99731E-005 0.0859417 0.388635 0.000273144
0.22001 0.0502228 0.0256484 0.0070411 9.99731E-005 0.0661977 0.149535 9.99731E-005 0.0147516 0.466294 9.99731E-005
0.0697336 0.075573 0.145611 0.00790994 9.99641E-005 9.99641E-005 0.120514 9.99641E-005 9.99641E-005 0.569981 0.0102784
0.253267 9.9964E-005 0.103604 9.9964E-005 9.9964E-005 9.9964E-005 0.0651652 0.00844839 0.0365347 0.504553 0.0280269
0.0296293 0.0475747 0.0365631 0.52284 9.99551E-005 9.99551E-005 0.272724 9.99551E-005 9.99551E-005 0.0901686 9.99551E-005
9.99372E-005 9.99372E-005 0.00609332 0.0532861 9.99372E-005 9.99372E-005 0.886413 9.99372E-005 9.99372E-005 0.0535081 9.99372E-005
9.99372E-005 9.99372E-005 0.0145228 0.104279 9.99372E-005 9.99372E-005 0.879995 9.99372E-005 9.99372E-005 9.99372E-005 0.00050347
9.99641E-005 9.99641E-005 0.0138047 0.248519 0.0212612 0.0184171 0.638739 9.99641E-005 9.99641E-005 0.0466239 0.0122357
9.99371E-005 9.99371E-005 9.99371E-005 0.0500362 0.00228057 9.99371E-005 0.873513 9.99371E-005 0.0734708 9.99371E-005 9.99371E-005
9.99101E-005 9.99101E-005 9.99101E-005 0.999001 9.99101E-005 9.99101E-005 9.99101E-005 9.99101E-005 9.99101E-005 9.99101E-005 9.99101E-005
9.99101E-005 9.99101E-005 9.99101E-005 0.999001 9.99101E-005 9.99101E-005 9.99101E-005 9.99101E-005 9.99101E-005 9.99101E-005 9.99101E-005
9.99101E-005 9.99101E-005 9.99101E-005 0.999001 9.99101E-005 9.99101E-005 9.99101E-005 9.99101E-005 9.99101E-005 9.99101E-005 9.99101E-005
9.99551E-005 0.0940776 0.0441365 0.0700743 0.0103732 9.99551E-005 0.77228 0.0085587 9.99551E-005 9.99551E-005 9.99551E-005
9.99371E-005 9.99371E-005 9.99371E-005 0.75127 9.99371E-005 9.99371E-005 0.244212 0.000161242 9.99371E-005 0.00365656 9.99371E-005
0.0190921 0.0602659 9.99461E-005 0.0089 9.99461E-005 9.99461E-005 0.900868 9.99461E-005 0.0102743 9.99461E-005 9.99461E-005
9.99101E-005 9.99101E-005 9.99101E-005 0.999001 9.99101E-005 9.99101E-005 9.99101E-005 9.99101E-005 9.99101E-005 9.99101E-005 9.99101E-005
9.99371E-005 9.99371E-005 9.99371E-005 0.166231 9.99371E-005 0.076549 0.692489 9.99371E-005 9.99371E-005 0.0640317 9.99371E-005
9.99191E-005 9.99191E-005 9.99191E-005 0.994541 9.99191E-005 9.99191E-005 9.99191E-005 9.99191E-005 0.00455962 9.99191E-005 9.99191E-005
0.107735 9.99282E-005 9.99282E-005 0.0981951 9.99282E-005 9.99282E-005 0.79327 9.99282E-005 9.99282E-005 9.99282E-005 9.99282E-005
9.99372E-005 9.99372E-005 9.99372E-005 0.249422 0.00813283 9.99372E-005 0.730852 0.0108942 9.99372E-005 9.99372E-005 9.99372E-005
0.0373529 9.99462E-005 9.99462E-005 0.157268 0.0289198 0.0182066 0.757653 9.99462E-005 9.99462E-005 9.99462E-005 9.99462E-005
9.99371E-005 0.00643121 9.99371E-005 0.125115 9.99371E-005 9.99371E-005 0.860066 9.99371E-005 9.99371E-005 0.00768768 9.99371E-005
9.99462E-005 0.0891313 9.99462E-005 0.107801 9.99462E-005 9.99462E-005 0.758585 9.99462E-005 9.99462E-005 0.0365321 0.00735156
0.0582906 9.99551E-005 0.724834 9.99551E-005 0.0432372 0.00656434 0.0881514 9.99551E-005 9.99551E-005 0.0784224 9.99551E-005
9.99102E-005 9.99102E-005 0.999001 9.99102E-005 9.99102E-005 9.99102E-005 9.99102E-005 9.99102E-005 9.99102E-005 9.99102E-005 9.99102E-005
0.106053 9.99552E-005 0.788969 0.024393 0.0255828 9.99552E-005 9.99552E-005 0.0425911 9.99552E-005 0.0119117 9.99552E-005
0.142192 9.99282E-005 0.844672 9.99282E-005 9.99282E-005 9.99282E-005 9.99282E-005 9.99282E-005 9.99282E-005 9.99282E-005 0.0123363
0.199634 9.99461E-005 0.746201 0.0204565 9.99461E-005 9.99461E-005 9.99461E-005 0.0179738 9.99461E-005 9.99461E-005 0.0151354
0.0144758 0.0246714 0.960053 9.99282E-005 9.99282E-005 9.99282E-005 9.99282E-005 9.99282E-005 9.99282E-005 9.99282E-005 9.99282E-005
0.200711 9.99372E-005 0.79364 9.99372E-005 9.99372E-005 9.99372E-005 9.99372E-005 0.00100284 9.99372E-005 9.99372E-005 0.00394624
0.077769 0.0419539 0.803026 0.0176782 9.99641E-005 0.0194747 9.99641E-005 9.99641E-005 9.99641E-005 0.0350644 0.00463418
0.0428324 9.99282E-005 0.941099 0.0152688 9.99282E-005 9.99282E-005 9.99282E-005 9.99282E-005 9.99282E-005 9.99282E-005 9.99282E-005
0.0333002 0.499582 0.0509543 0.0544596 0.0865993 0.170162 9.99641E-005 9.99641E-005 9.99641E-005 0.104542 9.99641E-005
9.99101E-005 9.99101E-005 9.99101E-005 9.99101E-005 9.99101E-005 9.99101E-005 9.99101E-005 9.99101E-005 9.99101E-005 9.99101E-005 0.999001
9.99281E-005 9.99281E-005 0.00695334 9.99281E-005 9.99281E-005 9.99281E-005 9.99281E-005 9.99281E-005 0.973036 9.99281E-005 0.0192117
0.0714619 0.927639 9.99193E-005 9.99193E-005 9.99193E-005 9.99193E-005 9.99193E-005 9.99193E-005 9.99193E-005 9.99193E-005 9.99193E-005
9.9919E-005 0.263752 9.9919E-005 9.9919E-005 9.9919E-005 9.9919E-005 9.9919E-005 9.9919E-005 0.735349 9.9919E-005 9.9919E-005
9.99192E-005 0.981394 9.99192E-005 0.0177072 9.99192E-005 9.99192E-005 9.99192E-005 9.99192E-005 9.99192E-005 9.99192E-005 9.99192E-005
9.99551E-005 0.824221 0.00408702 9.99551E-005 0.013637 0.0115911 0.10038 0.0455847 9.99551E-005 9.99551E-005 9.99551E-005
9.9973E-005 0.728327 0.111671 0.0250783 0.0219157 0.0491288 9.9973E-005 9.9973E-005 0.0132009 0.0438684 0.00651019
9.99283E-005 0.949126 9.99283E-005 9.99283E-005 0.0279767 9.99283E-005 9.99283E-005 9.99283E-005 9.99283E-005 0.0220976 9.99283E-005
9.99193E-005 0.984558 9.99193E-005 9.99193E-005 9.99193E-005 9.99193E-005 9.99193E-005 9.99193E-005 9.99193E-005 0.0145426 9.99193E-005
0.0565191 0.835954 9.99461E-005 0.0508457 0.00801859 9.99461E-005 9.99461E-005 0.0480629 9.99461E-005 9.99461E-005 9.99461E-005
9.99282E-005 0.971448 9.99282E-005 9.99282E-005 9.99282E-005 9.99282E-005 9.99282E-005 9.99282E-005 0.0114227 0.0163304 9.99282E-005
9.99192E-005 0.970224 9.99192E-005 9.99192E-005 0.0288765 9.99192E-005 9.99192E-005 9.99192E-005 9.99192E-005 9.99192E-005 9.99192E-005
9.99192E-005 0.95891 9.99192E-005 9.99192E-005 9.99192E-005 9.99192E-005 0.040191 9.99192E-005 9.99192E-005 9.99192E-005 9.99192E-005
9.99372E-005 9.99372E-005 9.99372E-005 0.0189118 9.99372E-005 0.972663 0.00216997 9.99372E-005 9.99372E-005 0.00555578 9.99372E-005
9.99282E-005 9.99282E-005 9.99282E-005 9.99282E-005 9.99282E-005 0.91169 0.083277 0.0042335 9.99282E-005 9.99282E-005 9.99282E-005
9.99551E-005 0.040166 0.0474826 0.00965405 9.99551E-005 0.878074 9.99551E-005 9.99551E-005 9.99551E-005 0.0124561 0.0116671
9.99372E-005 9.99372E-005 9.99372E-005 9.99372E-005 0.133926 0.484722 9.99372E-005 0.367398 0.0132553 9.99372E-005 9.99372E-005
9.99371E-005 9.99371E-005 9.99371E-005 0.033939 0.306188 0.310514 9.99371E-005 0.348659 9.99371E-005 9.99371E-005 9.99371E-005
9.99283E-005 0.011777 9.99283E-005 9.99283E-005 9.99283E-005 9.99283E-005 9.99283E-005 0.984147 9.99283E-005 9.99283E-005 0.00327625
9.99101E-005 9.99101E-005 9.99101E-005 9.99101E-005 9.99101E-005 9.99101E-005 9.99101E-005 0.999001 9.99101E-005 9.99101E-005 9.99101E-005
9.99372E-005 9.99372E-005 9.99372E-005 9.99372E-005 0.150815 0.421114 0.0210273 0.406344 9.99372E-005 9.99372E-005 9.99372E-005
9.99372E-005 0.0345952 9.99372E-005 9.99372E-005 0.248747 0.314115 9.99372E-005 0.401844 9.99372E-005 9.99372E-005 9.99372E-005
0.0362066 9.99192E-005 9.99192E-005 9.99192E-005 9.99192E-005 9.99192E-005 9.99192E-005 0.962894 9.99192E-005 9.99192E-005 9.99192E-005
9.99101E-005 9.99101E-005 9.99101E-005 9.99101E-005 9.99101E-005 9.99101E-005 9.99101E-005 0.999001 9.99101E-005 9.99101E-005 9.99101E-005
9.99372E-005 9.99372E-005 9.99372E-005 9.99372E-005 0.124211 0.43634 0.0592894 0.379459 9.99372E-005 9.99372E-005 9.99372E-005
9.99192E-005 0.0221697 9.99192E-005 9.99192E-005 9.99192E-005 9.99192E-005 9.99192E-005 0.976931 9.99192E-005 9.99192E-005 9.99192E-005
9.99281E-005 9.99281E-005 9.99281E-005 9.99281E-005 9.99281E-005 0.00564287 9.99281E-005 0.978173 9.99281E-005 9.99281E-005 0.0153843
9.99102E-005 9.99102E-005 9.99102E-005 9.99102E-005 9.99102E-005 9.99102E-005 9.99102E-005 0.999001 9.99102E-005 9.99102E-005 9.99102E-005
9.99282E-005 9.99282E-005 9.99282E-005 9.99282E-005 0.004237 0.0596236 9.99282E-005 0.93534 9.99282E-005 9.99282E-005 9.99282E-005
9.99192E-005 9.99192E-005 9.99192E-005 0.0385842 9.99192E-005 9.99192E-005 9.99192E-005 0.960517 9.99192E-005 9.99192E-005 9.99192E-005
0.0602513 9.99283E-005 0.00268449 9.99283E-005 9.99283E-005 9.99283E-005 0.936265 9.99283E-005 9.99283E-005 9.99283E-005 9.99283E-005
0.0987525 9.99461E-005 0.85452 0.0292151 9.99461E-005 0.00179817 9.99461E-005 9.99461E-005 0.0151145 9.99461E-005 9.99461E-005
9.99282E-005 9.99282E-005 0.944665 0.0504091 9.99282E-005 9.99282E-005 9.99282E-005 9.99282E-005 9.99282E-005 0.00412649 9.99282E-005
9.99282E-005 9.99282E-005 9.99282E-005 0.00502404 0.953303 9.99282E-005 9.99282E-005 0.0408739 9.99282E-005 9.99282E-005 9.99282E-005
9.99282E-005 9.99282E-005 9.99282E-005 9.99282E-005 0.894761 9.99282E-005 9.99282E-005 0.0623521 0.0420879 9.99282E-005 9.99282E-005
9.99193E-005 9.99193E-005 9.99193E-005 9.99193E-005 0.964771 9.99193E-005 9.99193E-005 0.0343301 9.99193E-005 9.99193E-005 9.99193E-005
0.0303627 0.015288 9.99282E-005 9.99282E-005 0.95355 9.99282E-005 9.99282E-005 9.99282E-005 9.99282E-005 9.99282E-005 9.99282E-005
9.99372E-005 0.0400437 9.99372E-005 9.99372E-005 0.930578 0.00122435 9.99372E-005 0.0274541 9.99372E-005 9.99372E-005 9.99372E-005
9.99461E-005 9.99461E-005 9.99461E-005 0.0144475 0.942137 0.0393723 9.99461E-005 0.000678894 0.00276476 9.99461E-005 9.99461E-005
9.99373E-005 9.99373E-005 9.99373E-005 0.0458535 0.926121 9.99373E-005 0.0108659 0.01646 9.99373E-005 9.99373E-005 9.99373E-005
9.99283E-005 0.054397 0.0325619 9.99283E-005 0.912242 9.99283E-005 9.99283E-005 9.99283E-005 9.99283E-005 9.99283E-005 9.99283E-005
9.99462E-005 0.0238769 0.0027118 0.00291851 0.919329 9.99462E-005 0.0505645 9.99462E-005 9.99462E-005 9.99462E-005 9.99462E-005
0.00816825 0.034592 9.99461E-005 9.99461E-005 0.929303 9.99461E-005 9.99461E-005 9.99461E-005 9.99461E-005 0.0179208 0.00941665
0.0369126 9.99193E-005 9.99193E-005 9.99193E-005 0.962188 9.99193E-005 9.99193E-005 9.99193E-005 9.99193E-005 9.99193E-005 9.99193E-005
9.99462E-005 0.0630939 9.99462E-005 9.99462E-005 0.869202 9.99462E-005 9.99462E-005 0.0165895 0.0406073 9.99462E-005 0.00990761
9.99192E-005 0.0577765 9.99192E-005 9.99192E-005 0.941324 9.99192E-005 9.99192E-005 9.99192E-005 9.99192E-005 9.99192E-005 9.99192E-005
9.99192E-005 9.99192E-005 9.99192E-005 9.99192E-005 0.966737 9.99192E-005 9.99192E-005 0.0323638 9.99192E-005 9.99192E-005 9.99192E-005
9.99282E-005 9.99282E-005 9.99282E-005 9.99282E-005 0.927239 0.0611856 9.99282E-005 9.99282E-005 0.0107756 9.99282E-005 9.99282E-005
0.0589296 9.99461E-005 9.99461E-005 0.0113951 0.893965 9.99461E-005 9.99461E-005 9.99461E-005 0.0332143 9.99461E-005 0.00189606
9.99282E-005 9.99282E-005 9.99282E-005 9.99282E-005 0.925728 9.99282E-005 9.99282E-005 0.0563761 0.0170962 9.99282E-005 9.99282E-005
9.99372E-005 9.99372E-005 0.02927 9.99372E-005 0.948548 9.99372E-005 9.99372E-005 9.99372E-005 0.00916648 0.0123163 9.99372E-005
9.99372E-005 0.0269844 9.99372E-005 9.99372E-005 0.957678 0.000728986 9.99372E-005 9.99372E-005 9.99372E-005 9.99372E-005 0.0139086
9.99372E-005 9.99372E-005 9.99372E-005 9.99372E-005 0.863124 9.99372E-005 0.0897133 0.0200218 0.0264412 9.99372E-005 9.99372E-005
9.99282E-005 9.99282E-005 9.99282E-005 9.99282E-005 0.946855 9.99282E-005 0.0254176 9.99282E-005 0.0269284 9.99282E-005 9.99282E-005
0.0454749 9.99462E-005 9.99462E-005 9.99462E-005 0.8752 0.0320349 9.99462E-005 0.0152877 0.0314026 9.99462E-005 9.99462E-005
9.99371E-005 9.99371E-005 9.99371E-005 9.99371E-005 0.925755 9.99371E-005 9.99371E-005 0.00789623 0.0407834 0.0248658 9.99371E-005
9.99551E-005 0.0907476 9.99551E-005 0.0222576 0.846055 0.00122511 9.99551E-005 9.99551E-005 0.0323637 9.99551E-005 0.00685113
9.99192E-005 9.99192E-005 9.99192E-005 9.99192E-005 0.943534 0.0555666 9.99192E-005 9.99192E-005 9.99192E-005 9.99192E-005 9.99192E-005
9.99551E-005 0.0137635 9.99551E-005 0.0178235 0.9066 9.99551E-005 9.99551E-005 9.99551E-005 0.0302696 0.0219061 0.00913787
9.99281E-005 9.99281E-005 9.99281E-005 9.99281E-005 0.144251 0.540227 9.99281E-005 0.314723 9.99281E-005 9.99281E-005 9.99281E-005
9.99461E-005 9.99461E-005 9.99461E-005 9.99461E-005 0.0849458 0.410849 0.253779 0.190344 0.0594836 9.99461E-005 9.99461E-005
0.0107499 9.99462E-005 9.99462E-005 0.0248019 0.31631 0.377782 9.99462E-005 0.269756 9.99462E-005 9.99462E-005 9.99462E-005
0.764033 9.99467E-005 0.04908 9.99467E-005 9.99467E-005 9.99467E-005 0.107035 0.0338936 9.99467E-005 0.0453585 9.99467E-005
0.999001 9.99101E-005 9.99101E-005 9.99101E-005 9.99101E-005 9.99101E-005 9.99101E-005 9.99101E-005 9.99101E-005 9.99101E-005 9.99101E-005
0.980391 0.0187096 9.99192E-005 9.99192E-005 9.99192E-005 9.99192E-005 9.99192E-005 9.99192E-005 9.99192E-005 9.99192E-005 9.99192E-005
0.998 9.99191E-005 9.99191E-005 0.00110031 9.99191E-005 9.99191E-005 9.99191E-005 9.99191E-005 9.99191E-005 9.99191E-005 9.99191E-005
0.933832 9.99192E-005 0.0652687 9.99192E-005 9.99192E-005 9.99192E-005 9.99192E-005 9.99192E-005 9.99192E-005 9.99192E-005 9.99192E-005
0.999001 9.99102E-005 9.99102E-005 9.99102E-005 9.99102E-005 9.99102E-005 9.99102E-005 9.99102E-005 9.99102E-005 9.99102E-005 9.99102E-005
0.54401 0.0086059 0.164057 0.0420721 9.99731E-005 9.99731E-005 0.0998857 0.031018 9.99731E-005 0.085692 0.0243587
9.99282E-005 9.99282E-005 0.980414 9.99282E-005 9.99282E-005 9.99282E-005 9.99282E-005 9.99282E-005 0.0145945 9.99282E-005 0.00419196
9.99102E-005 9.99102E-005 0.999001 9.99102E-005 9.99102E-005 9.99102E-005 9.99102E-005 9.99102E-005 9.99102E-005 9.99102E-005 9.99102E-005
9.99731E-005 9.99731E-005 0.868455 0.068834 0.00279542 0.00469352 0.000468398 0.0297967 9.99731E-005 0.0177906 0.00686655
0.144106 9.99462E-005 0.0173575 0.0154062 0.454863 9.99462E-005 0.367667 9.99462E-005 9.99462E-005 9.99462E-005 9.99462E-005
0.0520005 0.125979 0.0414034 0.0325534 0.0428439 9.9982E-005 0.195385 9.9982E-005 0.0680734 0.435322 0.00623993
0.0082719 9.9937E-005 9.9937E-005 0.00872319 9.9937E-005 9.9937E-005 9.9937E-005 9.9937E-005 0.889968 0.0923374 9.9937E-005
9.99282E-005 0.0463544 9.99282E-005 9.99282E-005 0.0430834 0.909763 9.99282E-005 9.99282E-005 9.99282E-005 9.99282E-005 9.99282E-005
9.99372E-005 0.00517754 9.99372E-005 9.99372E-005 9.99372E-005 0.889548 9.99372E-005 0.033802 9.99372E-005 0.0707727 9.99372E-005
9.99189E-005 9.99189E-005 9.99189E-005 9.99189E-005 0.0999365 9.99189E-005 9.99189E-005 9.99189E-005 0.899164 9.99189E-005 9.99189E-005
0.00227882 0.058099 0.0031162 9.99462E-005 0.932262 9.99462E-005 9.99462E-005 0.00364421 9.99462E-005 9.99462E-005 9.99462E-005
0.00687727 0.00580028 0.0308053 9.99372E-005 0.955818 9.99372E-005 9.99372E-005 9.99372E-005 9.99372E-005 9.99372E-005 9.99372E-005
9.99731E-005 9.99731E-005 0.016443 9.99731E-005 0.849438 0.00418944 0.024042 0.0128483 0.0737228 0.00421971 0.0147967
9.99282E-005 9.99282E-005 0.0118064 9.99282E-005 0.987207 9.99282E-005 9.99282E-005 9.99282E-005 0.000186814 9.99282E-005 9.99282E-005
0.00890889 0.0567951 9.99371E-005 9.99371E-005 0.919005 9.99371E-005 9.99371E-005 9.99371E-005 9.99371E-005 9.99371E-005 0.0145913
9.99462E-005 0.0138946 9.99462E-005 9.99462E-005 0.929178 0.035051 9.99462E-005 0.00591766 0.0153592 9.99462E-005 9.99462E-005
0.0201176 0.0029954 9.99462E-005 0.00628294 0.943589 9.99462E-005 9.99462E-005 0.0264154 9.99462E-005 9.99462E-005 9.99462E-005
9.99104E-005 9.99104E-005 9.99104E-005 9.99104E-005 0.999001 9.99104E-005 9.99104E-005 9.99104E-005 9.99104E-005 9.99104E-005 9.99104E-005
9.99462E-005 9.99462E-005 0.0399771 0.011183 0.922791 9.99462E-005 9.99462E-005 0.00730987 0.018139 9.99462E-005 9.99462E-005
9.99372E-005 0.0123827 9.99372E-005 9.99372E-005 0.908074 9.99372E-005 9.99372E-005 0.0533878 0.0254562 9.99372E-005 9.99372E-005
0.0214229 9.99373E-005 0.004073 9.99373E-005 0.95904 0.0147649 9.99373E-005 9.99373E-005 9.99373E-005 9.99373E-005 9.99373E-005
0.00647847 9.99462E-005 0.00226875 9.99462E-005 0.946304 9.99462E-005 0.0262713 0.0180778 9.99462E-005 9.99462E-005 9.99462E-005
9.99461E-005 9.99461E-005 0.00164268 9.99461E-005 0.895403 9.99461E-005 0.0952436 0.00340315 9.99461E-005 9.99461E-005 0.00370809
9.99462E-005 9.99462E-005 9.99462E-005 0.0195618 0.937773 0.00434866 0.0121085 9.99462E-005 0.0256087 9.99462E-005 9.99462E-005
9.99283E-005 0.0361341 9.99283E-005 9.99283E-005 0.915334 9.99283E-005 9.99283E-005 9.99283E-005 0.0477325 9.99283E-005 9.99283E-005
0.147124 9.99552E-005 9.99552E-005 0.0625561 0.000556144 9.99552E-005 0.645531 0.0791563 9.99552E-005 0.0645771 9.99552E-005
0.0271868 9.99551E-005 0.0178292 0.0354878 9.99551E-005 9.99551E-005 0.8263 0.00273616 9.99551E-005 0.0899603 9.99551E-005
9.99551E-005 9.99551E-005 0.106561 0.0768517 9.99551E-005 9.99551E-005 0.64415 0.0232495 0.00413452 0.144553 9.99551E-005
9.99193E-005 0.00799722 0.991104 9.99193E-005 9.99193E-005 9.99193E-005 9.99193E-005 9.99193E-005 9.99193E-005 9.99193E-005 9.99193E-005
9.99192E-005 9.99192E-005 0.979352 0.0197491 9.99192E-005 9.99192E-005 9.99192E-005 9.99192E-005 9.99192E-005 9.99192E-005 9.99192E-005
9.99283E-005 0.0502769 0.918356 9.99283E-005 9.99283E-005 9.99283E-005 0.0305673 9.99283E-005 9.99283E-005 9.99283E-005 9.99283E-005
0.0487555 9.99371E-005 0.854406 0.0488791 9.99371E-005 0.0472598 9.99371E-005 9.99371E-005 9.99371E-005 9.99371E-005 9.99371E-005
9.99103E-005 9.99103E-005 9.99103E-005 9.99103E-005 9.99103E-005 0.999001 9.99103E-005 9.99103E-005 9.99103E-005 9.99103E-005 9.99103E-005
0.0139462 0.000391579 9.99371E-005 0.00618045 9.99371E-005 0.978782 9.99371E-005 9.99371E-005 9.99371E-005 9.99371E-005 9.99371E-005
0.0439618 9.99372E-005 0.0227263 9.99372E-005 9.99372E-005 0.920318 0.0122941 9.99372E-005 9.99372E-005 9.99372E-005 9.99372E-005
0.0508746 0.0232283 0.0260439 0.0315795 9.99731E-005 0.00300139 0.836232 0.00398266 9.99731E-005 0.0247575 9.99731E-005
9.99282E-005 9.99282E-005 9.99282E-005 9.99282E-005 9.99282E-005 0.0229842 0.962867 9.99282E-005 9.99282E-005 9.99282E-005 0.0133496
0.0535171 0.0194696 0.00524676 0.00809649 0.0664772 0.0216541 0.685814 0.0173243 9.9982E-005 0.1222 9.9982E-005
9.99461E-005 9.99461E-005 9.99461E-005 9.99461E-005 0.0273511 0.0591347 0.885195 9.99461E-005 0.0162689 9.99461E-005 0.011451
