9.99372E-005 9.99372E-005 9.99372E-005 9.99372E-005 0.0311072 9.99372E-005 0.00104958 0.00623921 9.99372E-005 9.99372E-005 0.0159839 0.0493039 0.895617
9.99012E-005 9.99012E-005 9.99012E-005 9.99012E-005 9.99012E-005 9.99012E-005 9.99012E-005 9.99012E-005 9.99012E-005 9.99012E-005 0.0329488 9.99012E-005 0.965952
9.99102E-005 9.99102E-005 9.99102E-005 9.99102E-005 0.0784723 9.99102E-005 9.99102E-005 9.99102E-005 9.99102E-005 9.99102E-005 0.0581153 9.99102E-005 0.862413
0.105661 9.99193E-005 9.99193E-005 9.99193E-005 9.99193E-005 9.99193E-005 9.99193E-005 9.99193E-005 0.0286609 0.268672 9.99193E-005 9.99193E-005 0.596107
9.99192E-005 9.99192E-005 9.99192E-005 9.99192E-005 0.0175331 9.99192E-005 9.99192E-005 9.99192E-005 0.114393 9.99192E-005 0.0311779 9.99192E-005 0.835997
9.98922E-005 9.98922E-005 9.98922E-005 9.98922E-005 9.98922E-005 9.98922E-005 9.98922E-005 9.98922E-005 9.98922E-005 9.98922E-005 9.98922E-005 9.98922E-005 0.998801
9.99101E-005 9.99101E-005 9.99101E-005 9.99101E-005 9.99101E-005 9.99101E-005 9.99101E-005 9.99101E-005 9.99101E-005 9.99101E-005 0.0139296 0.0145149 0.970556
0.0418534 9.99192E-005 9.99192E-005 9.99192E-005 9.99192E-005 9.99192E-005 9.99192E-005 9.99192E-005 0.00140409 0.327089 9.99192E-005 9.99192E-005 0.628754
0.0132618 9.99191E-005 9.99191E-005 0.0503453 9.99191E-005 9.99191E-005 9.99191E-005 9.99191E-005 9.99191E-005 0.233141 9.99191E-005 9.99191E-005 0.702352
9.99102E-005 9.99102E-005 9.99102E-005 0.067428 9.99102E-005 9.99102E-005 9.99102E-005 9.99102E-005 9.99102E-005 0.203404 9.99102E-005 9.99102E-005 0.728169
9.99102E-005 9.99102E-005 9.99102E-005 0.0713672 9.99102E-005 9.99102E-005 9.99102E-005 0.057417 9.99102E-005 9.99102E-005 9.99102E-005 9.99102E-005 0.870217
0.0063662 9.99462E-005 0.00852195 9.99462E-005 9.99462E-005 9.99462E-005 9.99462E-005 9.99462E-005 0.149272 0.0377248 0.0455902 0.199834 0.552091
9.99372E-005 0.0123216 9.99372E-005 9.99372E-005 0.0699015 9.99372E-005 0.0673717 9.99372E-005 0.0042314 9.99372E-005 9.99372E-005 0.183221 0.662253
0.0218762 9.99462E-005 9.99462E-005 0.0560033 0.0767319 0.0153373 9.99462E-005 9.99462E-005 0.11455 0.0756704 9.99462E-005 9.99462E-005 0.639231
0.164103 0.0134886 0.245669 9.99641E-005 0.0284762 0.0267764 0.000651657 0.0796129 0.0555008 9.99641E-005 9.99641E-005 9.99641E-005 0.385321
0.108248 9.99282E-005 0.221374 9.99282E-005 0.182916 9.99282E-005 9.99282E-005 9.99282E-005 0.0289522 9.99282E-005 9.99282E-005 9.99282E-005 0.45771
0.0696592 9.99282E-005 0.243359 9.99282E-005 0.0644003 9.99282E-005 9.99282E-005 9.99282E-005 0.100632 9.99282E-005 9.99282E-005 9.99282E-005 0.52115
9.99371E-005 9.99371E-005 0.214833 9.99371E-005 0.179213 9.99371E-005 9.99371E-005 0.0498484 0.0935169 9.99371E-005 9.99371E-005 0.00179243 0.460097
0.000120564 9.99461E-005 9.99461E-005 0.00491031 0.0443143 9.99461E-005 9.99461E-005 9.99461E-005 0.00308441 9.99461E-005 0.470647 0.450362 0.0259622
9.98922E-005 9.98922E-005 0.998801 9.98922E-005 9.98922E-005 9.98922E-005 9.98922E-005 9.98922E-005 9.98922E-005 9.98922E-005 9.98922E-005 9.98922E-005 9.98922E-005
9.98922E-005 9.98922E-005 9.98922E-005 9.98922E-005 9.98922E-005 9.98922E-005 9.98922E-005 9.98922E-005 9.98922E-005 9.98922E-005 9.98922E-005 0.998801 9.98922E-005
9.99012E-005 9.99012E-005 9.99012E-005 9.99012E-005 9.99012E-005 9.99012E-005 9.99012E-005 9.99012E-005 9.99012E-005 9.99012E-005 0.14175 0.857151 9.99012E-005
9.99101E-005 9.99101E-005 0.960487 9.99101E-005 9.99101E-005 9.99101E-005 9.99101E-005 0.0324863 9.99101E-005 9.99101E-005 9.99101E-005 0.00602764 9.99101E-005
9.9892E-005 9.9892E-005 9.9892E-005 9.9892E-005 9.9892E-005 9.9892E-005 9.9892E-005 9.9892E-005 9.9892E-005 9.9892E-005 0.998801 9.9892E-005 9.9892E-005
9.99011E-005 9.99011E-005 9.99011E-005 9.99011E-005 9.99011E-005 9.99011E-005 9.99011E-005 9.99011E-005 9.99011E-005 9.99011E-005 0.968648 0.0302535 9.99011E-005
9.98922E-005 9.98922E-005 9.98922E-005 9.98922E-005 9.98922E-005 9.98922E-005 9.98922E-005 9.98922E-005 9.98922E-005 9.98922E-005 0.998801 9.98922E-005 9.98922E-005
0.0393597 0.00757324 0.116144 9.99371E-005 9.99371E-005 0.00719586 9.99371E-005 9.99371E-005 9.99371E-005 0.79324 0.035788 9.99371E-005 9.99371E-005
9.99102E-005 9.99102E-005 0.0387849 9.99102E-005 9.99102E-005 9.99102E-005 9.99102E-005 9.99102E-005 9.99102E-005 9.99102E-005 0.738535 0.221681 9.99102E-005
9.99012E-005 9.99012E-005 0.133831 9.99012E-005 9.99012E-005 9.99012E-005 9.99012E-005 9.99012E-005 9.99012E-005 9.99012E-005 9.99012E-005 0.865071 9.99012E-005
9.98922E-005 9.98922E-005 9.98922E-005 9.98922E-005 9.98922E-005 9.98922E-005 9.98922E-005 9.98922E-005 9.98922E-005 9.98922E-005 0.998801 9.98922E-005 9.98922E-005
9.99281E-005 9.99281E-005 9.99281E-005 9.99281E-005 9.99281E-005 9.99281E-005 0.0324127 9.99281E-005 9.99281E-005 0.293278 0.115929 0.549044 0.00853797
9.99012E-005 9.99012E-005 9.99012E-005 9.99012E-005 9.99012E-005 9.99012E-005 9.99012E-005 9.99012E-005 9.99012E-005 9.99012E-005 0.994383 0.00451838 9.99012E-005
9.99281E-005 9.99281E-005 0.627938 9.99281E-005 0.0685042 9.99281E-005 9.99281E-005 9.99281E-005 9.99281E-005 0.155663 0.0596103 0.0874848 9.99281E-005
9.99011E-005 9.99011E-005 0.812725 9.99011E-005 9.99011E-005 9.99011E-005 9.99011E-005 9.99011E-005 9.99011E-005 9.99011E-005 0.186176 9.99011E-005 9.99011E-005
9.99461E-005 9.99461E-005 0.120248 0.0502926 0.0120717 9.99461E-005 9.99461E-005 9.99461E-005 0.000910542 0.330968 0.138298 0.346611 9.99461E-005
9.99101E-005 9.99101E-005 0.010317 9.99101E-005 9.99101E-005 9.99101E-005 9.99101E-005 9.99101E-005 9.99101E-005 9.99101E-005 0.0364253 0.952259 9.99101E-005
0.0165596 9.99102E-005 9.99102E-005 9.99102E-005 9.99102E-005 9.99102E-005 9.99102E-005 9.99102E-005 9.99102E-005 0.917506 0.0649358 9.99102E-005 9.99102E-005
9.99462E-005 0.00527021 0.13726 0.0201933 0.058644 9.99462E-005 0.0307359 9.99462E-005 0.68319 9.99462E-005 9.99462E-005 9.99462E-005 0.0641071
9.99102E-005 9.99102E-005 9.99102E-005 9.99102E-005 9.99102E-005 9.99102E-005 9.99102E-005 0.0134834 0.975609 9.99102E-005 0.00990855 9.99102E-005 9.99102E-005
9.99372E-005 9.99372E-005 9.99372E-005 0.0329844 0.0864811 0.0170126 9.99372E-005 9.99372E-005 0.737004 9.99372E-005 0.0071389 0.118679 9.99372E-005
9.99193E-005 9.99193E-005 9.99193E-005 9.99193E-005 0.0811813 9.99193E-005 9.99193E-005 0.0107448 0.830663 0.0765113 9.99193E-005 9.99193E-005 9.99193E-005
9.99282E-005 9.99282E-005 0.121947 9.99282E-005 0.128585 0.00385611 9.99282E-005 9.99282E-005 0.733261 9.99282E-005 0.0115517 9.99282E-005 9.99282E-005
9.99012E-005 9.99012E-005 9.99012E-005 9.99012E-005 9.99012E-005 9.99012E-005 9.99012E-005 9.99012E-005 0.882435 0.116466 9.99012E-005 9.99012E-005 9.99012E-005
9.99102E-005 9.99102E-005 0.116847 9.99102E-005 0.129477 9.99102E-005 9.99102E-005 9.99102E-005 0.752677 9.99102E-005 9.99102E-005 9.99102E-005 9.99102E-005
0.0346538 9.99282E-005 9.99282E-005 9.99282E-005 0.0514728 9.99282E-005 9.99282E-005 9.99282E-005 0.767084 0.124458 0.0215323 9.99282E-005 9.99282E-005
9.99192E-005 9.99192E-005 0.0087122 9.99192E-005 0.0234675 9.99192E-005 9.99192E-005 9.99192E-005 0.939992 9.99192E-005 0.0269293 9.99192E-005 9.99192E-005
0.605882 0.10823 9.99551E-005 9.99551E-005 0.0356093 9.99551E-005 0.000191095 9.99551E-005 0.0356867 0.101013 0.0409136 9.99551E-005 0.071975
9.98929E-005 9.98929E-005 9.98929E-005 9.98929E-005 9.98929E-005 9.98929E-005 9.98929E-005 0.998801 9.98929E-005 9.98929E-005 9.98929E-005 9.98929E-005 9.98929E-005
9.99097E-005 9.99097E-005 9.99097E-005 0.0521248 9.99097E-005 9.99097E-005 9.99097E-005 0.901714 0.0451625 9.99097E-005 9.99097E-005 9.99097E-005 9.99097E-005
0.937197 9.99104E-005 9.99104E-005 9.99104E-005 0.0616815 0.000122021 9.99104E-005 9.99104E-005 9.99104E-005 9.99104E-005 9.99104E-005 9.99104E-005 9.99104E-005
0.328351 0.153499 9.99098E-005 9.99098E-005 9.99098E-005 9.99098E-005 9.99098E-005 0.517151 9.99098E-005 9.99098E-005 9.99098E-005 9.99098E-005 9.99098E-005
0.963349 9.99013E-005 9.99013E-005 9.99013E-005 9.99013E-005 9.99013E-005 9.99013E-005 9.99013E-005 9.99013E-005 9.99013E-005 0.0355518 9.99013E-005 9.99013E-005
0.759722 0.0232782 9.99282E-005 0.0187154 9.99282E-005 0.0332911 9.99282E-005 9.99282E-005 9.99282E-005 9.99282E-005 9.99282E-005 0.164194 9.99282E-005
0.710111 0.0279484 9.99551E-005 9.99551E-005 9.99551E-005 9.99551E-005 0.0499776 0.0036271 0.0951784 9.99551E-005 0.0164495 0.0133308 0.0828776
0.936519 0.0337914 9.99193E-005 9.99193E-005 9.99193E-005 9.99193E-005 9.99193E-005 9.99193E-005 9.99193E-005 9.99193E-005 9.99193E-005 0.0153078 0.013482
0.953057 9.99013E-005 9.99013E-005 9.99013E-005 9.99013E-005 9.99013E-005 9.99013E-005 9.99013E-005 9.99013E-005 9.99013E-005 9.99013E-005 9.99013E-005 0.0458445
0.803226 0.0266271 9.99371E-005 9.99371E-005 0.0840505 0.0359083 0.000644161 9.99371E-005 9.99371E-005 9.99371E-005 0.0488447 9.99371E-005 9.99371E-005
0.948554 9.99013E-005 9.99013E-005 9.99013E-005 9.99013E-005 9.99013E-005 9.99013E-005 9.99013E-005 9.99013E-005 9.99013E-005 9.99013E-005 9.99013E-005 0.0503469
0.947332 9.99012E-005 9.99012E-005 0.0515694 9.99012E-005 9.99012E-005 9.99012E-005 9.99012E-005 9.99012E-005 9.99012E-005 9.99012E-005 9.99012E-005 9.99012E-005
0.888448 9.99102E-005 9.99102E-005 0.0144756 9.99102E-005 9.99102E-005 9.99102E-005 9.99102E-005 9.99102E-005 0.0960776 9.99102E-005 9.99102E-005 9.99102E-005
0.113295 9.99372E-005 0.0259439 9.99372E-005 9.99372E-005 9.99372E-005 0.729976 9.99372E-005 9.99372E-005 9.99372E-005 0.0140866 0.0660862 0.0499131
0.0767168 9.99461E-005 0.09691 9.99461E-005 0.00989227 9.99461E-005 0.689349 0.0208203 9.99461E-005 9.99461E-005 9.99461E-005 0.0611818 0.0445302
0.153164 9.99462E-005 0.00684879 9.99462E-005 0.00318123 9.99462E-005 0.689851 9.99462E-005 0.0714451 9.99462E-005 0.0089844 9.99462E-005 0.0659262
9.99012E-005 9.99012E-005 9.99012E-005 9.99012E-005 9.99012E-005 0.0779065 0.920995 9.99012E-005 9.99012E-005 9.99012E-005 9.99012E-005 9.99012E-005 9.99012E-005
9.99281E-005 0.238871 9.99281E-005 9.99281E-005 9.99281E-005 0.189555 0.546437 9.99281E-005 9.99281E-005 0.0167192 0.00761954 9.99281E-005 9.99281E-005
0.0176795 0.000785258 9.99193E-005 9.99193E-005 9.99193E-005 0.978536 9.99193E-005 9.99193E-005 0.00210041 9.99193E-005 9.99193E-005 9.99193E-005 9.99193E-005
9.98922E-005 9.98922E-005 9.98922E-005 9.98922E-005 9.98922E-005 0.998801 9.98922E-005 9.98922E-005 9.98922E-005 9.98922E-005 9.98922E-005 9.98922E-005 9.98922E-005
9.99192E-005 9.99192E-005 9.99192E-005 0.0744469 9.99192E-005 0.234436 0.623787 9.99192E-005 9.99192E-005 9.99192E-005 9.99192E-005 0.0664307 9.99192E-005
9.99191E-005 0.0333429 9.99191E-005 0.106084 9.99191E-005 0.198107 0.661566 9.99191E-005 9.99191E-005 9.99191E-005 9.99191E-005 9.99191E-005 9.99191E-005
9.99102E-005 9.99102E-005 0.0667431 9.99102E-005 0.0175921 0.914666 9.99102E-005 9.99102E-005 9.99102E-005 9.99102E-005 9.99102E-005 9.99102E-005 9.99102E-005
9.98923E-005 9.98923E-005 9.98923E-005 9.98923E-005 9.98923E-005 0.998801 9.98923E-005 9.98923E-005 9.98923E-005 9.98923E-005 9.98923E-005 9.98923E-005 9.98923E-005
9.99102E-005 9.99102E-005 0.0556312 9.99102E-005 9.99102E-005 0.0922017 0.851168 9.99102E-005 9.99102E-005 9.99102E-005 9.99102E-005 9.99102E-005 9.99102E-005
0.0215925 9.99193E-005 9.99193E-005 9.99193E-005 9.99193E-005 0.963596 9.99193E-005 9.99193E-005 0.0126258 9.99193E-005 0.00128663 9.99193E-005 9.99193E-005
9.99102E-005 9.99102E-005 9.99102E-005 9.99102E-005 9.99102E-005 0.970766 0.026542 0.00169333 9.99102E-005 9.99102E-005 9.99102E-005 9.99102E-005 9.99102E-005
9.98923E-005 9.98923E-005 9.98923E-005 9.98923E-005 9.98923E-005 0.998801 9.98923E-005 9.98923E-005 9.98923E-005 9.98923E-005 9.98923E-005 9.98923E-005 9.98923E-005
9.99012E-005 9.99012E-005 9.99012E-005 9.99012E-005 9.99012E-005 0.883205 0.115696 9.99012E-005 9.99012E-005 9.99012E-005 9.99012E-005 9.99012E-005 9.99012E-005
9.99102E-005 0.0116472 9.99102E-005 9.99102E-005 9.99102E-005 0.956035 9.99102E-005 9.99102E-005 9.99102E-005 9.99102E-005 0.0313186 9.99102E-005 9.99102E-005
9.99103E-005 9.99103E-005 9.99103E-005 9.99103E-005 0.0471065 9.99103E-005 9.99103E-005 9.99103E-005 9.99103E-005 0.712564 9.99103E-005 0.23933 9.99103E-005
9.99461E-005 9.99461E-005 9.99461E-005 0.000882535 0.0679924 9.99461E-005 9.99461E-005 0.00118996 0.79163 0.0947046 0.0255023 9.99461E-005 0.0174982
9.99192E-005 9.99192E-005 0.00172221 9.99192E-005 9.99192E-005 9.99192E-005 9.99192E-005 9.99192E-005 0.918413 9.99192E-005 0.0687899 9.99192E-005 0.0101756
9.99103E-005 0.983648 9.99103E-005 9.99103E-005 9.99103E-005 0.00909293 9.99103E-005 9.99103E-005 9.99103E-005 9.99103E-005 0.00625962 9.99103E-005 9.99103E-005
9.99014E-005 0.971114 9.99014E-005 9.99014E-005 9.99014E-005 0.0277867 9.99014E-005 9.99014E-005 9.99014E-005 9.99014E-005 9.99014E-005 9.99014E-005 9.99014E-005
9.99103E-005 0.97781 9.99103E-005 0.0150456 9.99103E-005 0.00614566 9.99103E-005 9.99103E-005 9.99103E-005 9.99103E-005 9.99103E-005 9.99103E-005 9.99103E-005
0.0152079 0.060522 9.99102E-005 0.923271 9.99102E-005 9.99102E-005 9.99102E-005 9.99102E-005 9.99102E-005 9.99102E-005 9.99102E-005 9.99102E-005 9.99102E-005
0.0420358 0.869408 9.99193E-005 0.0748906 9.99193E-005 9.99193E-005 9.99193E-005 9.99193E-005 9.99193E-005 9.99193E-005 9.99193E-005 0.0127661 9.99193E-005
9.99281E-005 0.770283 9.99281E-005 0.158642 9.99281E-005 9.99281E-005 0.0451056 9.99281E-005 9.99281E-005 9.99281E-005 0.0236756 0.00149428 9.99281E-005
9.99283E-005 0.703126 0.0448506 0.209563 9.99283E-005 9.99283E-005 0.0170509 9.99283E-005 9.99283E-005 9.99283E-005 0.02461 9.99283E-005 9.99283E-005
0.0765724 0.505734 9.99193E-005 0.409725 9.99193E-005 0.00706976 9.99193E-005 9.99193E-005 9.99193E-005 9.99193E-005 9.99193E-005 9.99193E-005 9.99193E-005
9.99102E-005 0.826777 0.11189 0.0603339 9.99102E-005 9.99102E-005 9.99102E-005 9.99102E-005 9.99102E-005 9.99102E-005 9.99102E-005 9.99102E-005 9.99102E-005
0.0209781 0.0981852 9.99191E-005 0.863418 9.99191E-005 9.99191E-005 9.99191E-005 9.99191E-005 9.99191E-005 9.99191E-005 9.99191E-005 9.99191E-005 0.016519
9.98923E-005 9.98923E-005 9.98923E-005 0.998801 9.98923E-005 9.98923E-005 9.98923E-005 9.98923E-005 9.98923E-005 9.98923E-005 9.98923E-005 9.98923E-005 9.98923E-005
0.0555515 0.743965 9.99372E-005 0.13004 9.99372E-005 0.00949125 9.99372E-005 0.0491859 9.99372E-005 0.0110662 9.99372E-005 9.99372E-005 9.99372E-005
0.0444644 0.947803 9.99103E-005 9.99103E-005 9.99103E-005 9.99103E-005 9.99103E-005 9.99103E-005 9.99103E-005 9.99103E-005 9.99103E-005 9.99103E-005 0.00673349
9.99102E-005 0.767216 9.99102E-005 0.21052 9.99102E-005 0.0212649 9.99102E-005 9.99102E-005 9.99102E-005 9.99102E-005 9.99102E-005 9.99102E-005 9.99102E-005
9.99192E-005 0.545099 9.99192E-005 0.402757 9.99192E-005 9.99192E-005 0.04519 9.99192E-005 9.99192E-005 9.99192E-005 9.99192E-005 0.00605537 9.99192E-005
9.99371E-005 0.461566 9.99371E-005 0.444473 0.0369246 9.99371E-005 9.99371E-005 0.0225331 9.99371E-005 9.99371E-005 0.0128241 0.0209798 9.99371E-005
9.99013E-005 0.960277 9.99013E-005 9.99013E-005 9.99013E-005 0.0386242 9.99013E-005 9.99013E-005 9.99013E-005 9.99013E-005 9.99013E-005 9.99013E-005 9.99013E-005
9.99103E-005 0.899342 0.0809986 0.0186599 9.99103E-005 9.99103E-005 9.99103E-005 9.99103E-005 9.99103E-005 9.99103E-005 9.99103E-005 9.99103E-005 9.99103E-005
0.0189848 0.84513 9.99193E-005 0.131258 9.99193E-005 9.99193E-005 9.99193E-005 9.99193E-005 9.99193E-005 9.99193E-005 9.99193E-005 0.00372799 9.99193E-005
9.99102E-005 0.517902 9.99102E-005 0.368997 9.99102E-005 9.99102E-005 9.99102E-005 9.99102E-005 9.99102E-005 0.112102 9.99102E-005 9.99102E-005 9.99102E-005
9.99102E-005 0.776385 9.99102E-005 0.166588 9.99102E-005 9.99102E-005 9.99102E-005 9.99102E-005 9.99102E-005 0.0560277 9.99102E-005 9.99102E-005 9.99102E-005
9.99372E-005 0.488096 0.00271639 0.415598 0.0273432 0.0319776 9.99372E-005 9.99372E-005 9.99372E-005 9.99372E-005 9.99372E-005 0.0335689 9.99372E-005
9.99192E-005 0.844561 0.0259066 0.0964659 9.99192E-005 9.99192E-005 9.99192E-005 9.99192E-005 9.99192E-005 9.99192E-005 9.99192E-005 9.99192E-005 0.0321667
0.0748133 0.876594 9.99192E-005 9.99192E-005 9.99192E-005 9.99192E-005 9.99192E-005 9.99192E-005 9.99192E-005 0.043292 0.00440146 9.99192E-005 9.99192E-005
9.99198E-005 0.828133 9.99198E-005 0.146806 9.99198E-005 9.99198E-005 0.0116073 9.99198E-005 9.99198E-005 0.0125545 9.99198E-005 9.99198E-005 9.99198E-005
0.0136392 0.704115 9.99371E-005 0.219995 9.99371E-005 9.99371E-005 9.99371E-005 0.00414962 9.99371E-005 9.99371E-005 0.0160089 0.0413927 9.99371E-005
9.99101E-005 9.99101E-005 9.99101E-005 0.00249982 9.99101E-005 0.104972 0.891529 9.99101E-005 9.99101E-005 9.99101E-005 9.99101E-005 9.99101E-005 9.99101E-005
9.99281E-005 0.0472659 9.99281E-005 9.99281E-005 9.99281E-005 0.0291588 0.658648 9.99281E-005 9.99281E-005 0.0684571 9.99281E-005 0.195671 9.99281E-005
9.99372E-005 0.13117 9.99372E-005 0.0827131 9.99372E-005 0.0691194 0.695485 9.99372E-005 0.000892396 9.99372E-005 0.0199205 9.99372E-005 9.99372E-005
9.99372E-005 9.99372E-005 0.147715 9.99372E-005 0.714368 0.0267798 9.99372E-005 9.99372E-005 0.0347129 9.99372E-005 9.99372E-005 0.0580031 0.0177218
9.98919E-005 9.98919E-005 9.98919E-005 9.98919E-005 0.998801 9.98919E-005 9.98919E-005 9.98919E-005 9.98919E-005 9.98919E-005 9.98919E-005 9.98919E-005 9.98919E-005
0.00788453 9.99103E-005 9.99103E-005 9.99103E-005 0.942628 9.99103E-005 9.99103E-005 9.99103E-005 9.99103E-005 0.0484886 9.99103E-005 9.99103E-005 9.99103E-005
9.99101E-005 9.99101E-005 0.0275597 9.99101E-005 0.970872 9.99101E-005 9.99101E-005 9.99101E-005 9.99101E-005 9.99101E-005 0.000569018 9.99101E-005 9.99101E-005
9.99013E-005 9.99013E-005 9.99013E-005 9.99013E-005 0.937232 9.99013E-005 9.99013E-005 9.99013E-005 0.0616695 9.99013E-005 9.99013E-005 9.99013E-005 9.99013E-005
9.98922E-005 9.98922E-005 9.98922E-005 9.98922E-005 0.998801 9.98922E-005 9.98922E-005 9.98922E-005 9.98922E-005 9.98922E-005 9.98922E-005 9.98922E-005 9.98922E-005
0.036455 9.99641E-005 0.0865981 9.99641E-005 0.521254 0.0116679 9.99641E-005 0.00671374 0.162054 0.101055 0.0447385 9.99641E-005 0.0290638
9.99102E-005 9.99102E-005 9.99102E-005 9.99102E-005 9.99102E-005 9.99102E-005 9.99102E-005 0.000433754 0.931697 9.99102E-005 9.99102E-005 0.0668701 9.99102E-005
9.98923E-005 9.98923E-005 9.98923E-005 9.98923E-005 9.98923E-005 9.98923E-005 9.98923E-005 9.98923E-005 0.998801 9.98923E-005 9.98923E-005 9.98923E-005 9.98923E-005
9.99372E-005 0.0047047 9.99372E-005 9.99372E-005 9.99372E-005 0.0235174 9.99372E-005 9.99372E-005 0.800645 9.99372E-005 0.0566825 0.102551 0.0111998
9.99282E-005 0.324034 0.474438 0.0920785 0.104889 9.99282E-005 9.99282E-005 9.99282E-005 0.00376214 9.99282E-005 9.99282E-005 9.99282E-005 9.99282E-005
0.12459 9.9955E-005 0.269534 0.0322301 0.0569786 9.9955E-005 9.9955E-005 0.0700651 9.9955E-005 0.0770182 0.0133871 9.9955E-005 0.355697
9.995E-005 0.0793958 0.0114573 9.995E-005 0.0323697 0.0611314 9.995E-005 0.691146 0.00703566 9.995E-005 0.0220574 9.995E-005 0.0949067
0.242752 9.99282E-005 0.00560961 0.0584915 9.99282E-005 9.99282E-005 0.659373 9.99282E-005 9.99282E-005 9.99282E-005 0.0329746 9.99282E-005 9.99282E-005
0.202305 9.99102E-005 9.99102E-005 9.99102E-005 9.99102E-005 9.99102E-005 0.674526 9.99102E-005 9.99102E-005 9.99102E-005 9.99102E-005 9.99102E-005 0.12217
9.99095E-005 0.308434 9.99095E-005 0.0422023 9.99095E-005 9.99095E-005 9.99095E-005 0.648364 9.99095E-005 9.99095E-005 9.99095E-005 9.99095E-005 9.99095E-005
9.99193E-005 0.821623 9.99193E-005 0.129855 0.0246704 9.99193E-005 9.99193E-005 9.99193E-005 9.99193E-005 9.99193E-005 9.99193E-005 0.0229521 9.99193E-005
9.98924E-005 9.98924E-005 9.98924E-005 0.998801 9.98924E-005 9.98924E-005 9.98924E-005 9.98924E-005 9.98924E-005 9.98924E-005 9.98924E-005 9.98924E-005 9.98924E-005
9.99461E-005 0.51291 9.99461E-005 0.375939 9.99461E-005 9.99461E-005 0.0245938 0.0413529 9.99461E-005 0.0249894 0.00097136 9.99461E-005 0.0186441
9.9892E-005 9.9892E-005 9.9892E-005 0.998801 9.9892E-005 9.9892E-005 9.9892E-005 9.9892E-005 9.9892E-005 9.9892E-005 9.9892E-005 9.9892E-005 9.9892E-005
0.042297 0.517137 9.99191E-005 0.427988 9.99191E-005 9.99191E-005 9.99191E-005 9.99191E-005 9.99191E-005 9.99191E-005 9.99191E-005 0.0116786 9.99191E-005
0.0247499 0.765914 9.99282E-005 0.176819 9.99282E-005 9.99282E-005 0.0288247 0.00289282 9.99282E-005 9.99282E-005 9.99282E-005 9.99282E-005 9.99282E-005
9.99192E-005 0.942836 9.99192E-005 9.99192E-005 0.0302322 0.00308016 9.99192E-005 9.99192E-005 9.99192E-005 0.0229523 9.99192E-005 9.99192E-005 9.99192E-005
9.98921E-005 9.98921E-005 9.98921E-005 0.998801 9.98921E-005 9.98921E-005 9.98921E-005 9.98921E-005 9.98921E-005 9.98921E-005 9.98921E-005 9.98921E-005 9.98921E-005
9.99103E-005 0.922644 0.0437946 9.99103E-005 9.99103E-005 9.99103E-005 9.99103E-005 9.99103E-005 0.0325625 9.99103E-005 9.99103E-005 9.99103E-005 9.99103E-005
9.99372E-005 0.935904 9.99372E-005 0.0212331 9.99372E-005 0.017199 0.00635695 9.99372E-005 0.00812536 9.99372E-005 0.0104819 9.99372E-005 9.99372E-005
9.99103E-005 0.552463 0.0300927 0.416445 9.99103E-005 9.99103E-005 9.99103E-005 9.99103E-005 9.99103E-005 9.99103E-005 9.99103E-005 9.99103E-005 9.99103E-005
9.99192E-005 0.491945 9.99192E-005 0.453323 9.99192E-005 0.0232174 9.99192E-005 9.99192E-005 9.99192E-005 9.99192E-005 9.99192E-005 0.0306148 9.99192E-005
9.99282E-005 0.37823 0.0471703 0.538037 9.99282E-005 9.99282E-005 9.99282E-005 9.99282E-005 9.99282E-005 0.0195585 9.99282E-005 0.0162052 9.99282E-005
9.99103E-005 0.927381 0.0646566 9.99103E-005 9.99103E-005 9.99103E-005 9.99103E-005 9.99103E-005 9.99103E-005 9.99103E-005 0.00696344 9.99103E-005 9.99103E-005
0.0309143 0.460035 0.0581166 0.442926 9.99282E-005 9.99282E-005 9.99282E-005 0.00720878 9.99282E-005 9.99282E-005 9.99282E-005 9.99282E-005 9.99282E-005
9.99462E-005 9.99462E-005 0.795474 9.99462E-005 0.117819 0.0245404 9.99462E-005 9.99462E-005 9.99462E-005 0.0144948 0.0146656 0.0070132 0.0253933
9.98922E-005 9.98922E-005 9.98922E-005 9.98922E-005 9.98922E-005 9.98922E-005 9.98922E-005 9.98922E-005 9.98922E-005 0.998801 9.98922E-005 9.98922E-005 9.98922E-005
9.99102E-005 9.99102E-005 9.99102E-005 9.99102E-005 9.99102E-005 9.99102E-005 9.99102E-005 9.99102E-005 9.99102E-005 0.95336 0.0275348 9.99102E-005 0.0181064
9.99103E-005 0.000487168 9.99103E-005 9.99103E-005 9.99103E-005 9.99103E-005 9.99103E-005 9.99103E-005 0.948822 9.99103E-005 9.99103E-005 0.0496919 9.99103E-005
0.0078388 9.99103E-005 9.99103E-005 9.99103E-005 9.99103E-005 9.99103E-005 9.99103E-005 9.99103E-005 0.95876 9.99103E-005 0.0324026 9.99103E-005 9.99103E-005
0.0249548 9.99103E-005 9.99103E-005 9.99103E-005 9.99103E-005 9.99103E-005 9.99103E-005 9.99103E-005 0.815891 9.99103E-005 9.99103E-005 0.158155 9.99103E-005
0.0294431 9.99282E-005 9.99282E-005 9.99282E-005 0.0134649 9.99282E-005 9.99282E-005 9.99282E-005 0.83163 9.99282E-005 0.0377449 0.0869176 9.99282E-005
0.147357 9.99192E-005 9.99192E-005 9.99192E-005 9.99192E-005 9.99192E-005 0.690382 9.99192E-005 9.99192E-005 9.99192E-005 9.99192E-005 0.155037 0.00632516
0.206914 9.99551E-005 9.99551E-005 9.99551E-005 0.0190486 9.99551E-005 0.688126 9.99551E-005 0.00102792 0.0184673 0.0127435 0.00489214 0.048281
0.0600882 9.99462E-005 9.99462E-005 9.99462E-005 0.0093908 9.99462E-005 0.737975 9.99462E-005 0.0525375 0.0613398 9.99462E-005 0.0187633 0.059306
9.99282E-005 9.99282E-005 0.759396 9.99282E-005 0.0507855 9.99282E-005 9.99282E-005 9.99282E-005 9.99282E-005 0.0879991 0.00304124 0.097979 9.99282E-005
9.98922E-005 9.98922E-005 9.98922E-005 9.98922E-005 9.98922E-005 9.98922E-005 9.98922E-005 9.98922E-005 9.98922E-005 0.998801 9.98922E-005 9.98922E-005 9.98922E-005
0.044394 0.00795842 0.905884 9.99192E-005 9.99192E-005 9.99192E-005 9.99192E-005 9.99192E-005 9.99192E-005 9.99192E-005 9.99192E-005 9.99192E-005 0.0408644
9.99012E-005 0.0302917 9.99012E-005 9.99012E-005 9.99012E-005 9.99012E-005 9.99012E-005 9.99012E-005 9.99012E-005 9.99012E-005 9.99012E-005 0.968609 9.99012E-005
