9.99641E-005 9.99641E-005 0.0691998 9.99641E-005 0.0302501 0.89633 9.99641E-005 0.00382022
9.99461E-005 9.99461E-005 9.99461E-005 9.99461E-005 0.0220496 0.977351 9.99461E-005 9.99461E-005
9.99551E-005 9.99551E-005 0.0868129 9.99551E-005 0.0362053 0.876482 9.99551E-005 9.99551E-005
0.137266 0.0424608 9.99821E-005 0.00334705 9.99821E-005 0.716648 0.020359 0.0797196
9.99641E-005 9.99641E-005 0.0276942 9.99641E-005 0.0209801 0.850511 9.99641E-005 0.100415
9.994E-005 9.994E-005 9.994E-005 9.994E-005 9.994E-005 0.9993 9.994E-005 9.994E-005
9.99461E-005 9.99461E-005 9.99461E-005 9.99461E-005 0.00850596 0.990894 9.99461E-005 9.99461E-005
0.0900632 0.0888588 9.99731E-005 9.99731E-005 9.99731E-005 0.759641 0.0156522 0.0454849
0.0209186 0.0274681 9.9964E-005 0.084111 9.9964E-005 0.867102 9.9964E-005 9.9964E-005
0.0567142 9.99551E-005 9.99551E-005 0.0928681 9.99551E-005 0.849918 9.99551E-005 9.99551E-005
9.99462E-005 9.99462E-005 9.99462E-005 0.0809318 9.99462E-005 0.918468 9.99462E-005 9.99462E-005
0.16455 9.99821E-005 0.0754337 9.99821E-005 0.0523191 0.575213 0.00127378 0.131011
0.0829 0.0433903 0.14695 0.00610557 9.9991E-005 0.644198 0.031286 0.0450703
9.99731E-005 0.0182093 0.165439 0.0508461 9.99731E-005 0.651241 9.99731E-005 0.113965
0.127092 0.262585 0.0479234 0.0152336 9.9991E-005 0.386769 0.0589075 0.101389
0.143251 0.0723867 0.228566 9.9982E-005 9.9982E-005 0.482372 0.0215562 0.0516674
0.0975369 0.0497256 0.125004 9.9982E-005 0.0218437 0.54798 9.9982E-005 0.15771
0.103434 0.0564185 0.267882 9.9973E-005 9.9973E-005 0.504553 9.9973E-005 0.0674126
0.251256 9.997E-005 0.10173 9.997E-005 0.552015 0.0690626 9.997E-005 0.0256366
0.885986 9.99641E-005 9.99641E-005 9.99641E-005 0.055877 0.0386017 9.99641E-005 0.0191358
0.885479 9.99461E-005 9.99461E-005 9.99461E-005 0.113922 9.99461E-005 9.99461E-005 9.99461E-005
0.612222 9.99731E-005 9.99731E-005 0.031511 0.26933 0.0575043 9.99731E-005 0.0291328
0.89475 9.99551E-005 9.99551E-005 0.0482148 0.0565351 9.99551E-005 9.99551E-005 9.99551E-005
9.994E-005 9.994E-005 9.994E-005 9.994E-005 0.9993 9.994E-005 9.994E-005 9.994E-005
9.994E-005 9.994E-005 9.994E-005 9.994E-005 0.9993 9.994E-005 9.994E-005 9.994E-005
9.994E-005 9.994E-005 9.994E-005 9.994E-005 0.9993 9.994E-005 9.994E-005 9.994E-005
0.708154 9.9991E-005 0.00273881 0.043483 0.107987 0.01497 0.0171792 0.105387
0.191204 9.99641E-005 9.99641E-005 9.99641E-005 0.786478 0.00642808 0.0154895 9.99641E-005
0.901591 0.0291966 0.00884421 9.99641E-005 0.0599686 9.99641E-005 9.99641E-005 9.99641E-005
9.994E-005 9.994E-005 9.994E-005 9.994E-005 0.9993 9.994E-005 9.994E-005 9.994E-005
0.741414 0.00180449 9.99731E-005 9.99731E-005 0.175698 0.0779527 0.0028309 9.99731E-005
9.994E-005 9.994E-005 9.994E-005 9.994E-005 0.9993 9.994E-005 9.994E-005 9.994E-005
0.765041 9.99551E-005 0.107208 9.99551E-005 0.127251 9.99551E-005 9.99551E-005 9.99551E-005
0.697573 9.99641E-005 9.99641E-005 0.00567081 0.29125 9.99641E-005 0.00510593 9.99641E-005
0.760381 9.9982E-005 0.0073146 0.0310404 0.171881 9.9982E-005 0.00899483 0.0201887
0.844039 9.99551E-005 9.99551E-005 9.99551E-005 0.146396 0.00906502 9.99551E-005 9.99551E-005
0.77614 0.0674107 9.99731E-005 9.99731E-005 0.136783 0.00585709 0.0135098 9.99731E-005
0.0281316 9.99821E-005 0.118252 0.0331929 9.99821E-005 0.0915941 0.0319075 0.696722
9.994E-005 9.994E-005 9.994E-005 9.994E-005 9.994E-005 9.994E-005 9.994E-005 0.9993
9.99731E-005 9.99731E-005 0.126259 0.0201485 0.0182412 9.99731E-005 0.0374827 0.797568
9.99462E-005 9.99462E-005 0.160248 9.99462E-005 9.99462E-005 9.99462E-005 9.99462E-005 0.839152
9.99641E-005 9.99641E-005 0.219301 9.99641E-005 0.0210673 9.99641E-005 0.0211613 0.73807
9.99551E-005 9.99551E-005 0.0435382 9.99551E-005 0.00100635 9.99551E-005 9.99551E-005 0.954956
9.99461E-005 9.99461E-005 0.246338 9.99461E-005 9.99461E-005 9.99461E-005 9.99461E-005 0.753063
0.040593 0.020788 0.0979837 9.9982E-005 0.0208118 0.0199226 9.9982E-005 0.799701
9.99551E-005 9.99551E-005 0.0695339 9.99551E-005 0.0113335 9.99551E-005 9.99551E-005 0.918633
9.9991E-005 0.425437 0.0676202 0.161171 0.0544372 0.142803 0.0507879 0.0976448
9.994E-005 0.9993 9.994E-005 9.994E-005 9.994E-005 9.994E-005 9.994E-005 9.994E-005
0.0922571 0.708342 9.99642E-005 0.159376 9.99642E-005 9.99642E-005 9.99642E-005 0.039625
9.9964E-005 0.640719 0.198454 0.0313401 9.9964E-005 9.9964E-005 0.129088 9.9964E-005
9.9946E-005 0.810965 9.9946E-005 0.188435 9.9946E-005 9.9946E-005 9.9946E-005 9.9946E-005
9.9982E-005 0.719543 9.9982E-005 0.00547349 0.0482293 0.0382774 0.117342 0.0709349
0.139414 0.599199 9.9982E-005 0.0621147 0.000713061 9.9982E-005 0.134684 0.0636745
9.9991E-005 0.57841 0.0317822 0.0592934 0.0158848 0.0692918 0.105666 0.139571
9.9973E-005 0.672873 9.9973E-005 0.106891 9.9973E-005 0.115497 0.074407 0.0300318
9.9982E-005 0.776362 0.0794778 0.0108653 9.9982E-005 0.0719032 0.0499265 0.0112654
9.9973E-005 0.559917 0.169308 0.0697131 0.0514944 9.9973E-005 0.149267 9.9973E-005
9.9973E-005 0.692589 9.9973E-005 0.00764139 9.9973E-005 0.15672 0.12608 0.0166694
9.9982E-005 0.741033 0.0522688 0.080944 0.00279526 0.012953 0.109806 9.9982E-005
0.108243 0.693111 0.0448406 0.0466266 9.9973E-005 9.9973E-005 0.106879 9.9973E-005
0.213317 0.341245 9.9982E-005 0.104016 0.0131691 0.0136818 0.31437 9.9982E-005
0.265533 0.362702 9.9973E-005 0.034159 9.9973E-005 0.00147477 0.335831 9.9973E-005
0.122113 0.370682 0.0336511 0.0811814 0.0200322 0.0391677 0.287284 0.0458892
0.00271894 0.116263 0.011258 0.221346 0.0237508 9.99821E-005 0.624463 9.99821E-005
9.99641E-005 9.99641E-005 0.0575052 0.367807 0.0497092 9.99641E-005 0.524579 9.99641E-005
9.994E-005 9.994E-005 9.994E-005 9.994E-005 9.994E-005 9.994E-005 0.9993 9.994E-005
9.994E-005 9.994E-005 9.994E-005 9.994E-005 9.994E-005 9.994E-005 0.9993 9.994E-005
0.134293 0.0361001 9.997E-005 0.199698 9.997E-005 9.997E-005 0.607448 0.022161
0.030835 0.106241 9.99641E-005 0.269363 9.99641E-005 9.99641E-005 0.593161 9.99641E-005
9.99461E-005 9.99461E-005 0.0199485 9.99461E-005 9.99461E-005 9.99461E-005 0.979452 9.99461E-005
9.994E-005 9.994E-005 9.994E-005 9.994E-005 9.994E-005 9.994E-005 0.9993 9.994E-005
0.160006 0.101731 9.99641E-005 0.174779 9.99641E-005 9.99641E-005 0.563085 9.99641E-005
9.99461E-005 9.99461E-005 9.99461E-005 9.99461E-005 9.99461E-005 9.99461E-005 0.999027 0.000372869
9.994E-005 9.994E-005 9.994E-005 9.994E-005 9.994E-005 9.994E-005 0.9993 9.994E-005
9.994E-005 9.994E-005 9.994E-005 9.994E-005 9.994E-005 9.994E-005 0.9993 9.994E-005
9.994E-005 9.994E-005 9.994E-005 9.994E-005 9.994E-005 9.994E-005 0.9993 9.994E-005
9.99461E-005 9.99461E-005 9.99461E-005 9.99461E-005 0.0221154 9.99461E-005 0.977285 9.99461E-005
0.946103 9.99462E-005 0.0532973 9.99462E-005 9.99462E-005 9.99462E-005 9.99462E-005 9.99462E-005
9.99551E-005 9.99551E-005 0.129333 9.99551E-005 0.0245616 9.99551E-005 9.99551E-005 0.845605
9.99551E-005 9.99551E-005 0.0271306 9.99551E-005 0.0354628 9.99551E-005 9.99551E-005 0.936907
9.99461E-005 9.99461E-005 9.99461E-005 0.950551 9.99461E-005 9.99461E-005 0.0488491 9.99461E-005
9.99462E-005 9.99462E-005 9.99462E-005 0.94596 9.99462E-005 9.99462E-005 0.0534398 9.99462E-005
9.99462E-005 9.99462E-005 9.99462E-005 0.958981 9.99462E-005 9.99462E-005 0.0404188 9.99462E-005
9.99461E-005 9.99461E-005 0.0403725 0.959028 9.99461E-005 9.99461E-005 9.99461E-005 9.99461E-005
9.99641E-005 0.0198116 9.99641E-005 0.930745 9.99641E-005 0.0215685 0.0274751 9.99641E-005
9.99551E-005 9.99551E-005 9.99551E-005 0.962978 0.027896 9.99551E-005 0.00862574 9.99551E-005
0.0222425 9.99641E-005 9.99641E-005 0.923998 0.0404559 9.99641E-005 0.0129042 9.99641E-005
9.99641E-005 9.99641E-005 9.99641E-005 0.93814 9.99641E-005 0.0198096 0.00701528 0.0346354
0.0771077 9.99551E-005 9.99551E-005 0.91996 0.00243251 9.99551E-005 9.99551E-005 9.99551E-005
9.99551E-005 0.00151508 9.99551E-005 0.945341 9.99551E-005 0.052644 9.99551E-005 9.99551E-005
9.99462E-005 9.99462E-005 0.0366494 0.962751 9.99462E-005 9.99462E-005 9.99462E-005 9.99462E-005
9.99641E-005 0.0582634 9.99641E-005 0.90329 0.0126221 9.99641E-005 0.0254246 9.99641E-005
9.99731E-005 0.040974 0.00045741 0.950048 9.99731E-005 0.00377602 0.00444461 9.99731E-005
9.99461E-005 9.99461E-005 9.99461E-005 0.957404 9.99461E-005 9.99461E-005 0.0419963 9.99461E-005
0.0161842 9.99551E-005 9.99551E-005 0.969287 9.99551E-005 0.0140293 9.99551E-005 9.99551E-005
9.99641E-005 0.00505101 0.0518467 0.91807 0.0246328 9.99641E-005 9.99641E-005 9.99641E-005
9.99461E-005 9.99461E-005 9.99461E-005 0.929744 9.99461E-005 9.99461E-005 0.0696568 9.99461E-005
0.0117909 9.99641E-005 0.0103971 0.953744 9.99641E-005 9.99641E-005 9.99641E-005 0.0236678
9.99551E-005 0.0175924 9.99551E-005 0.962953 9.99551E-005 9.99551E-005 0.0189551 9.99551E-005
0.0919666 9.99551E-005 9.99551E-005 0.894692 9.99551E-005 9.99551E-005 0.0128419 9.99551E-005
0.0345409 9.99462E-005 9.99462E-005 0.964859 9.99462E-005 9.99462E-005 9.99462E-005 9.99462E-005
9.99551E-005 9.99551E-005 0.0547085 0.904505 9.99551E-005 9.99551E-005 0.0402869 9.99551E-005
9.99461E-005 9.99461E-005 9.99461E-005 0.960759 9.99461E-005 0.0386414 9.99461E-005 9.99461E-005
9.99551E-005 0.108492 9.99551E-005 0.873282 0.0177262 9.99551E-005 9.99551E-005 9.99551E-005
9.99551E-005 9.99551E-005 0.00998199 0.979387 9.99551E-005 9.99551E-005 0.0101311 9.99551E-005
9.99641E-005 0.0557903 9.99641E-005 0.911226 0.0167357 0.0158483 9.99641E-005 9.99641E-005
0.068078 0.0139358 0.039326 0.260136 0.0146813 9.9982E-005 0.603643 9.9982E-005
0.349721 0.130124 9.9973E-005 0.165911 0.0110957 9.9973E-005 0.342848 9.9973E-005
0.0868349 0.0768602 9.99821E-005 0.364373 0.0178666 9.99821E-005 0.436135 0.017731
0.160303 9.99641E-005 0.794654 9.99641E-005 9.99641E-005 9.99641E-005 0.0247269 0.0199166
9.994E-005 9.994E-005 0.9993 9.994E-005 9.994E-005 9.994E-005 9.994E-005 9.994E-005
9.99641E-005 9.99641E-005 0.979938 9.99641E-005 0.00018166 0.000720913 9.99641E-005 0.0187592
9.99461E-005 9.99461E-005 0.995483 9.99461E-005 0.00391688 9.99461E-005 9.99461E-005 9.99461E-005
9.99462E-005 9.99462E-005 0.930657 9.99462E-005 9.99462E-005 9.99462E-005 9.99462E-005 0.0687429
9.994E-005 9.994E-005 0.9993 9.994E-005 9.994E-005 9.994E-005 9.994E-005 9.994E-005
0.119182 0.0271539 0.52424 9.999E-005 0.0282138 0.0805336 0.0328124 0.187764
9.994E-005 9.994E-005 9.994E-005 9.994E-005 9.994E-005 9.994E-005 9.994E-005 0.9993
9.994E-005 9.994E-005 9.994E-005 9.994E-005 9.994E-005 9.994E-005 9.994E-005 0.9993
9.99551E-005 9.99551E-005 9.99551E-005 9.99551E-005 0.076857 9.99551E-005 0.0310004 0.891643
0.353621 9.99731E-005 0.169345 0.455732 0.0181919 9.99731E-005 9.99731E-005 0.00281021
0.177673 0.156105 0.04669 0.081895 0.0562921 0.422647 9.999E-005 0.0585972
0.0816102 0.529375 9.99821E-005 0.20942 0.0583009 0.105129 9.99821E-005 0.0159661
0.0550052 0.463427 0.0347171 0.170323 0.0296125 9.9982E-005 0.246715 9.9982E-005
0.0898487 0.398561 9.9973E-005 0.0299266 9.9973E-005 0.117737 0.363627 9.9973E-005
9.99463E-005 0.353446 9.99463E-005 0.645954 9.99463E-005 9.99463E-005 9.99463E-005 9.99463E-005
0.00939095 9.99731E-005 0.0174913 0.952407 9.99731E-005 0.00511565 0.0152953 9.99731E-005
9.99552E-005 9.99552E-005 0.000679449 0.970673 9.99552E-005 9.99552E-005 9.99552E-005 0.0281476
0.0305888 0.0385607 9.99731E-005 0.900215 0.0116777 0.0186584 9.99731E-005 9.99731E-005
9.99462E-005 9.99462E-005 9.99462E-005 0.988698 9.99462E-005 9.99462E-005 9.99462E-005 0.0107018
9.99641E-005 0.0329789 0.0263257 0.938694 0.00160122 9.99641E-005 9.99641E-005 9.99641E-005
9.99551E-005 0.0521936 9.99551E-005 0.93382 9.99551E-005 9.99551E-005 0.0134862 9.99551E-005
9.99551E-005 9.99551E-005 0.0396947 0.952021 9.99551E-005 9.99551E-005 0.00778406 9.99551E-005
9.99462E-005 9.99462E-005 9.99462E-005 0.99743 0.00197037 9.99462E-005 9.99462E-005 9.99462E-005
9.99551E-005 9.99551E-005 9.99551E-005 0.951527 9.99551E-005 9.99551E-005 0.00175118 0.0462221
9.99462E-005 9.99462E-005 9.99462E-005 0.936391 9.99462E-005 9.99462E-005 0.0630098 9.99462E-005
0.023788 9.99641E-005 0.00545044 0.969761 9.99641E-005 9.99641E-005 9.99641E-005 0.000600161
0.0107993 9.997E-005 0.00799081 0.936803 9.997E-005 9.997E-005 0.0331136 0.0109934
0.0950634 9.99461E-005 9.99461E-005 0.904337 9.99461E-005 9.99461E-005 9.99461E-005 9.99461E-005
0.0135881 9.99551E-005 9.99551E-005 0.942969 0.0429429 9.99551E-005 9.99551E-005 9.99551E-005
9.99462E-005 0.0776195 9.99462E-005 0.921781 9.99462E-005 9.99462E-005 9.99462E-005 9.99462E-005
0.669152 9.99821E-005 0.126853 9.99821E-005 0.0786067 0.0260244 0.055981 0.0431832
0.812423 9.9982E-005 0.0105164 9.9982E-005 0.0449111 0.103462 0.00432927 0.0241582
0.646682 9.99731E-005 9.99731E-005 9.99731E-005 0.080755 0.14703 0.0259548 0.0992789
9.994E-005 9.994E-005 9.994E-005 9.994E-005 9.994E-005 9.994E-005 9.994E-005 0.9993
9.99461E-005 9.99461E-005 9.99461E-005 9.99461E-005 0.020029 9.99461E-005 9.99461E-005 0.979371
0.0395195 9.99552E-005 0.0304627 9.99552E-005 9.99552E-005 9.99552E-005 9.99552E-005 0.929518
0.00291068 0.000639733 0.0823814 9.9982E-005 0.0413445 0.000683593 9.9982E-005 0.87184
0.0873994 0.468095 9.9982E-005 0.0381618 9.9982E-005 0.0823034 0.316887 0.00695325
0.0466668 0.479374 0.063978 0.0516465 0.0267405 0.0296849 0.301809 9.9991E-005
0.198818 0.315946 0.0503673 0.0680125 9.9991E-005 0.027497 0.313781 0.0254779
0.813592 9.99821E-005 0.0571759 9.99821E-005 0.0629222 0.0444252 0.00927873 0.0124056
0.980606 0.00146348 0.00789954 9.99641E-005 0.00963148 9.99641E-005 9.99641E-005 9.99641E-005
0.754562 9.9982E-005 0.0328276 0.0695682 0.0205268 0.110215 0.0121009 9.9982E-005
0.90791 0.0256565 9.99731E-005 0.0296388 0.0136597 9.99731E-005 0.022835 9.99731E-005
