9.9973E-005 9.9973E-005 9.9973E-005 0.0344263 0.807767 0.157507
9.9973E-005 9.9973E-005 9.9973E-005 0.0275648 0.830206 0.141929
9.9973E-005 9.9973E-005 9.9973E-005 0.0558238 0.719817 0.224059
0.0947629 9.9991E-005 0.015886 0.0127813 0.669758 0.206711
9.9973E-005 9.9973E-005 9.9973E-005 0.0214869 0.706247 0.271967
9.9964E-005 9.9964E-005 9.9964E-005 9.9964E-005 0.923356 0.0762442
9.9973E-005 9.9973E-005 9.9973E-005 0.0411993 0.882264 0.0762366
0.111156 9.9982E-005 0.0378264 9.9982E-005 0.695687 0.155131
0.206463 0.0352498 9.9982E-005 9.9982E-005 0.750482 0.00760529
0.194754 0.0478701 9.9982E-005 9.9982E-005 0.663412 0.0937647
9.9973E-005 0.0534159 9.9973E-005 9.9973E-005 0.840026 0.106258
0.129956 9.9991E-005 0.00930228 0.0819975 0.486195 0.292449
0.0673097 9.9991E-005 0.0314057 0.0161247 0.693637 0.191423
9.99821E-005 0.0358122 0.0389963 9.99821E-005 0.590695 0.334296
0.191781 0.0680291 0.0749516 9.9991E-005 0.513481 0.151658
0.228523 9.9982E-005 0.0349741 9.9982E-005 0.504364 0.231939
0.176371 9.9982E-005 9.9982E-005 0.0221174 0.534067 0.267244
0.149338 9.9973E-005 9.9973E-005 9.9973E-005 0.528313 0.32205
0.247158 0.0113309 9.9991E-005 0.569785 0.0552128 0.116413
0.87575 9.99731E-005 9.99731E-005 0.0814934 9.99731E-005 0.0424562
0.861164 9.99641E-005 9.99641E-005 0.138436 9.99641E-005 9.99641E-005
0.591741 0.0301729 9.9991E-005 0.29722 0.0310875 0.0496791
0.865283 0.0382287 9.99731E-005 0.0961885 9.99731E-005 9.99731E-005
9.996E-005 9.996E-005 9.996E-005 0.9995 9.996E-005 9.996E-005
9.996E-005 9.996E-005 9.996E-005 0.9995 9.996E-005 9.996E-005
9.996E-005 9.996E-005 9.996E-005 0.9995 9.996E-005 9.996E-005
0.70776 0.0578324 9.9991E-005 0.131433 0.009042 0.0938326
0.191979 9.9973E-005 0.0123104 0.795411 9.9973E-005 9.9973E-005
0.938953 9.99731E-005 9.99731E-005 0.0570897 0.00365747 9.99731E-005
9.996E-005 9.996E-005 9.996E-005 0.9995 9.996E-005 9.996E-005
0.697332 9.9982E-005 0.00668795 0.206119 0.0896602 9.9982E-005
9.996E-005 9.996E-005 9.996E-005 0.9995 9.996E-005 9.996E-005
0.804875 9.99731E-005 9.99731E-005 0.136672 9.99731E-005 0.0581533
0.704661 9.99731E-005 0.00433425 0.290704 9.99731E-005 9.99731E-005
0.764268 0.033071 0.000707298 0.185382 9.9991E-005 0.0164715
0.82983 9.99641E-005 9.99641E-005 0.16977 9.99641E-005 9.99641E-005
0.707375 0.020734 0.0167876 0.164393 0.0906107 9.9991E-005
0.105019 0.0508875 0.000569159 9.9991E-005 0.0324118 0.811013
9.99641E-005 9.99641E-005 9.99641E-005 0.00166605 9.99641E-005 0.997934
9.99821E-005 0.0359279 0.0385933 0.0322611 9.99821E-005 0.893018
9.99641E-005 0.0114169 9.99641E-005 9.99641E-005 9.99641E-005 0.988183
9.99731E-005 9.99731E-005 0.0265313 0.0346461 9.99731E-005 0.938523
9.99641E-005 9.99641E-005 9.99641E-005 0.0103822 9.99641E-005 0.989218
0.0433322 9.99731E-005 0.00237124 9.99731E-005 9.99731E-005 0.953997
0.042476 0.0161644 9.9991E-005 0.028972 0.0491042 0.863183
9.99641E-005 9.99641E-005 9.99641E-005 0.0166064 9.99641E-005 0.982994
9.9991E-005 0.300304 0.0641657 0.0524849 0.484853 0.0980925
9.996E-005 9.996E-005 9.996E-005 9.996E-005 0.9995 9.996E-005
0.142374 0.453408 9.99732E-005 9.99732E-005 0.403918 9.99732E-005
9.9982E-005 0.271646 0.146412 9.9982E-005 0.525865 0.0558767
0.00581914 0.527736 9.99731E-005 9.99731E-005 0.466145 9.99731E-005
9.9982E-005 0.265937 0.120451 0.0511811 0.562231 9.9982E-005
0.128629 0.270232 0.151677 9.9991E-005 0.427204 0.022158
9.9991E-005 0.252416 0.096061 0.0370683 0.511011 0.103344
9.9973E-005 0.324089 0.0761493 9.9973E-005 0.599462 9.9973E-005
9.9973E-005 0.266609 0.0621009 9.9973E-005 0.67099 9.9973E-005
9.9991E-005 0.26912 0.159544 0.0478726 0.485272 0.038091
9.9973E-005 0.227919 0.136867 9.9973E-005 0.634914 9.9973E-005
9.9982E-005 0.341776 0.097246 0.00200246 0.558776 9.9982E-005
0.0596436 0.300007 0.114707 9.9982E-005 0.525443 9.9982E-005
0.150091 0.225901 0.32489 0.0224407 0.276577 9.9991E-005
0.241027 0.170489 0.340305 9.9982E-005 0.247979 9.9982E-005
0.0614515 0.206672 0.318501 0.0189632 0.340168 0.0542441
0.00665641 0.266466 0.615335 0.0267285 0.0847146 9.9991E-005
0.00519198 0.382117 0.528798 0.0647923 9.9991E-005 0.0190007
9.996E-005 9.996E-005 0.9995 9.996E-005 9.996E-005 9.996E-005
9.996E-005 9.996E-005 0.9995 9.996E-005 9.996E-005 9.996E-005
0.12805 0.232953 0.612458 9.9991E-005 0.0165947 0.00984419
0.0647363 0.323045 0.609112 0.0029075 9.99821E-005 9.99821E-005
9.99641E-005 9.99641E-005 0.988969 9.99641E-005 9.99641E-005 0.0106314
9.996E-005 9.996E-005 0.9995 9.996E-005 9.996E-005 9.996E-005
0.18404 0.216491 0.564841 9.9982E-005 0.0344275 9.9982E-005
9.996E-005 9.996E-005 0.9995 9.996E-005 9.996E-005 9.996E-005
9.996E-005 9.996E-005 0.9995 9.996E-005 9.996E-005 9.996E-005
9.996E-005 9.996E-005 0.9995 9.996E-005 9.996E-005 9.996E-005
9.996E-005 9.996E-005 0.9995 9.996E-005 9.996E-005 9.996E-005
9.9964E-005 9.9964E-005 0.972714 0.026886 9.9964E-005 9.9964E-005
0.973153 9.99731E-005 9.99731E-005 0.0137589 9.99731E-005 0.012788
9.99731E-005 9.99731E-005 9.99731E-005 0.0277363 0.0046795 0.967284
9.99641E-005 9.99641E-005 9.99641E-005 0.0533188 9.99641E-005 0.946281
9.99641E-005 0.956078 0.043522 9.99641E-005 9.99641E-005 9.99641E-005
9.99641E-005 0.93236 0.0672403 9.99641E-005 9.99641E-005 9.99641E-005
9.99641E-005 0.957154 0.0424465 9.99641E-005 9.99641E-005 9.99641E-005
9.99641E-005 0.992509 9.99641E-005 9.99641E-005 9.99641E-005 0.00709065
9.99731E-005 0.969168 0.0149862 9.99731E-005 0.0155457 9.99731E-005
9.99641E-005 0.975373 9.99641E-005 0.0242273 9.99641E-005 9.99641E-005
9.99731E-005 0.945768 0.00920988 0.044722 9.99731E-005 9.99731E-005
9.99731E-005 0.956057 0.0328845 9.99731E-005 9.99731E-005 0.0107589
0.0744426 0.923379 9.99731E-005 0.00187853 9.99731E-005 9.99731E-005
9.99641E-005 0.952223 9.99641E-005 9.99641E-005 0.0473774 9.99641E-005
9.99641E-005 0.997803 9.99641E-005 9.99641E-005 9.99641E-005 0.00179682
9.99821E-005 0.954336 0.015094 0.0238683 0.00650202 9.99821E-005
9.99731E-005 0.978187 0.0146847 9.99731E-005 0.00682875 9.99731E-005
9.9964E-005 0.957592 0.0420086 9.9964E-005 9.9964E-005 9.9964E-005
0.0233484 0.976252 9.99641E-005 9.99641E-005 9.99641E-005 9.99641E-005
0.0433894 0.931633 9.99731E-005 0.024678 9.99731E-005 9.99731E-005
9.99641E-005 0.926734 0.0728663 9.99641E-005 9.99641E-005 9.99641E-005
9.99641E-005 0.971542 9.99641E-005 9.99641E-005 9.99641E-005 0.0280581
9.99641E-005 0.994009 0.00559124 9.99641E-005 9.99641E-005 9.99641E-005
0.0993858 0.893306 0.00700874 9.99731E-005 9.99731E-005 9.99731E-005
0.0169476 0.959576 0.0231763 9.99731E-005 9.99731E-005 9.99731E-005
0.00764334 0.911861 0.0324217 9.9991E-005 0.0180748 0.0298989
9.99731E-005 0.980129 9.99731E-005 0.00258048 0.0169903 9.99731E-005
9.9982E-005 0.919797 0.0164034 0.0192718 0.044328 9.9982E-005
9.99641E-005 0.988289 0.0113109 9.99641E-005 9.99641E-005 9.99641E-005
9.9973E-005 0.938248 9.9973E-005 0.025076 0.0363758 9.9973E-005
0.100924 0.275772 0.617963 0.00514039 9.9982E-005 9.9982E-005
0.408277 0.210882 0.370043 0.00319845 0.00749998 9.9991E-005
0.087165 0.40619 0.436275 0.0339575 0.0342928 0.00211985
0.340148 9.9982E-005 0.0357151 9.9982E-005 0.0877592 0.536177
0.250262 9.99731E-005 9.99731E-005 9.99731E-005 0.0559513 0.693487
0.170114 9.99821E-005 0.0265212 9.99821E-005 0.135995 0.66717
0.30176 9.9982E-005 0.000713626 9.9982E-005 0.108564 0.588763
0.160738 9.99731E-005 9.99731E-005 9.99731E-005 0.0990795 0.739882
0.142264 9.99731E-005 9.99731E-005 9.99731E-005 0.169562 0.687874
0.190514 9.9991E-005 0.0355136 0.0480249 0.2061 0.519748
9.99641E-005 9.99641E-005 9.99641E-005 0.0163212 9.99641E-005 0.983279
9.996E-005 9.996E-005 9.996E-005 9.996E-005 9.996E-005 0.9995
9.9982E-005 0.003225 0.0234986 0.0779806 9.9982E-005 0.895096
0.383569 0.444442 9.99821E-005 0.0370756 9.99821E-005 0.134714
0.252901 0.10291 9.9991E-005 0.0497905 0.473463 0.120835
0.150829 0.396833 9.99821E-005 0.03583 0.416307 9.99821E-005
9.9982E-005 0.334671 0.272136 0.0368965 0.356096 9.9982E-005
0.0322398 0.179008 0.3701 0.00225665 0.416296 9.9991E-005
9.99643E-005 0.945704 9.99643E-005 9.99643E-005 0.0538962 9.99643E-005
0.0112558 0.96144 0.0238712 9.99821E-005 9.99821E-005 0.00323275
9.99641E-005 0.975407 9.99641E-005 9.99641E-005 9.99641E-005 0.0241932
0.0613181 0.921306 9.9982E-005 0.00728051 0.00989515 9.9982E-005
9.996E-005 0.9995 9.996E-005 9.996E-005 9.996E-005 9.996E-005
0.0132661 0.974764 9.9973E-005 9.9973E-005 0.01167 9.9973E-005
9.99641E-005 0.96501 0.03459 9.99641E-005 9.99641E-005 9.99641E-005
9.9982E-005 0.918749 0.0490165 0.00811846 9.9982E-005 0.0239159
9.996E-005 0.9995 9.996E-005 9.996E-005 9.996E-005 9.996E-005
9.99731E-005 0.954592 0.00918293 9.99731E-005 9.99731E-005 0.0359254
9.99641E-005 0.938841 0.0607587 9.99641E-005 9.99641E-005 9.99641E-005
9.99731E-005 0.990173 9.99731E-005 0.00105085 9.99731E-005 0.00847656
0.0403041 0.942089 0.017307 9.99731E-005 9.99731E-005 9.99731E-005
0.0691862 0.919924 9.99731E-005 9.99731E-005 9.99731E-005 0.0105901
0.00361772 0.958087 9.99731E-005 0.0379958 9.99731E-005 9.99731E-005
0.0311482 0.968452 9.99641E-005 9.99641E-005 9.99641E-005 9.99641E-005
0.680997 0.0142502 0.0491222 0.107777 9.9991E-005 0.147754
0.831438 9.9982E-005 9.9982E-005 0.0668772 0.0288657 0.0726194
0.58861 9.9991E-005 0.0335233 0.136875 0.114191 0.126701
9.99641E-005 0.00173464 9.99641E-005 9.99641E-005 9.99641E-005 0.997866
9.99641E-005 9.99641E-005 9.99641E-005 0.0357599 9.99641E-005 0.96384
0.048951 9.99641E-005 9.99641E-005 9.99641E-005 9.99641E-005 0.950649
0.0198943 9.9982E-005 9.9982E-005 0.0630332 0.00133841 0.915534
0.0513926 0.231483 0.305636 0.00891849 0.40247 9.9991E-005
9.9991E-005 0.217477 0.315703 0.029713 0.430103 0.00690456
0.178772 0.181346 0.325763 9.9991E-005 0.290405 0.0236134
0.848999 9.9991E-005 0.00473678 0.087557 0.00623304 0.0523746
0.970403 9.99641E-005 9.99641E-005 0.0291972 9.99641E-005 9.99641E-005
0.721726 0.0582055 0.0354839 0.0383827 0.109193 0.0370084
0.903942 0.0477494 0.00827665 0.0398321 9.9982E-005 9.9982E-005
