9.99372E-005 9.99372E-005 0.0199426 0.0170749 9.99372E-005 0.911093 9.99372E-005 9.99372E-005 9.99372E-005 0.0156101 0.0355803 9.99372E-005
9.99102E-005 9.99102E-005 9.99102E-005 9.99102E-005 9.99102E-005 0.981352 9.99102E-005 9.99102E-005 9.99102E-005 0.0176485 9.99102E-005 9.99102E-005
9.99192E-005 9.99192E-005 9.99192E-005 9.99192E-005 9.99192E-005 0.881792 9.99192E-005 9.99192E-005 9.99192E-005 0.0383637 0.0789456 9.99192E-005
9.99372E-005 0.127109 0.0708928 9.99372E-005 9.99372E-005 0.681941 0.0207886 9.99372E-005 0.0985689 9.99372E-005 9.99372E-005 9.99372E-005
9.99282E-005 9.99282E-005 0.087208 9.99282E-005 9.99282E-005 0.87333 9.99282E-005 9.99282E-005 9.99282E-005 0.0203782 0.0182847 9.99282E-005
9.99011E-005 9.99011E-005 9.99011E-005 9.99011E-005 9.99011E-005 0.998901 9.99011E-005 9.99011E-005 9.99011E-005 9.99011E-005 9.99011E-005 9.99011E-005
9.99102E-005 9.99102E-005 9.99102E-005 9.99102E-005 9.99102E-005 0.997923 9.99102E-005 9.99102E-005 9.99102E-005 0.0010774 9.99102E-005 9.99102E-005
9.99461E-005 0.0331532 0.0582738 0.029553 9.99461E-005 0.727495 9.99461E-005 9.99461E-005 0.058098 9.99461E-005 9.99461E-005 0.092827
9.99371E-005 0.0520806 9.99371E-005 9.99371E-005 9.99371E-005 0.814599 0.0629098 0.0285461 0.0411651 9.99371E-005 9.99371E-005 9.99371E-005
9.99281E-005 9.99281E-005 9.99281E-005 9.99281E-005 9.99281E-005 0.84204 0.104051 0.00693681 0.046173 9.99281E-005 9.99281E-005 9.99281E-005
9.99192E-005 9.99192E-005 9.99192E-005 0.0482592 9.99192E-005 0.88188 9.99192E-005 0.0689619 9.99192E-005 9.99192E-005 9.99192E-005 9.99192E-005
9.99462E-005 9.99462E-005 0.144147 9.99462E-005 9.99462E-005 0.603575 0.00934408 9.99462E-005 0.116259 0.0632916 0.0627841 9.99462E-005
9.99641E-005 0.0217068 0.0584528 9.99641E-005 0.00822281 0.628972 9.99641E-005 9.99641E-005 0.0305991 0.0109356 0.138939 0.101772
0.0155465 0.0521788 0.14133 9.99462E-005 9.99462E-005 0.615497 9.99462E-005 0.0539449 9.99462E-005 9.99462E-005 0.120904 9.99462E-005
9.99641E-005 0.118312 0.0535281 0.0832373 9.99641E-005 0.408343 0.0850669 9.99641E-005 0.100982 9.99641E-005 0.0515119 0.0986185
0.0190244 0.0535721 0.0227863 0.00238715 9.99641E-005 0.478197 9.99641E-005 9.99641E-005 0.174804 9.99641E-005 0.221466 0.0273635
9.99372E-005 0.0904093 0.142204 9.99372E-005 9.99372E-005 0.527213 9.99372E-005 9.99372E-005 0.134151 9.99372E-005 0.105323 9.99372E-005
9.99371E-005 9.99371E-005 0.0399458 0.0874685 9.99371E-005 0.516655 9.99371E-005 9.99371E-005 0.065423 9.99371E-005 0.289808 9.99371E-005
9.99551E-005 0.0207767 0.0200755 9.99551E-005 9.99551E-005 0.0580727 9.99551E-005 0.0151005 0.228151 0.551359 0.105965 9.99551E-005
9.99282E-005 9.99282E-005 0.0227371 9.99282E-005 9.99282E-005 0.034124 9.99282E-005 9.99282E-005 0.900053 0.0422861 9.99282E-005 9.99282E-005
9.99192E-005 9.99192E-005 9.99192E-005 9.99192E-005 9.99192E-005 9.99192E-005 9.99192E-005 9.99192E-005 0.904852 0.0937367 0.000512432 9.99192E-005
9.99372E-005 9.99372E-005 0.0132391 9.99372E-005 9.99372E-005 0.0479293 9.99372E-005 0.0518155 0.634814 0.251503 9.99372E-005 9.99372E-005
9.99281E-005 9.99281E-005 9.99281E-005 0.0355678 9.99281E-005 9.99281E-005 9.99281E-005 0.0636647 0.862334 0.0376343 9.99281E-005 9.99281E-005
9.99009E-005 9.99009E-005 9.99009E-005 9.99009E-005 9.99009E-005 9.99009E-005 9.99009E-005 9.99009E-005 9.99009E-005 0.998901 9.99009E-005 9.99009E-005
9.99011E-005 9.99011E-005 9.99011E-005 9.99011E-005 9.99011E-005 9.99011E-005 9.99011E-005 9.99011E-005 9.99011E-005 0.998901 9.99011E-005 9.99011E-005
9.99011E-005 9.99011E-005 9.99011E-005 9.99011E-005 9.99011E-005 9.99011E-005 9.99011E-005 9.99011E-005 9.99011E-005 0.998901 9.99011E-005 9.99011E-005
0.010727 0.0694663 0.0799581 9.99462E-005 0.035601 9.99462E-005 9.99462E-005 9.99462E-005 0.734265 0.0693833 9.99462E-005 9.99462E-005
0.000646709 9.99371E-005 9.99371E-005 9.99371E-005 9.99371E-005 0.0101954 0.0176716 9.99371E-005 0.212938 0.757849 9.99371E-005 9.99371E-005
9.99282E-005 0.0657923 9.99282E-005 9.99282E-005 9.99282E-005 9.99282E-005 9.99282E-005 9.99282E-005 0.896546 0.0348213 0.0020405 9.99282E-005
9.99011E-005 9.99011E-005 9.99011E-005 9.99011E-005 9.99011E-005 9.99011E-005 9.99011E-005 9.99011E-005 9.99011E-005 0.998901 9.99011E-005 9.99011E-005
9.99371E-005 9.99371E-005 9.99371E-005 9.99371E-005 9.99371E-005 0.0649038 0.00624952 9.99371E-005 0.674003 0.17417 9.99371E-005 0.0799749
9.99012E-005 9.99012E-005 9.99012E-005 9.99012E-005 9.99012E-005 9.99012E-005 9.99012E-005 9.99012E-005 9.99012E-005 0.998901 9.99012E-005 9.99012E-005
9.99192E-005 9.99192E-005 9.99192E-005 9.99192E-005 9.99192E-005 9.99192E-005 9.99192E-005 9.99192E-005 0.773999 0.117943 0.107159 9.99192E-005
9.99282E-005 9.99282E-005 9.99282E-005 9.99282E-005 9.99282E-005 9.99282E-005 0.0476448 0.00691401 0.674799 0.269842 9.99282E-005 9.99282E-005
9.99372E-005 9.99372E-005 0.0267272 9.99372E-005 9.99372E-005 9.99372E-005 0.0521086 9.99372E-005 0.720809 0.170868 9.99372E-005 0.0287875
9.99282E-005 0.0125506 9.99282E-005 9.99282E-005 9.99282E-005 0.0123516 9.99282E-005 9.99282E-005 0.845857 0.128442 9.99282E-005 9.99282E-005
0.0179606 0.0724163 9.99641E-005 0.0156575 9.99641E-005 0.0109949 0.00918791 0.0013329 0.764673 0.107377 9.99641E-005 9.99641E-005
0.0156624 9.99551E-005 0.713004 9.99551E-005 9.99551E-005 0.091617 0.0269046 0.032147 0.0288732 9.99551E-005 0.0912924 9.99551E-005
9.99012E-005 9.99012E-005 0.998901 9.99012E-005 9.99012E-005 9.99012E-005 9.99012E-005 9.99012E-005 9.99012E-005 9.99012E-005 9.99012E-005 9.99012E-005
0.0257677 9.995E-005 0.796906 9.995E-005 9.995E-005 0.00483646 0.0497493 9.995E-005 0.0054179 0.0173903 0.0994328 9.995E-005
9.99282E-005 9.99282E-005 0.831412 0.0144918 9.99282E-005 9.99282E-005 0.0048571 9.99282E-005 9.99282E-005 9.99282E-005 0.148439 9.99282E-005
0.0313345 9.99282E-005 0.726139 9.99282E-005 9.99282E-005 9.99282E-005 9.99282E-005 9.99282E-005 9.99282E-005 0.0366593 0.205068 9.99282E-005
9.99282E-005 0.00872642 0.93348 9.99282E-005 9.99282E-005 9.99282E-005 9.99282E-005 9.99282E-005 9.99282E-005 0.00976793 0.047226 9.99282E-005
0.000577134 9.99193E-005 0.745139 9.99193E-005 9.99193E-005 9.99193E-005 9.99193E-005 9.99193E-005 9.99193E-005 9.99193E-005 0.253385 9.99193E-005
9.99461E-005 0.0647385 0.780586 9.99461E-005 9.99461E-005 0.021972 9.99461E-005 9.99461E-005 0.00788517 0.0248785 0.0993403 9.99461E-005
9.99192E-005 9.99192E-005 0.914148 9.99192E-005 9.99192E-005 9.99192E-005 9.99192E-005 9.99192E-005 9.99192E-005 0.0138712 0.0710816 9.99192E-005
9.99551E-005 0.469313 0.0828284 9.99551E-005 9.99551E-005 0.124706 0.103209 9.99551E-005 9.99551E-005 0.0398492 0.0104965 0.169098
9.99018E-005 9.99018E-005 9.99018E-005 0.998901 9.99018E-005 9.99018E-005 9.99018E-005 9.99018E-005 9.99018E-005 9.99018E-005 9.99018E-005 9.99018E-005
9.99278E-005 9.99278E-005 0.0475319 0.898909 9.99278E-005 9.99278E-005 0.00635074 0.0464093 9.99278E-005 9.99278E-005 9.99278E-005 9.99278E-005
0.000189491 0.908153 9.99193E-005 9.99193E-005 9.99193E-005 9.99193E-005 9.99193E-005 9.99193E-005 9.99193E-005 9.99193E-005 0.0907587 9.99193E-005
9.99368E-005 0.290916 9.99368E-005 0.540774 0.150031 9.99368E-005 0.0152363 9.99368E-005 9.99368E-005 9.99368E-005 9.99368E-005 0.00234295
9.99102E-005 0.979065 9.99102E-005 9.99102E-005 9.99102E-005 9.99102E-005 9.99102E-005 9.99102E-005 9.99102E-005 0.0199355 9.99102E-005 9.99102E-005
0.0310853 0.814644 0.00822942 9.99461E-005 9.99461E-005 9.99461E-005 0.0275736 9.99461E-005 0.112069 9.99461E-005 9.99461E-005 0.00579915
9.99461E-005 0.745345 0.121057 9.99461E-005 9.99461E-005 0.0357417 9.99461E-005 0.0369366 9.99461E-005 0.0241295 9.99461E-005 0.0361906
9.99193E-005 0.938439 9.99193E-005 9.99193E-005 0.0374631 0.0231986 9.99193E-005 9.99193E-005 9.99193E-005 9.99193E-005 9.99193E-005 9.99193E-005
9.99103E-005 0.99632 9.99103E-005 9.99103E-005 9.99103E-005 9.99103E-005 9.99103E-005 9.99103E-005 9.99103E-005 9.99103E-005 0.00268124 9.99103E-005
0.0502278 0.797412 9.99461E-005 9.99461E-005 0.0107316 9.99461E-005 9.99461E-005 0.0198663 9.99461E-005 0.0469216 0.0742412 9.99461E-005
0.00812078 0.938883 9.99192E-005 9.99192E-005 9.99192E-005 0.0520974 9.99192E-005 9.99192E-005 9.99192E-005 9.99192E-005 9.99192E-005 9.99192E-005
9.99102E-005 0.963353 9.99102E-005 9.99102E-005 9.99102E-005 9.99102E-005 9.99102E-005 0.0356474 9.99102E-005 9.99102E-005 9.99102E-005 9.99102E-005
9.99192E-005 0.900514 9.99192E-005 9.99192E-005 9.99192E-005 9.99192E-005 0.0576147 9.99192E-005 0.0409721 9.99192E-005 9.99192E-005 9.99192E-005
9.99103E-005 9.99103E-005 9.99103E-005 9.99103E-005 9.99103E-005 9.99103E-005 9.99103E-005 9.99103E-005 0.00577448 9.99103E-005 9.99103E-005 0.993226
0.0288263 9.99282E-005 9.99282E-005 0.00812757 9.99282E-005 9.99282E-005 9.99282E-005 9.99282E-005 0.0710874 9.99282E-005 9.99282E-005 0.891159
9.99282E-005 0.0581137 0.0479821 9.99282E-005 9.99282E-005 9.99282E-005 9.99282E-005 9.99282E-005 9.99282E-005 0.00897146 9.99282E-005 0.884133
0.413464 9.99372E-005 9.99372E-005 9.99372E-005 0.0907205 9.99372E-005 0.0272985 0.0513433 9.99372E-005 9.99372E-005 9.99372E-005 0.416474
0.347454 9.99371E-005 9.99371E-005 9.99371E-005 0.297124 9.99371E-005 9.99371E-005 0.0255301 9.99371E-005 0.0283641 9.99371E-005 0.300828
0.975294 0.0230421 9.99193E-005 9.99193E-005 9.99193E-005 9.99193E-005 0.000764565 9.99193E-005 9.99193E-005 9.99193E-005 9.99193E-005 9.99193E-005
0.998901 9.99011E-005 9.99011E-005 9.99011E-005 9.99011E-005 9.99011E-005 9.99011E-005 9.99011E-005 9.99011E-005 9.99011E-005 9.99011E-005 9.99011E-005
0.413264 9.99462E-005 0.017767 9.99462E-005 0.0963752 9.99462E-005 9.99462E-005 0.05706 0.000902799 9.99462E-005 9.99462E-005 0.414031
0.422779 0.0429755 9.99461E-005 9.99461E-005 0.106073 9.99461E-005 0.0404271 0.0892941 9.99461E-005 9.99461E-005 9.99461E-005 0.297851
0.963754 9.99127E-005 9.99127E-005 9.99127E-005 9.99127E-005 9.99127E-005 9.99127E-005 9.99127E-005 9.99127E-005 9.99127E-005 0.0352473 9.99127E-005
0.998901 9.99012E-005 9.99012E-005 9.99012E-005 9.99012E-005 9.99012E-005 9.99012E-005 9.99012E-005 9.99012E-005 9.99012E-005 9.99012E-005 9.99012E-005
0.394598 9.99371E-005 9.99371E-005 9.99371E-005 0.0974186 9.99371E-005 9.99371E-005 0.0427517 0.0645369 9.99371E-005 9.99371E-005 0.399995
0.971224 0.0271342 0.000742114 9.99192E-005 9.99192E-005 9.99192E-005 9.99192E-005 9.99192E-005 9.99192E-005 9.99192E-005 9.99192E-005 9.99192E-005
0.987184 9.99101E-005 9.99101E-005 0.0118164 9.99101E-005 9.99101E-005 9.99101E-005 9.99101E-005 9.99101E-005 9.99101E-005 9.99101E-005 9.99101E-005
0.998901 9.99013E-005 9.99013E-005 9.99013E-005 9.99013E-005 9.99013E-005 9.99013E-005 9.99013E-005 9.99013E-005 9.99013E-005 9.99013E-005 9.99013E-005
0.941 9.99282E-005 9.99282E-005 9.99282E-005 0.00561243 9.99282E-005 9.99282E-005 0.00274048 9.99282E-005 9.99282E-005 9.99282E-005 0.0498481
0.962784 9.99191E-005 9.99191E-005 9.99191E-005 0.00636832 9.99191E-005 9.99191E-005 9.99191E-005 9.99191E-005 0.0299486 9.99191E-005 9.99191E-005
9.99193E-005 9.99193E-005 9.99193E-005 9.99193E-005 9.99193E-005 9.99193E-005 9.99193E-005 0.0215965 0.93115 9.99193E-005 0.046354 9.99193E-005
9.99371E-005 9.99371E-005 0.815396 0.00877584 9.99371E-005 9.99371E-005 9.99371E-005 9.99371E-005 9.99371E-005 0.0199001 0.139391 0.0158378
9.99282E-005 9.99282E-005 0.932284 9.99282E-005 9.99282E-005 9.99282E-005 9.99282E-005 0.0112418 9.99282E-005 0.0371568 0.0185177 9.99282E-005
0.0121627 9.99192E-005 9.99192E-005 9.99192E-005 0.834604 9.99192E-005 0.152334 9.99192E-005 9.99192E-005 9.99192E-005 9.99192E-005 9.99192E-005
0.0350459 9.99103E-005 9.99103E-005 9.99103E-005 0.963955 9.99103E-005 9.99103E-005 9.99103E-005 9.99103E-005 9.99103E-005 9.99103E-005 9.99103E-005
0.00867033 9.99193E-005 9.99193E-005 9.99193E-005 0.978567 9.99193E-005 9.99193E-005 0.0118631 9.99193E-005 9.99193E-005 9.99193E-005 9.99193E-005
9.99011E-005 9.99011E-005 9.99011E-005 9.99011E-005 9.99011E-005 9.99011E-005 0.998901 9.99011E-005 9.99011E-005 9.99011E-005 9.99011E-005 9.99011E-005
9.99372E-005 0.0301908 9.99372E-005 9.99372E-005 0.78458 9.99372E-005 0.0546715 0.102034 9.99372E-005 9.99372E-005 9.99372E-005 0.0278242
9.99371E-005 9.99371E-005 9.99371E-005 9.99371E-005 0.852294 9.99371E-005 0.0697937 0.043818 9.99371E-005 0.0216762 9.99371E-005 0.0117183
9.99283E-005 9.99283E-005 9.99283E-005 9.99283E-005 0.770585 9.99283E-005 0.057127 0.11555 9.99283E-005 0.0559386 9.99283E-005 9.99283E-005
9.99462E-005 0.0378114 0.0295369 9.99462E-005 0.623917 9.99462E-005 0.159156 0.147802 9.99462E-005 9.99462E-005 9.99462E-005 0.00117712
9.99372E-005 0.00714874 9.99372E-005 9.99372E-005 0.840425 9.99372E-005 0.0730499 0.0220875 0.0565896 9.99372E-005 9.99372E-005 9.99372E-005
9.99011E-005 9.99011E-005 9.99011E-005 9.99011E-005 9.99011E-005 9.99011E-005 0.998901 9.99011E-005 9.99011E-005 9.99011E-005 9.99011E-005 9.99011E-005
9.9901E-005 9.9901E-005 9.9901E-005 9.9901E-005 9.9901E-005 9.9901E-005 0.998901 9.9901E-005 9.9901E-005 9.9901E-005 9.9901E-005 9.9901E-005
0.0133902 0.044102 9.99551E-005 0.0290787 0.722125 9.99551E-005 0.136847 0.0501357 9.99551E-005 0.00382218 9.99551E-005 9.99551E-005
9.99192E-005 0.03237 9.99192E-005 9.99192E-005 0.863053 9.99192E-005 0.103678 9.99192E-005 9.99192E-005 9.99192E-005 9.99192E-005 9.99192E-005
0.0276044 9.99281E-005 9.99281E-005 9.99281E-005 0.701215 9.99281E-005 0.199124 0.0712565 9.99281E-005 9.99281E-005 9.99281E-005 9.99281E-005
9.99281E-005 9.99281E-005 9.99281E-005 9.99281E-005 0.329029 9.99281E-005 0.521902 0.0972892 9.99281E-005 9.99281E-005 9.99281E-005 0.0509803
9.99461E-005 9.99461E-005 9.99461E-005 0.0150495 0.581792 9.99461E-005 0.219694 0.108442 9.99461E-005 0.0290715 0.045352 9.99461E-005
0.0360777 9.99103E-005 9.99103E-005 9.99103E-005 0.962923 9.99103E-005 9.99103E-005 9.99103E-005 9.99103E-005 9.99103E-005 9.99103E-005 9.99103E-005
9.99372E-005 9.99372E-005 0.0080232 9.99372E-005 0.852853 9.99372E-005 0.0302466 0.0753452 9.99372E-005 9.99372E-005 0.032832 9.99372E-005
9.99193E-005 9.99193E-005 9.99193E-005 9.99193E-005 0.828671 9.99193E-005 0.114235 0.0561941 9.99193E-005 9.99193E-005 9.99193E-005 9.99193E-005
0.00906905 9.99282E-005 9.99282E-005 9.99282E-005 0.745663 9.99282E-005 9.99282E-005 0.158931 0.0855377 9.99282E-005 9.99282E-005 9.99282E-005
9.99282E-005 9.99282E-005 9.99282E-005 9.99282E-005 0.823267 9.99282E-005 0.013598 0.133763 0.028572 9.99282E-005 9.99282E-005 9.99282E-005
0.0234655 9.99192E-005 9.99192E-005 9.99192E-005 0.0428448 9.99192E-005 0.93279 9.99192E-005 9.99192E-005 9.99192E-005 9.99192E-005 9.99192E-005
9.99192E-005 9.99192E-005 9.99192E-005 9.99192E-005 0.82597 0.026382 9.99192E-005 0.146749 9.99192E-005 9.99192E-005 9.99192E-005 9.99192E-005
9.99461E-005 0.0663655 9.99461E-005 0.00218662 0.879658 9.99461E-005 9.99461E-005 0.0272884 9.99461E-005 0.0170179 9.99461E-005 0.00688379
9.99281E-005 9.99281E-005 9.99281E-005 9.99281E-005 0.841288 9.99281E-005 0.054971 0.0831435 9.99281E-005 9.99281E-005 9.99281E-005 0.0197978
9.99461E-005 9.99461E-005 9.99461E-005 0.0175564 0.694107 0.0313643 0.210553 0.0402485 9.99461E-005 0.00557035 9.99461E-005 9.99461E-005
0.338893 9.99371E-005 9.99371E-005 9.99371E-005 0.139753 9.99371E-005 0.00507383 0.0126421 9.99371E-005 9.99371E-005 9.99371E-005 0.502938
0.166627 9.99461E-005 9.99461E-005 0.0154684 0.118039 9.99461E-005 9.99461E-005 9.99461E-005 0.234416 0.0140825 9.99461E-005 0.450768
0.27257 9.99462E-005 9.99462E-005 9.99462E-005 0.176041 9.99462E-005 0.134497 0.00400282 9.99462E-005 0.00709706 9.99462E-005 0.405192
0.0269554 9.99461E-005 0.0152042 0.00238674 9.99461E-005 0.0272132 9.99461E-005 9.99461E-005 0.122899 9.99461E-005 0.804742 9.99461E-005
9.99009E-005 9.99009E-005 9.99009E-005 9.99009E-005 9.99009E-005 9.99009E-005 9.99009E-005 9.99009E-005 9.99009E-005 9.99009E-005 0.998901 9.99009E-005
9.99282E-005 0.0226459 0.0195206 9.99282E-005 9.99282E-005 9.99282E-005 0.0013675 9.99282E-005 9.99282E-005 9.99282E-005 0.955667 9.99282E-005
9.99101E-005 9.99101E-005 9.99101E-005 9.99101E-005 9.99101E-005 9.99101E-005 9.99101E-005 9.99101E-005 9.99101E-005 0.00373346 0.995267 9.99101E-005
9.99103E-005 9.99103E-005 0.0691058 9.99103E-005 9.99103E-005 9.99103E-005 9.99103E-005 9.99103E-005 9.99103E-005 9.99103E-005 0.929895 9.99103E-005
9.99012E-005 9.99012E-005 9.99012E-005 9.99012E-005 9.99012E-005 9.99012E-005 9.99012E-005 9.99012E-005 9.99012E-005 9.99012E-005 0.998901 9.99012E-005
0.0217473 9.99551E-005 0.167401 0.0275414 9.99551E-005 0.0875999 9.99551E-005 9.99551E-005 0.131977 0.0328038 0.53043 9.99551E-005
9.99102E-005 9.99102E-005 0.977304 0.0216972 9.99102E-005 9.99102E-005 9.99102E-005 9.99102E-005 9.99102E-005 9.99102E-005 9.99102E-005 9.99102E-005
9.99012E-005 9.99012E-005 0.998901 9.99012E-005 9.99012E-005 9.99012E-005 9.99012E-005 9.99012E-005 9.99012E-005 9.99012E-005 9.99012E-005 9.99012E-005
0.0182004 9.99551E-005 0.872572 9.99551E-005 0.00225199 0.0139593 9.99551E-005 9.99551E-005 9.99551E-005 0.0715147 0.00929691 0.0117052
9.99372E-005 9.99372E-005 9.99372E-005 9.99372E-005 0.360219 9.99372E-005 9.99372E-005 0.111642 0.333754 0.0210802 0.172605 9.99372E-005
9.9964E-005 0.129397 0.0261305 0.0666627 9.9964E-005 0.437307 0.0690634 9.9964E-005 0.170547 0.043846 0.0566463 9.9964E-005
0.04889 9.99548E-005 9.99548E-005 0.707624 0.0592099 0.128633 9.99548E-005 0.0271691 9.99548E-005 0.0276397 0.000334148 9.99548E-005
9.99192E-005 0.0116287 9.99192E-005 9.99192E-005 9.99192E-005 9.99192E-005 0.0923277 9.99192E-005 9.99192E-005 9.99192E-005 9.99192E-005 0.895144
0.0210186 0.033476 9.99281E-005 9.99281E-005 9.99281E-005 0.0523468 9.99281E-005 9.99281E-005 9.99281E-005 9.99281E-005 9.99281E-005 0.892359
9.99186E-005 9.99186E-005 9.99186E-005 0.636217 0.300961 9.99186E-005 9.99186E-005 0.0619221 9.99186E-005 9.99186E-005 9.99186E-005 9.99186E-005
0.00345986 0.0188923 9.99641E-005 9.99641E-005 0.706697 0.00213452 0.123268 0.137657 0.00219244 9.99641E-005 0.00529956 9.99641E-005
9.99102E-005 9.99102E-005 9.99102E-005 9.99102E-005 0.110275 9.99102E-005 9.99102E-005 0.888726 9.99102E-005 9.99102E-005 9.99102E-005 9.99102E-005
9.99461E-005 9.99461E-005 9.99461E-005 0.0520189 0.511641 9.99461E-005 0.224528 0.16215 0.0444466 0.00461508 9.99461E-005 9.99461E-005
9.99009E-005 9.99009E-005 9.99009E-005 9.99009E-005 9.99009E-005 9.99009E-005 9.99009E-005 0.998901 9.99009E-005 9.99009E-005 9.99009E-005 9.99009E-005
9.99191E-005 0.000800708 9.99191E-005 9.99191E-005 0.280329 9.99191E-005 0.717971 9.99191E-005 9.99191E-005 9.99191E-005 9.99191E-005 9.99191E-005
0.00365371 0.0160578 9.99372E-005 9.99372E-005 0.830129 9.99372E-005 0.123254 0.0262065 9.99372E-005 9.99372E-005 9.99372E-005 9.99372E-005
0.00130305 9.99372E-005 9.99372E-005 9.99372E-005 0.849529 9.99372E-005 0.0848283 0.0309538 9.99372E-005 9.99372E-005 0.0326867 9.99372E-005
9.99009E-005 9.99009E-005 9.99009E-005 9.99009E-005 9.99009E-005 9.99009E-005 9.99009E-005 0.998901 9.99009E-005 9.99009E-005 9.99009E-005 9.99009E-005
9.99201E-005 9.99201E-005 0.0366346 9.99201E-005 0.855901 9.99201E-005 0.0579921 0.0486732 9.99201E-005 9.99201E-005 9.99201E-005 9.99201E-005
0.0373661 9.99462E-005 0.00263783 9.99462E-005 0.816073 9.99462E-005 0.0879869 0.0488581 9.99462E-005 0.00647882 9.99462E-005 9.99462E-005
9.99372E-005 9.99372E-005 9.99372E-005 9.99372E-005 0.855578 9.99372E-005 0.0731546 0.0514169 9.99372E-005 9.99372E-005 0.0175663 0.00158484
0.000252094 9.99461E-005 0.0052715 9.99461E-005 0.872451 9.99461E-005 9.99461E-005 0.0875494 0.012089 9.99461E-005 0.0217873 9.99461E-005
9.99282E-005 9.99282E-005 9.99282E-005 9.99282E-005 0.711557 9.99282E-005 0.133964 0.0737153 0.079964 9.99282E-005 9.99282E-005 9.99282E-005
9.99372E-005 9.99372E-005 9.99372E-005 9.99372E-005 0.903141 9.99372E-005 0.0173223 0.0220991 0.0398041 0.0169335 9.99372E-005 9.99372E-005
9.99372E-005 0.0593499 9.99372E-005 0.00131728 0.630481 9.99372E-005 0.0962445 0.211907 9.99372E-005 9.99372E-005 9.99372E-005 9.99372E-005
0.0451798 9.99551E-005 0.0288948 9.99551E-005 9.99551E-005 0.0457475 9.99551E-005 0.0370237 0.640893 0.0767862 0.124975 9.99551E-005
9.99461E-005 9.99461E-005 0.00247025 9.99461E-005 9.99461E-005 0.0894551 0.0175956 9.99461E-005 0.871045 0.0117649 0.00706901 9.99461E-005
0.0232454 9.99461E-005 0.0769803 9.99461E-005 0.0110049 0.165674 9.99461E-005 9.99461E-005 0.642224 0.0802712 9.99461E-005 9.99461E-005
9.99103E-005 9.99103E-005 0.989395 9.99103E-005 0.00960611 9.99103E-005 9.99103E-005 9.99103E-005 9.99103E-005 9.99103E-005 9.99103E-005 9.99103E-005
9.99192E-005 9.99192E-005 0.960506 9.99192E-005 9.99192E-005 9.99192E-005 9.99192E-005 0.00552477 9.99192E-005 0.0330698 9.99192E-005 9.99192E-005
9.99283E-005 0.0275766 0.909762 9.99283E-005 9.99283E-005 9.99283E-005 9.99283E-005 9.99283E-005 0.0370856 9.99283E-005 0.0247767 9.99283E-005
9.99371E-005 0.0132604 0.861421 9.99371E-005 9.99371E-005 9.99371E-005 9.99371E-005 9.99371E-005 9.99371E-005 0.0432223 0.0619695 0.0194275
9.99013E-005 9.99013E-005 9.99013E-005 9.99013E-005 9.99013E-005 9.99013E-005 9.99013E-005 9.99013E-005 9.99013E-005 9.99013E-005 9.99013E-005 0.998901
9.99192E-005 0.0041199 9.99192E-005 9.99192E-005 9.99192E-005 9.99192E-005 9.99192E-005 9.99192E-005 9.99192E-005 9.99192E-005 0.00297759 0.992003
9.99192E-005 9.99192E-005 0.011497 9.99192E-005 9.99192E-005 9.99192E-005 9.99192E-005 9.99192E-005 9.99192E-005 9.99192E-005 0.0383845 0.949219
0.016019 9.99551E-005 0.0145569 9.99551E-005 9.99551E-005 0.0329165 9.99551E-005 0.0238788 0.836193 0.0316238 0.044312 9.99551E-005
9.99282E-005 9.99282E-005 0.00213532 0.00891341 9.99282E-005 9.99282E-005 9.99282E-005 9.99282E-005 0.94758 9.99282E-005 9.99282E-005 0.0405719
9.99551E-005 9.99551E-005 9.99551E-005 9.99551E-005 0.0514901 0.114251 0.0383899 9.99551E-005 0.696335 0.0249557 0.0409877 0.0330909
9.99282E-005 9.99282E-005 9.99282E-005 0.0252972 9.99282E-005 9.99282E-005 0.0577632 9.99282E-005 0.857349 9.99282E-005 9.99282E-005 0.0587911
