0.0155592 0.00877307 9.998E-005 0.897629 0.00483687 0.0502606 9.998E-005 0.0227418
9.99461E-005 9.99461E-005 9.99461E-005 0.981948 9.99461E-005 9.99461E-005 9.99461E-005 0.017452
9.995E-005 9.995E-005 9.995E-005 0.877161 9.995E-005 0.0875415 9.995E-005 0.0347982
0.0701152 0.0555187 0.118199 0.710272 0.0209275 0.0194306 9.9991E-005 0.00543729
0.0631068 9.99641E-005 9.99641E-005 0.836697 9.99641E-005 0.0632873 9.99641E-005 0.0365093
9.994E-005 9.994E-005 9.994E-005 0.9993 9.994E-005 9.994E-005 9.994E-005 9.994E-005
9.99461E-005 9.99461E-005 9.99461E-005 0.991222 9.99461E-005 9.99461E-005 9.99461E-005 0.00817846
0.0702616 0.0996285 0.0871569 0.724334 0.0183195 9.99731E-005 9.99731E-005 9.99731E-005
9.996E-005 0.0198748 0.0456138 0.861999 9.996E-005 9.996E-005 0.0721124 9.996E-005
9.99551E-005 9.99551E-005 0.0817799 0.831888 9.99551E-005 9.99551E-005 0.0858327 9.99551E-005
9.99462E-005 9.99462E-005 9.99462E-005 0.926362 9.99462E-005 9.99462E-005 0.0730381 9.99462E-005
0.183479 9.99821E-005 0.160782 0.589897 0.00541883 0.00725339 9.99821E-005 0.0529696
0.0494965 0.0537005 0.103589 0.65668 0.00286958 0.107602 0.0259625 9.9991E-005
0.183003 9.99731E-005 9.99731E-005 0.659731 0.0243007 0.0764889 0.0561758 9.99731E-005
0.0640314 0.207927 0.11768 0.437365 0.0624188 0.0660213 0.0444576 9.9991E-005
0.0346861 0.0711206 0.141016 0.522156 0.0201665 0.210655 9.9982E-005 9.9982E-005
0.148759 0.075182 0.103704 0.585282 9.9982E-005 0.0714681 9.9982E-005 0.0154055
0.0844581 0.0596808 0.142696 0.470068 9.9973E-005 0.242798 9.9973E-005 9.9973E-005
0.028317 9.99821E-005 0.202724 0.0748028 9.99821E-005 0.120313 0.00544281 0.5682
0.0256692 9.99641E-005 0.897542 0.0401089 9.99641E-005 9.99641E-005 9.99641E-005 0.0362804
9.99461E-005 9.99461E-005 0.901697 9.99461E-005 9.99461E-005 9.99461E-005 9.99461E-005 0.0977037
0.0496987 9.99731E-005 0.600746 0.0646395 9.99731E-005 9.99731E-005 0.0259065 0.258709
9.99551E-005 9.99551E-005 0.900486 9.99551E-005 9.99551E-005 9.99551E-005 0.0276366 0.0713772
9.994E-005 9.994E-005 9.994E-005 9.994E-005 9.994E-005 9.994E-005 9.994E-005 0.9993
9.99461E-005 9.99461E-005 0.00585583 9.99461E-005 9.99461E-005 9.99461E-005 9.99461E-005 0.993544
9.994E-005 9.994E-005 9.994E-005 9.994E-005 9.994E-005 9.994E-005 9.994E-005 0.9993
0.0840031 9.99821E-005 0.774056 0.00480757 0.0220612 9.99821E-005 0.0360543 0.0788182
9.99551E-005 9.99551E-005 0.213829 0.0219133 9.99551E-005 9.99551E-005 9.99551E-005 0.763758
9.99641E-005 0.0309136 0.893269 9.99641E-005 9.99641E-005 0.0312302 9.99641E-005 0.0441876
9.994E-005 9.994E-005 9.994E-005 9.994E-005 9.994E-005 9.994E-005 9.994E-005 0.9993
9.99551E-005 9.99551E-005 0.761396 0.0786486 9.99551E-005 9.99551E-005 9.99551E-005 0.159455
9.994E-005 9.994E-005 9.994E-005 9.994E-005 9.994E-005 9.994E-005 9.994E-005 0.9993
9.99551E-005 9.99551E-005 0.76815 9.99551E-005 9.99551E-005 0.121291 9.99551E-005 0.11006
9.99551E-005 9.99551E-005 0.734669 9.99551E-005 0.0103064 9.99551E-005 9.99551E-005 0.254524
0.0178773 9.9982E-005 0.74763 9.9982E-005 0.0155887 0.0462577 0.0249558 0.14749
9.99641E-005 9.99641E-005 0.822516 0.0288419 9.99641E-005 0.00150197 9.99641E-005 0.14674
9.99731E-005 0.0669562 0.78666 0.0312365 9.99731E-005 9.99731E-005 0.00630716 0.10854
0.691295 9.99821E-005 0.0616904 0.0992058 0.0111248 0.100497 0.0359868 9.99821E-005
0.9993 9.994E-005 9.994E-005 9.994E-005 9.994E-005 9.994E-005 9.994E-005 9.994E-005
0.801889 9.998E-005 9.998E-005 0.0210193 0.0511263 0.111238 0.00968108 0.00484653
0.831637 9.99462E-005 9.99462E-005 9.99462E-005 9.99462E-005 0.167763 9.99462E-005 9.99462E-005
0.752124 9.99641E-005 9.99641E-005 9.99641E-005 0.0230946 0.202184 9.99641E-005 0.0221974
0.936983 9.99461E-005 9.99461E-005 9.99461E-005 9.99461E-005 0.0624176 9.99461E-005 9.99461E-005
0.762527 9.99461E-005 9.99461E-005 9.99461E-005 9.99461E-005 0.236873 9.99461E-005 9.99461E-005
0.806462 0.0426775 9.99731E-005 0.0501616 9.99731E-005 0.0784471 9.99731E-005 0.0219521
0.91108 9.99551E-005 9.99551E-005 9.99551E-005 9.99551E-005 0.0799337 9.99551E-005 0.00848684
0.133928 0.422626 9.9991E-005 0.128233 0.0612777 0.0321499 0.16418 0.0575054
9.994E-005 0.9993 9.994E-005 9.994E-005 9.994E-005 9.994E-005 9.994E-005 9.994E-005
0.0306099 0.789834 0.0356241 9.99642E-005 9.99642E-005 9.99642E-005 0.143532 9.99642E-005
9.9964E-005 0.642332 9.9964E-005 9.9964E-005 0.116147 0.18839 0.0527304 9.9964E-005
9.9946E-005 0.813298 9.9946E-005 9.9946E-005 9.9946E-005 9.9946E-005 0.186103 9.9946E-005
0.0778036 0.717044 9.9982E-005 0.0249553 0.110071 9.9982E-005 0.0249371 0.0449887
0.081395 0.569243 0.119963 0.00743702 0.133187 9.9982E-005 0.0885759 9.9982E-005
0.146131 0.578664 9.9982E-005 0.0841002 0.0886772 9.9982E-005 0.0576091 0.0446193
0.00698303 0.651793 9.9982E-005 0.145223 0.0952248 9.9982E-005 0.093071 0.00750463
0.0172069 0.719577 9.9982E-005 0.131097 0.0566987 0.032626 0.0425935 9.9982E-005
0.0016423 0.564661 9.9982E-005 9.9982E-005 0.148835 0.143441 0.0804092 0.0608112
0.0037023 0.658855 9.9982E-005 0.153013 0.143414 0.0158771 0.0249394 9.9982E-005
9.9982E-005 0.726413 9.9982E-005 0.00932716 0.0944368 0.053508 0.102338 0.0137769
9.9982E-005 0.709127 0.102545 0.00942117 0.0910011 0.029597 0.0581085 9.9982E-005
9.9982E-005 0.322394 0.250995 0.00569334 0.298521 0.0126217 0.109575 9.9982E-005
9.9973E-005 0.335982 0.283405 9.9973E-005 0.326686 0.0140211 0.0396066 9.9973E-005
0.056869 0.351918 0.107537 0.0623693 0.290372 0.0267176 0.0949907 0.00922664
9.99731E-005 0.113778 0.054218 9.99731E-005 0.596798 9.99731E-005 0.221709 0.0131976
0.00556822 0.00621358 9.9982E-005 9.9982E-005 0.518319 0.0254802 0.375184 0.0690354
9.994E-005 9.994E-005 9.994E-005 9.994E-005 0.9993 9.994E-005 9.994E-005 9.994E-005
9.994E-005 9.994E-005 9.994E-005 9.994E-005 0.9993 9.994E-005 9.994E-005 9.994E-005
0.0250483 0.0487475 0.122911 9.99731E-005 0.593952 9.99731E-005 0.209041 9.99731E-005
9.99641E-005 0.0845716 0.0401582 9.99641E-005 0.588832 9.99641E-005 0.286038 9.99641E-005
9.99461E-005 9.99461E-005 9.99461E-005 9.99461E-005 0.987654 0.0117463 9.99461E-005 9.99461E-005
9.994E-005 9.994E-005 9.994E-005 9.994E-005 0.9993 9.994E-005 9.994E-005 9.994E-005
9.99731E-005 0.0619009 0.154454 0.0210758 0.566759 9.99731E-005 0.195511 9.99731E-005
9.994E-005 9.994E-005 9.994E-005 9.994E-005 0.9993 9.994E-005 9.994E-005 9.994E-005
9.994E-005 9.994E-005 9.994E-005 9.994E-005 0.9993 9.994E-005 9.994E-005 9.994E-005
9.994E-005 9.994E-005 9.994E-005 9.994E-005 0.9993 9.994E-005 9.994E-005 9.994E-005
9.994E-005 9.994E-005 9.994E-005 9.994E-005 0.9993 9.994E-005 9.994E-005 9.994E-005
9.99461E-005 9.99461E-005 9.99461E-005 9.99461E-005 0.974129 9.99461E-005 9.99461E-005 0.0252709
9.99462E-005 9.99462E-005 0.923591 9.99462E-005 9.99462E-005 0.0758095 9.99462E-005 9.99462E-005
0.84131 9.996E-005 9.996E-005 0.00898797 9.996E-005 0.118206 9.996E-005 0.0310962
0.930438 9.99551E-005 9.99551E-005 9.99551E-005 9.99551E-005 0.0219372 9.99551E-005 0.0471251
9.99461E-005 9.99461E-005 9.99461E-005 9.99461E-005 0.0501807 9.99461E-005 0.94922 9.99461E-005
9.99462E-005 9.99462E-005 9.99462E-005 9.99462E-005 0.0761613 9.99462E-005 0.923239 9.99462E-005
9.99462E-005 9.99462E-005 9.99462E-005 9.99462E-005 0.0472646 9.99462E-005 0.952136 9.99462E-005
9.99461E-005 9.99461E-005 9.99461E-005 9.99461E-005 9.99461E-005 0.0374656 0.961935 9.99461E-005
9.99552E-005 0.0564921 9.99552E-005 9.99552E-005 0.0225863 9.99552E-005 0.920422 9.99552E-005
9.99551E-005 9.99551E-005 0.00372973 9.99551E-005 9.99551E-005 9.99551E-005 0.97148 0.0242907
9.99564E-005 9.99564E-005 9.99564E-005 9.99564E-005 0.0268564 9.99564E-005 0.929441 0.0432028
0.0388466 9.99641E-005 9.99641E-005 0.0196925 0.00378508 9.99641E-005 0.937276 9.99641E-005
9.99462E-005 9.99462E-005 0.0742119 9.99462E-005 9.99462E-005 9.99462E-005 0.925188 9.99462E-005
9.99461E-005 9.99461E-005 9.99461E-005 0.0543473 9.99461E-005 9.99461E-005 0.945053 9.99461E-005
9.99462E-005 9.99462E-005 9.99462E-005 9.99462E-005 9.99462E-005 0.0263051 0.973095 9.99462E-005
9.99552E-005 0.0590832 9.99552E-005 9.99552E-005 0.0281439 9.99552E-005 0.912273 9.99552E-005
9.99461E-005 9.99461E-005 9.99461E-005 0.018988 9.99461E-005 9.99461E-005 0.980412 9.99461E-005
9.99461E-005 9.99461E-005 9.99461E-005 9.99461E-005 0.0290807 9.99461E-005 0.97032 9.99461E-005
9.99551E-005 9.99551E-005 0.0224831 0.00802218 9.99551E-005 9.99551E-005 0.968995 9.99551E-005
9.99731E-005 0.00195369 0.00349874 9.99731E-005 9.99731E-005 0.0628232 0.912738 0.0186867
9.99461E-005 9.99461E-005 9.99461E-005 9.99461E-005 0.0808763 9.99461E-005 0.918524 9.99461E-005
0.0261707 9.99641E-005 9.99641E-005 9.99641E-005 0.00111296 0.00414824 0.968168 9.99641E-005
9.99552E-005 0.0115671 9.99552E-005 9.99552E-005 0.0104513 9.99552E-005 0.977482 9.99552E-005
9.99551E-005 9.99551E-005 0.0805044 9.99551E-005 0.0284887 9.99551E-005 0.890507 9.99551E-005
9.99551E-005 9.99551E-005 0.0243308 9.99551E-005 0.0264206 9.99551E-005 0.948749 9.99551E-005
9.99551E-005 9.99551E-005 9.99551E-005 9.99551E-005 0.0227875 0.0698595 0.906853 9.99551E-005
9.99461E-005 9.99461E-005 9.99461E-005 0.0327538 9.99461E-005 9.99461E-005 0.966647 9.99461E-005
9.99551E-005 0.09722 9.99551E-005 9.99551E-005 9.99551E-005 9.99551E-005 0.881757 0.0205231
9.99551E-005 9.99551E-005 9.99551E-005 9.99551E-005 0.0193546 0.00455442 0.975591 9.99551E-005
9.99641E-005 0.0440576 9.99641E-005 0.00697577 9.99641E-005 9.99641E-005 0.922164 0.0264027
9.9982E-005 0.0298195 0.061966 9.9982E-005 0.604246 0.0438281 0.255071 0.00486913
9.9964E-005 0.0994786 0.374777 9.9964E-005 0.357674 9.9964E-005 0.16767 9.9964E-005
0.0170014 0.0655713 0.0995795 9.999E-005 0.420923 0.00656855 0.364251 0.0260061
0.0359554 9.99731E-005 0.133268 0.00462982 0.0418336 0.784014 9.99731E-005 9.99731E-005
9.994E-005 9.994E-005 9.994E-005 9.994E-005 9.994E-005 0.9993 9.994E-005 9.994E-005
9.994E-005 9.994E-005 9.994E-005 9.994E-005 9.994E-005 0.9993 9.994E-005 9.994E-005
9.9955E-005 9.9955E-005 0.0106388 9.9955E-005 9.9955E-005 0.972469 9.9955E-005 0.016392
0.0354612 9.99462E-005 9.99462E-005 9.99462E-005 9.99462E-005 0.963939 9.99462E-005 9.99462E-005
9.994E-005 9.994E-005 9.994E-005 9.994E-005 9.994E-005 0.9993 9.994E-005 9.994E-005
0.195663 0.0418977 0.123975 0.0538844 0.0384666 0.505634 9.999E-005 0.0403784
0.986196 9.99461E-005 9.99461E-005 9.99461E-005 9.99461E-005 9.99461E-005 9.99461E-005 0.0132038
0.9993 9.994E-005 9.994E-005 9.994E-005 9.994E-005 9.994E-005 9.994E-005 9.994E-005
0.892976 9.997E-005 9.997E-005 0.00753328 0.0221222 9.997E-005 0.00633676 0.0707321
0.013738 9.99731E-005 0.364329 9.99731E-005 9.99731E-005 0.168096 0.446193 0.00734432
0.04339 0.164442 0.205919 0.432326 9.999E-005 0.0478161 0.0653076 0.0406997
9.9991E-005 0.55618 0.0820747 0.109236 0.0172786 0.0150928 0.181412 0.0386254
9.9982E-005 0.472693 0.0602852 9.9982E-005 0.252113 0.0248426 0.172883 0.0169831
9.9973E-005 0.411135 0.0718639 0.1282 0.351404 9.9973E-005 0.0370966 9.9973E-005
9.99462E-005 0.367967 9.99462E-005 9.99462E-005 9.99462E-005 9.99462E-005 0.631433 9.99462E-005
9.99641E-005 9.99641E-005 9.99641E-005 9.99641E-005 0.0201672 0.0267626 0.942915 0.00975529
0.0319844 9.99551E-005 9.99551E-005 9.99551E-005 9.99551E-005 0.00431474 0.963201 9.99551E-005
9.99821E-005 0.0169512 0.0296807 0.0164543 0.00578653 9.99821E-005 0.924402 0.00652498
0.00935646 9.99462E-005 9.99462E-005 9.99462E-005 9.99462E-005 9.99462E-005 0.990044 9.99462E-005
9.99641E-005 0.0311618 9.99641E-005 9.99641E-005 9.99641E-005 0.032373 0.934466 0.00159963
9.99551E-005 0.0285435 9.99551E-005 9.99551E-005 0.0385675 9.99551E-005 0.932389 9.99551E-005
9.99551E-005 9.99551E-005 9.99551E-005 9.99551E-005 0.0290359 0.0345104 0.935954 9.99551E-005
9.99462E-005 9.99462E-005 9.99462E-005 9.99462E-005 9.99462E-005 9.99462E-005 0.989681 0.00971923
0.0479732 9.99551E-005 9.99551E-005 9.99551E-005 0.00913752 9.99551E-005 0.94239 9.99551E-005
9.99552E-005 9.99552E-005 9.99552E-005 9.99552E-005 0.0559655 9.99552E-005 0.938542 0.00499247
9.99552E-005 9.99552E-005 0.0175168 9.99552E-005 9.99552E-005 0.00741206 0.974571 9.99552E-005
0.0227684 9.99641E-005 9.99641E-005 9.99641E-005 0.00704558 0.0100695 0.959717 9.99641E-005
9.99461E-005 9.99461E-005 0.0931041 9.99461E-005 9.99461E-005 9.99461E-005 0.906296 9.99461E-005
9.99641E-005 0.000501291 9.99641E-005 9.99641E-005 9.99641E-005 0.00689069 0.953621 0.0385868
9.99551E-005 0.0618795 0.00187656 9.99551E-005 9.99551E-005 9.99551E-005 0.935744 9.99551E-005
9.99731E-005 9.99731E-005 0.649671 0.0571114 0.0490085 0.159486 9.99731E-005 0.0844239
0.032647 9.9982E-005 0.832744 0.0888502 0.0091969 0.00405595 9.9982E-005 0.0323058
0.10866 9.99731E-005 0.606145 0.153814 0.0303875 9.99731E-005 9.99731E-005 0.100694
0.980465 9.99462E-005 0.018935 9.99462E-005 9.99462E-005 9.99462E-005 9.99462E-005 9.99462E-005
0.974502 9.99461E-005 9.99461E-005 9.99461E-005 9.99461E-005 9.99461E-005 9.99461E-005 0.0248982
0.940504 9.99462E-005 0.0588966 9.99462E-005 9.99462E-005 9.99462E-005 9.99462E-005 9.99462E-005
0.847254 0.000993849 0.0148148 9.9982E-005 0.000945921 0.10135 9.9982E-005 0.0344415
0.0147609 0.481938 0.118217 0.0292438 0.298201 9.9991E-005 0.0556656 0.00187359
0.0393112 0.515928 0.0179749 9.9991E-005 0.278931 0.0687344 0.0527697 0.0262506
9.9982E-005 0.307833 0.212889 0.0226025 0.312755 0.0832568 0.0604632 9.9982E-005
0.0250839 9.99821E-005 0.805509 0.029334 0.0199123 0.0639285 9.99821E-005 0.0560319
0.01804 0.0320525 0.927676 9.99731E-005 9.99731E-005 0.00403585 9.99731E-005 0.0178962
9.9991E-005 0.020389 0.724583 0.0865113 0.015151 0.0798575 0.0632129 0.0101948
9.99551E-005 9.99551E-005 0.945699 9.99551E-005 0.018922 9.99551E-005 0.0348796 9.99551E-005
