0.77813 9.9982E-005 0.0233244 0.198345 9.9982E-005
0.81596 9.9982E-005 0.0406685 0.143172 9.9982E-005
0.744331 9.9982E-005 0.0497785 0.205691 9.9982E-005
0.675146 0.0240603 0.0526458 0.248048 9.9991E-005
0.689811 9.9982E-005 0.0177063 0.292283 9.9982E-005
0.888364 9.9973E-005 9.9973E-005 0.111336 9.9973E-005
0.851212 9.9982E-005 0.0596257 0.088962 9.9982E-005
0.749112 0.0378075 0.00993157 0.203049 9.9991E-005
0.847136 0.00705114 0.0138954 0.0874543 0.0444632
0.70975 9.9991E-005 0.0213427 0.199129 0.0696792
0.780971 9.9982E-005 9.9982E-005 0.156262 0.062567
0.523161 9.9982E-005 0.14363 0.333009 9.9982E-005
0.674056 0.0351065 0.0453413 0.245396 9.9991E-005
0.604776 0.0416987 9.9991E-005 0.344315 0.00910987
0.600461 0.0619257 0.0587051 0.191447 0.0874606
0.600313 0.0390094 0.0640122 0.296565 9.9991E-005
0.602734 9.9982E-005 0.0697779 0.327288 9.9982E-005
0.590161 9.9982E-005 0.0446342 0.365005 9.9982E-005
0.0482242 9.9991E-005 0.74193 0.1959 0.0138458
0.267908 9.9991E-005 0.423146 0.292256 0.0165903
0.154268 9.9991E-005 0.540642 0.296994 0.00799574
0.176437 9.9991E-005 0.572425 0.199283 0.0517552
0.19689 9.9991E-005 0.477354 0.200219 0.125437
9.997E-005 9.997E-005 0.9996 9.997E-005 9.997E-005
9.997E-005 9.997E-005 0.9996 9.997E-005 9.997E-005
9.997E-005 9.997E-005 0.9996 9.997E-005 9.997E-005
0.180118 0.0182535 0.403965 0.312251 0.085412
9.9982E-005 0.00194712 0.984591 0.0132622 9.9982E-005
0.326173 0.0347374 0.435834 0.203155 9.9991E-005
9.997E-005 9.997E-005 0.9996 9.997E-005 9.997E-005
0.253201 0.0479113 0.515502 0.17478 0.00860562
9.997E-005 9.997E-005 0.9996 9.997E-005 9.997E-005
0.188441 0.0231288 0.448211 0.334882 0.00533699
0.134653 0.0232204 0.634588 0.172064 0.0354741
0.104257 0.0277481 0.491407 0.296666 0.0799225
0.22065 0.030958 0.529304 0.218988 9.9991E-005
0.284444 0.0334153 0.439332 0.178706 0.0641019
0.0843137 0.00302648 0.00291885 0.85727 0.0524712
9.997E-005 9.997E-005 9.997E-005 0.9996 9.997E-005
9.9991E-005 0.0301304 0.0322294 0.912915 0.0246251
9.997E-005 9.997E-005 9.997E-005 0.9996 9.997E-005
0.0103059 0.0269219 0.0377474 0.924925 9.9991E-005
9.997E-005 9.997E-005 9.997E-005 0.9996 9.997E-005
9.99731E-005 0.00466394 9.99731E-005 0.995036 9.99731E-005
0.0735778 9.9991E-005 0.0429041 0.872113 0.0113052
9.99731E-005 9.99731E-005 0.000842622 0.998857 9.99731E-005
0.466079 0.0622804 0.0505584 0.115771 0.305311
0.9996 9.997E-005 9.997E-005 9.997E-005 9.997E-005
0.470768 9.99911E-005 0.0387978 0.0290327 0.461302
0.520985 0.13148 9.9991E-005 0.074304 0.273131
0.49196 9.99731E-005 9.99731E-005 9.99731E-005 0.50774
0.6004 0.106841 0.0171314 9.9991E-005 0.275527
0.475117 0.143166 0.0568356 0.0270728 0.297809
0.545158 0.0861009 0.0340722 0.0669423 0.267727
0.588273 0.0903227 9.9982E-005 9.9982E-005 0.321204
0.659971 0.0383666 9.9982E-005 9.9982E-005 0.301462
0.463118 0.17861 0.0578939 0.0332864 0.267092
0.627901 0.127424 9.9982E-005 9.9982E-005 0.244476
0.553891 0.0913564 9.9982E-005 9.9982E-005 0.354553
0.574242 0.108552 0.0183307 9.9991E-005 0.298775
0.35661 0.325013 0.0764793 9.9991E-005 0.241798
0.352362 0.349339 0.0665023 0.048942 0.182855
0.371855 0.315549 0.041089 0.0735351 0.197972
0.103656 0.605817 0.0220719 9.9991E-005 0.268356
9.9991E-005 0.521172 0.0673612 0.0197639 0.391603
9.997E-005 0.9996 9.997E-005 9.997E-005 9.997E-005
9.997E-005 0.9996 9.997E-005 9.997E-005 9.997E-005
0.0657272 0.595516 0.0450132 0.0432777 0.250466
0.0311617 0.617302 0.0270638 9.9991E-005 0.324373
9.9973E-005 0.99106 9.9973E-005 0.0086401 9.9973E-005
9.997E-005 0.9996 9.997E-005 9.997E-005 9.997E-005
0.149055 0.58856 0.0448459 9.9991E-005 0.217439
9.997E-005 0.9996 9.997E-005 9.997E-005 9.997E-005
9.997E-005 0.9996 9.997E-005 9.997E-005 9.997E-005
9.997E-005 0.9996 9.997E-005 9.997E-005 9.997E-005
9.997E-005 0.9996 9.997E-005 9.997E-005 9.997E-005
9.9973E-005 0.982324 0.0173762 9.9973E-005 9.9973E-005
0.216379 0.00829934 0.361485 0.375724 0.0381118
9.99731E-005 9.99731E-005 0.0492264 0.950474 9.99731E-005
9.9973E-005 9.9973E-005 0.0577511 0.941949 9.9973E-005
9.9973E-005 0.0404451 9.9973E-005 9.9973E-005 0.959255
9.99731E-005 0.0559065 9.99731E-005 9.99731E-005 0.943794
9.99731E-005 0.0258626 9.99731E-005 9.99731E-005 0.973838
9.99731E-005 9.99731E-005 9.99731E-005 0.0147148 0.984985
0.00338172 0.033408 9.99821E-005 9.99821E-005 0.96301
9.9982E-005 0.0031126 0.0324066 9.9982E-005 0.964281
9.99821E-005 0.0122348 0.0416869 9.99821E-005 0.945878
9.99821E-005 0.037847 9.99821E-005 0.0133408 0.948612
9.9982E-005 9.9982E-005 0.0535025 0.00189831 0.944399
0.0360319 9.9973E-005 9.9973E-005 9.9973E-005 0.963668
9.99731E-005 9.99731E-005 9.99731E-005 0.0179621 0.981738
0.000920862 0.0467531 0.0166577 9.9991E-005 0.935568
0.00751216 9.99731E-005 9.99731E-005 9.99731E-005 0.992188
9.9973E-005 0.0298995 9.9973E-005 9.9973E-005 0.969801
9.99731E-005 0.0175071 9.99731E-005 9.99731E-005 0.982193
0.028034 9.9991E-005 0.0255311 0.00952628 0.936809
9.99731E-005 0.0748763 9.99731E-005 9.99731E-005 0.924824
9.99731E-005 9.99731E-005 9.99731E-005 0.0338678 0.965832
9.99731E-005 0.0183404 9.99731E-005 9.99731E-005 0.98136
9.9982E-005 0.0274306 0.042701 9.9982E-005 0.929668
9.9982E-005 0.0047419 0.00777978 9.9982E-005 0.987278
9.9991E-005 0.0526322 0.00202873 0.0321016 0.913137
0.00801705 0.0183685 9.9982E-005 9.9982E-005 0.973414
0.0631254 9.9982E-005 0.00888901 9.9982E-005 0.927786
9.9973E-005 0.0275556 9.9973E-005 9.9973E-005 0.972145
0.0307829 9.9982E-005 0.0260803 9.9982E-005 0.942937
0.0455159 0.607518 0.0654092 9.9991E-005 0.281457
0.15849 0.382096 0.174868 0.0488144 0.235731
0.0578728 0.444833 0.0766017 0.0245174 0.396175
0.18715 0.0756967 0.0614786 0.675575 9.9991E-005
0.16937 9.9982E-005 9.9982E-005 0.817112 0.0133183
0.193805 0.0340454 0.0320696 0.73998 9.9991E-005
0.220378 0.0196263 0.0664144 0.693482 9.9991E-005
0.169699 0.0140766 9.99821E-005 0.816024 9.99821E-005
0.223296 9.99821E-005 0.0241285 0.752375 9.99821E-005
0.22212 0.0318848 0.135578 0.610317 9.9991E-005
9.99731E-005 9.99731E-005 0.00880839 0.990892 9.99731E-005
9.997E-005 9.997E-005 9.997E-005 0.9996 9.997E-005
9.99821E-005 0.0183207 0.108745 0.872734 9.99821E-005
9.99821E-005 9.99821E-005 0.18918 0.324089 0.48653
0.585511 9.9991E-005 0.138613 0.167422 0.108354
0.481235 0.0275761 0.0799422 0.0235198 0.387726
0.370868 0.260012 0.0318921 9.9991E-005 0.337128
0.452802 0.377482 0.00399738 9.9991E-005 0.165619
0.0682404 9.99732E-005 9.99732E-005 9.99732E-005 0.93146
9.99821E-005 0.0223659 9.99821E-005 0.0111621 0.966272
9.99731E-005 9.99731E-005 9.99731E-005 0.0241289 0.975571
0.0591736 9.9982E-005 0.0115594 9.9982E-005 0.929067
9.99731E-005 9.99731E-005 9.99731E-005 0.00026482 0.999435
0.00442669 9.9982E-005 0.00906234 9.9982E-005 0.986311
9.99731E-005 0.03356 9.99731E-005 9.99731E-005 0.96614
9.9982E-005 0.0397962 9.9982E-005 0.0154305 0.944573
9.99731E-005 9.99731E-005 0.00284895 9.99731E-005 0.996851
9.9982E-005 0.0270695 9.9982E-005 0.0384804 0.93425
9.99731E-005 0.058264 9.99731E-005 9.99731E-005 0.941436
9.99821E-005 9.99821E-005 0.00493539 0.00974327 0.985121
9.9982E-005 0.0377568 9.9982E-005 0.00568747 0.956356
9.9982E-005 9.9982E-005 0.0207322 0.0445625 0.934505
9.99731E-005 9.99731E-005 0.0421354 9.99731E-005 0.957565
0.0242107 9.99821E-005 0.00102299 9.99821E-005 0.974566
0.150263 0.0832337 0.373903 0.364815 0.0277863
0.249439 0.00879716 0.389904 0.314036 0.0378229
0.219377 0.0644947 0.388939 0.325459 0.00173031
9.997E-005 9.997E-005 9.997E-005 0.9996 9.997E-005
9.99731E-005 9.99731E-005 0.00774958 0.99195 9.99731E-005
9.99731E-005 9.99731E-005 0.0013968 0.998303 9.99731E-005
0.0145061 9.9982E-005 0.0534852 0.931809 9.9982E-005
0.42057 0.331107 0.0359942 9.9991E-005 0.212229
0.425219 0.317621 0.0497327 9.9991E-005 0.207328
0.351369 0.321884 0.0255764 0.103241 0.19793
0.223692 0.0403837 0.382683 0.317467 0.0357734
0.27437 0.00997631 0.379185 0.295602 0.0408676
0.302873 0.0365202 0.289076 0.275608 0.0959225
0.218061 0.0381821 0.386733 0.257116 0.0999075
