9.99641E-005 9.99641E-005 0.00822969 0.949348 9.99641E-005 0.0109588 0.0199509 0.0111128 9.99641E-005
9.99371E-005 9.99371E-005 9.99371E-005 0.968138 9.99371E-005 9.99371E-005 0.0311623 9.99371E-005 9.99371E-005
9.99371E-005 9.99371E-005 9.99371E-005 0.95692 9.99371E-005 9.99371E-005 0.0423809 9.99371E-005 9.99371E-005
0.112678 9.99551E-005 0.0445055 0.692009 0.150307 9.99551E-005 9.99551E-005 9.99551E-005 9.99551E-005
9.99461E-005 9.99461E-005 0.0948675 0.892235 9.99461E-005 9.99461E-005 0.0122977 9.99461E-005 9.99461E-005
9.993E-005 9.993E-005 9.993E-005 0.999201 9.993E-005 9.993E-005 9.993E-005 9.993E-005 9.993E-005
9.99371E-005 9.99371E-005 9.99371E-005 0.998515 9.99371E-005 9.99371E-005 0.000785254 9.99371E-005 9.99371E-005
0.079471 9.99731E-005 0.0511239 0.712816 0.0331838 9.99731E-005 9.99731E-005 0.000147949 0.122957
0.0510512 0.0627355 9.99551E-005 0.821077 0.0646368 9.99551E-005 9.99551E-005 9.99551E-005 9.99551E-005
0.0854098 0.0977597 9.99461E-005 0.816231 9.99461E-005 9.99461E-005 9.99461E-005 9.99461E-005 9.99461E-005
9.99461E-005 0.0672011 9.99461E-005 0.866206 9.99461E-005 9.99461E-005 9.99461E-005 0.0659927 9.99461E-005
0.168717 9.99641E-005 0.146883 0.606372 9.99641E-005 0.0130847 0.0645434 9.99641E-005 9.99641E-005
0.0557264 0.00551584 0.0695782 0.724818 9.99731E-005 9.99731E-005 9.99731E-005 0.00407665 0.139985
9.99642E-005 0.0169841 0.206809 0.653481 0.0855062 0.0368196 9.99642E-005 9.99642E-005 9.99642E-005
0.124232 0.0191044 0.0815539 0.456895 0.113686 0.013515 9.9991E-005 0.0888458 0.102068
0.137827 9.99731E-005 0.147587 0.552633 0.094773 9.99731E-005 9.99731E-005 0.0123654 0.0545144
0.168978 9.99641E-005 0.158229 0.551334 0.118106 9.99641E-005 0.00295373 9.99641E-005 9.99641E-005
0.14086 9.99551E-005 0.24268 0.54366 9.99551E-005 9.99551E-005 9.99551E-005 0.0722999 9.99551E-005
0.27352 9.99731E-005 0.0710125 0.0662895 0.0147274 0.00746813 0.566682 9.99731E-005 9.99731E-005
0.88486 9.99462E-005 9.99462E-005 0.058071 9.99462E-005 9.99462E-005 0.0564688 9.99462E-005 9.99462E-005
0.87719 9.99462E-005 0.00277615 9.99462E-005 9.99462E-005 9.99462E-005 0.119434 9.99462E-005 9.99462E-005
0.589962 0.0232778 0.0178755 0.0686228 9.99731E-005 9.99731E-005 0.275213 9.99731E-005 0.0247485
0.872912 0.0334593 9.99551E-005 9.99551E-005 9.99551E-005 9.99551E-005 0.068099 0.0250304 9.99551E-005
9.993E-005 9.993E-005 9.993E-005 9.993E-005 9.993E-005 9.993E-005 0.999201 9.993E-005 9.993E-005
9.993E-005 9.993E-005 9.993E-005 9.993E-005 9.993E-005 9.993E-005 0.999201 9.993E-005 9.993E-005
9.993E-005 9.993E-005 9.993E-005 9.993E-005 9.993E-005 9.993E-005 0.999201 9.993E-005 9.993E-005
0.757281 0.00898716 0.0356343 9.99731E-005 0.109465 0.000467185 0.0878655 9.99731E-005 9.99731E-005
0.222775 9.99371E-005 9.99371E-005 9.99371E-005 9.99371E-005 9.99371E-005 0.776526 9.99371E-005 9.99371E-005
0.920439 9.99551E-005 9.99551E-005 9.99551E-005 0.033479 9.99551E-005 0.0434148 0.00216727 9.99551E-005
9.993E-005 9.993E-005 9.993E-005 9.993E-005 9.993E-005 9.993E-005 0.999201 9.993E-005 9.993E-005
0.663286 9.99551E-005 9.99551E-005 0.0294444 9.99551E-005 9.99551E-005 0.188642 9.99551E-005 0.118128
9.993E-005 9.993E-005 9.993E-005 9.993E-005 9.993E-005 9.993E-005 0.999201 9.993E-005 9.993E-005
0.829594 9.99461E-005 0.0583443 9.99461E-005 9.99461E-005 9.99461E-005 0.111462 9.99461E-005 9.99461E-005
0.675835 0.0033786 9.99551E-005 9.99551E-005 9.99551E-005 0.0158664 0.30442 9.99551E-005 9.99551E-005
0.68266 0.0215691 0.0433684 9.99641E-005 9.99641E-005 9.99641E-005 0.189314 9.99641E-005 0.0626892
0.811998 9.99461E-005 9.99461E-005 0.0404498 9.99461E-005 9.99461E-005 0.146952 9.99461E-005 9.99461E-005
0.720942 9.99731E-005 9.99731E-005 0.0313682 0.0898393 0.00430708 0.12682 0.0264234 9.99731E-005
0.026231 0.063685 0.792997 0.0912791 9.99731E-005 0.00442332 9.99731E-005 9.99731E-005 0.0210845
9.99371E-005 9.99371E-005 0.982948 9.99371E-005 9.99371E-005 9.99371E-005 9.99371E-005 0.016352 9.99371E-005
0.0103637 0.0352552 0.883725 9.99641E-005 9.99641E-005 0.0354547 0.0348012 9.99641E-005 9.99641E-005
9.99462E-005 9.99462E-005 0.974665 0.00334471 9.99462E-005 9.99462E-005 9.99462E-005 0.021391 9.99462E-005
9.99641E-005 9.99641E-005 0.90579 9.99641E-005 9.99641E-005 0.0253359 0.04534 0.0215092 0.00162534
9.99461E-005 9.99461E-005 0.969522 9.99461E-005 0.0286967 9.99461E-005 0.00118171 9.99461E-005 9.99461E-005
0.022344 9.99462E-005 0.95911 9.99462E-005 9.99462E-005 0.0179465 9.99462E-005 9.99462E-005 9.99462E-005
0.0250502 9.99641E-005 0.847765 0.015457 0.082292 9.99641E-005 0.0290357 9.99641E-005 9.99641E-005
9.99371E-005 9.99371E-005 0.979047 9.99371E-005 9.99371E-005 9.99371E-005 0.0202532 9.99371E-005 9.99371E-005
9.997E-005 0.0837498 0.0951516 0.114595 0.531974 9.997E-005 0.0512678 9.997E-005 0.122962
9.993E-005 9.993E-005 9.993E-005 9.993E-005 9.993E-005 9.993E-005 9.993E-005 0.999201 9.993E-005
9.99458E-005 0.030301 0.048461 9.99458E-005 9.99458E-005 9.99458E-005 9.99458E-005 0.920638 9.99458E-005
9.99372E-005 9.99372E-005 0.0416976 9.99372E-005 0.957603 9.99372E-005 9.99372E-005 9.99372E-005 9.99372E-005
9.99458E-005 0.116526 9.99458E-005 9.99458E-005 0.336265 9.99458E-005 9.99458E-005 0.546609 9.99458E-005
9.99372E-005 9.99372E-005 9.99372E-005 9.99372E-005 0.977462 9.99372E-005 0.0218381 9.99372E-005 9.99372E-005
0.115205 0.00556426 9.99551E-005 9.99551E-005 0.81662 0.0621111 9.99551E-005 9.99551E-005 9.99551E-005
9.99731E-005 0.00437999 0.0902946 0.0564002 0.737594 9.99731E-005 0.0365133 9.99731E-005 0.0745176
9.99462E-005 0.00181961 9.99462E-005 0.01531 0.982271 9.99462E-005 9.99462E-005 9.99462E-005 9.99462E-005
9.99372E-005 9.99372E-005 9.99372E-005 0.0330608 0.96624 9.99372E-005 9.99372E-005 9.99372E-005 9.99372E-005
9.99551E-005 9.99551E-005 0.0165046 9.99551E-005 0.86185 0.0641656 0.0569798 9.99551E-005 9.99551E-005
9.99372E-005 9.99372E-005 9.99372E-005 0.024224 0.975076 9.99372E-005 9.99372E-005 9.99372E-005 9.99372E-005
9.99371E-005 0.0172259 9.99371E-005 9.99371E-005 0.982075 9.99371E-005 9.99371E-005 9.99371E-005 9.99371E-005
0.0545973 9.99371E-005 9.99371E-005 9.99371E-005 0.944703 9.99371E-005 9.99371E-005 9.99371E-005 9.99371E-005
0.0068012 0.0136109 9.99551E-005 9.99551E-005 9.99551E-005 9.99551E-005 0.00381788 9.99551E-005 0.97527
0.0408914 9.99461E-005 0.0125626 9.99461E-005 9.99461E-005 9.99461E-005 9.99461E-005 9.99461E-005 0.945946
9.99551E-005 9.99551E-005 0.0497838 0.0129532 0.012115 9.99551E-005 9.99551E-005 9.99551E-005 0.924648
9.99461E-005 0.161412 9.99461E-005 9.99461E-005 9.99461E-005 0.339528 9.99461E-005 9.99461E-005 0.49846
9.99551E-005 0.306082 9.99551E-005 9.99551E-005 9.99551E-005 0.353932 0.0282982 9.99551E-005 0.311189
9.99372E-005 9.99372E-005 9.99372E-005 9.99372E-005 0.0141372 0.985163 9.99372E-005 9.99372E-005 9.99372E-005
9.993E-005 9.993E-005 9.993E-005 9.993E-005 9.993E-005 0.999201 9.993E-005 9.993E-005 9.993E-005
9.99461E-005 0.141237 9.99461E-005 9.99461E-005 9.99461E-005 0.383339 9.99461E-005 9.99461E-005 0.474824
9.99461E-005 0.231077 9.99461E-005 9.99461E-005 9.99461E-005 0.381109 9.99461E-005 9.99461E-005 0.387215
0.00761279 9.99551E-005 0.0185864 0.0156839 9.99551E-005 0.957617 9.99551E-005 9.99551E-005 9.99551E-005
9.993E-005 9.993E-005 9.993E-005 9.993E-005 9.993E-005 0.999201 9.993E-005 9.993E-005 9.993E-005
0.0225048 0.115128 9.99551E-005 9.99551E-005 9.99551E-005 0.358689 9.99551E-005 9.99551E-005 0.503178
9.99551E-005 9.99551E-005 0.00477098 9.99551E-005 0.00934503 0.982509 0.00287473 9.99551E-005 9.99551E-005
9.99371E-005 9.99371E-005 9.99371E-005 9.99371E-005 9.99371E-005 0.995704 9.99371E-005 0.00359658 9.99371E-005
9.993E-005 9.993E-005 9.993E-005 9.993E-005 9.993E-005 0.999201 9.993E-005 9.993E-005 9.993E-005
9.99461E-005 0.000702803 9.99461E-005 9.99461E-005 9.99461E-005 0.929003 9.99461E-005 9.99461E-005 0.0696948
9.99371E-005 9.99371E-005 9.99371E-005 9.99371E-005 9.99371E-005 0.965179 0.0341214 9.99371E-005 9.99371E-005
0.957083 9.99372E-005 0.042217 9.99372E-005 9.99372E-005 9.99372E-005 9.99372E-005 9.99372E-005 9.99372E-005
9.99641E-005 9.99641E-005 0.904781 0.014459 9.99641E-005 9.99641E-005 0.0331995 0.0153587 0.0318021
9.99371E-005 9.99371E-005 0.929199 9.99371E-005 9.99371E-005 9.99371E-005 0.0701012 9.99371E-005 9.99371E-005
9.99372E-005 0.958287 9.99372E-005 9.99372E-005 9.99372E-005 0.0410134 9.99372E-005 9.99372E-005 9.99372E-005
9.99462E-005 0.928366 9.99462E-005 9.99462E-005 9.99462E-005 0.0634353 9.99462E-005 0.00759896 9.99462E-005
9.99372E-005 0.960195 9.99372E-005 9.99372E-005 9.99372E-005 0.0391059 9.99372E-005 9.99372E-005 9.99372E-005
9.99461E-005 0.962818 0.0154715 9.99461E-005 0.0211106 9.99461E-005 9.99461E-005 9.99461E-005 9.99461E-005
9.99552E-005 0.932539 9.99552E-005 9.99552E-005 0.0450193 0.0144391 9.99552E-005 9.99552E-005 0.00750288
9.99551E-005 0.933518 9.99551E-005 9.99551E-005 0.00626121 9.99551E-005 0.0175417 9.99551E-005 0.0421794
0.0276283 0.926974 9.99552E-005 9.99552E-005 9.99552E-005 0.00929561 0.0356018 9.99552E-005 9.99552E-005
9.99634E-005 0.898024 9.99634E-005 9.99634E-005 0.0671769 0.0110848 9.99634E-005 9.99634E-005 0.0232141
0.066673 0.91342 9.99462E-005 9.99462E-005 0.0193077 9.99462E-005 9.99462E-005 9.99462E-005 9.99462E-005
9.99551E-005 0.933488 9.99551E-005 0.0430025 0.0150101 9.99551E-005 0.00799938 9.99551E-005 9.99551E-005
9.99372E-005 0.983714 0.0155869 9.99372E-005 9.99372E-005 9.99372E-005 9.99372E-005 9.99372E-005 9.99372E-005
9.99551E-005 0.863543 9.99551E-005 9.99551E-005 0.0715296 0.0188735 9.99551E-005 0.045554 9.99551E-005
9.99372E-005 0.922091 9.99372E-005 9.99372E-005 0.0772094 9.99372E-005 9.99372E-005 9.99372E-005 9.99372E-005
9.99461E-005 0.960519 9.99461E-005 9.99461E-005 0.0110191 0.0278617 9.99461E-005 9.99461E-005 9.99461E-005
9.99372E-005 0.930383 9.99372E-005 9.99372E-005 9.99372E-005 9.99372E-005 9.99372E-005 9.99372E-005 0.0689173
0.0104444 0.890675 0.016788 0.0158849 0.00580296 9.9991E-005 0.0187619 0.0297387 0.0118038
9.99372E-005 0.92846 9.99372E-005 9.99372E-005 9.99372E-005 0.0708403 9.99372E-005 9.99372E-005 9.99372E-005
9.99462E-005 0.957061 0.0334406 0.00889882 9.99462E-005 9.99462E-005 9.99462E-005 9.99462E-005 9.99462E-005
9.99372E-005 0.961775 9.99372E-005 9.99372E-005 9.99372E-005 9.99372E-005 9.99372E-005 9.99372E-005 0.0375251
0.0913137 0.895649 9.99551E-005 9.99551E-005 9.99551E-005 0.004685 9.99551E-005 0.00785256 9.99551E-005
0.0336874 0.952007 9.99462E-005 9.99462E-005 9.99462E-005 0.0137059 9.99462E-005 9.99462E-005 9.99462E-005
0.0148347 0.883703 0.0186789 9.99641E-005 9.99641E-005 0.0441198 9.99641E-005 9.99641E-005 0.0382641
9.99551E-005 0.946434 9.99551E-005 0.03005 9.99551E-005 0.0211983 9.99551E-005 0.00181762 9.99551E-005
9.99551E-005 0.863893 9.99551E-005 9.99551E-005 0.101784 9.99551E-005 0.00466465 9.99551E-005 0.0291587
9.99461E-005 0.944927 9.99461E-005 9.99461E-005 9.99461E-005 0.00642466 9.99461E-005 9.99461E-005 0.0480489
9.99641E-005 0.90693 9.99641E-005 0.0152632 9.99641E-005 9.99641E-005 0.0309021 0.0345228 0.0119819
9.99461E-005 0.144705 9.99461E-005 9.99461E-005 9.99461E-005 0.313531 9.99461E-005 9.99461E-005 0.541165
0.269325 0.114679 9.99551E-005 9.99551E-005 9.99551E-005 0.195677 9.99551E-005 9.99551E-005 0.419819
0.00524309 0.291107 9.99641E-005 9.99641E-005 9.99641E-005 0.268813 0.013249 9.99641E-005 0.421188
0.25851 9.99551E-005 0.473442 0.204232 9.99551E-005 0.0633169 9.99551E-005 9.99551E-005 9.99551E-005
0.0723176 9.99551E-005 0.620273 0.25001 9.99551E-005 9.99551E-005 9.99551E-005 9.99551E-005 0.0569005
0.0857465 9.99641E-005 0.616649 0.187013 0.108699 9.99641E-005 9.99641E-005 9.99641E-005 0.00149336
0.163139 9.99641E-005 0.490398 0.329397 9.99641E-005 0.0155162 0.00114983 9.99641E-005 9.99641E-005
0.0838604 9.99552E-005 0.692555 0.207696 9.99552E-005 0.0153885 9.99552E-005 9.99552E-005 9.99552E-005
0.0601006 9.99462E-005 0.619412 0.319888 9.99462E-005 9.99462E-005 9.99462E-005 9.99462E-005 9.99462E-005
0.208342 9.99821E-005 0.479202 0.21416 0.0249428 0.0266821 0.0435657 0.00290565 9.99821E-005
9.99461E-005 9.99461E-005 0.968878 9.99461E-005 9.99461E-005 9.99461E-005 0.0134347 0.0170874 9.99461E-005
9.993E-005 9.993E-005 0.999201 9.993E-005 9.993E-005 9.993E-005 9.993E-005 9.993E-005 9.993E-005
9.99641E-005 0.000847454 0.858104 0.0145093 9.99641E-005 0.0309898 0.0951498 9.99641E-005 9.99641E-005
0.412915 0.453877 0.132608 9.99462E-005 9.99462E-005 9.99462E-005 9.99462E-005 9.99462E-005 9.99462E-005
0.229111 0.0404519 0.018399 0.439594 0.150207 9.9982E-005 0.041656 0.0803806 9.9982E-005
9.99729E-005 0.0536431 0.0116052 0.122758 9.99729E-005 0.0676041 0.0328715 0.711218 9.99729E-005
9.99461E-005 0.0585703 9.99461E-005 9.99461E-005 0.0492099 9.99461E-005 9.99461E-005 9.99461E-005 0.89162
9.99551E-005 9.99551E-005 9.99551E-005 0.054486 0.0120476 0.0175301 9.99551E-005 9.99551E-005 0.915437
9.99367E-005 0.333085 9.99367E-005 9.99367E-005 9.99367E-005 9.99367E-005 9.99367E-005 0.666215 9.99367E-005
9.99552E-005 0.921994 0.00385119 9.99552E-005 0.0550532 0.0186019 9.99552E-005 9.99552E-005 9.99552E-005
9.99372E-005 0.96752 0.0317809 9.99372E-005 9.99372E-005 9.99372E-005 9.99372E-005 9.99372E-005 9.99372E-005
0.0167499 0.874654 9.99641E-005 0.0291498 9.99641E-005 9.99641E-005 9.99641E-005 0.0554513 0.0235955
9.99372E-005 0.993662 0.00563801 9.99372E-005 9.99372E-005 9.99372E-005 9.99372E-005 9.99372E-005 9.99372E-005
9.99371E-005 0.929987 9.99371E-005 9.99371E-005 0.0693139 9.99371E-005 9.99371E-005 9.99371E-005 9.99371E-005
9.99551E-005 0.925992 9.99551E-005 9.99551E-005 0.0132117 0.0167995 9.99551E-005 9.99551E-005 0.0434973
9.99731E-005 0.912544 0.00546975 0.00396415 0.0285509 0.0444738 0.00469798 9.99731E-005 9.99731E-005
9.99372E-005 0.983216 9.99372E-005 9.99372E-005 9.99372E-005 9.99372E-005 0.0160844 9.99372E-005 9.99372E-005
0.00606689 0.929234 0.0485099 9.99551E-005 9.99551E-005 0.0156893 9.99551E-005 9.99551E-005 9.99551E-005
9.99462E-005 0.938241 9.99462E-005 9.99462E-005 9.99462E-005 0.0474786 0.0136812 9.99462E-005 9.99462E-005
9.99462E-005 0.958956 0.0128952 9.99462E-005 9.99462E-005 9.99462E-005 9.99462E-005 9.99462E-005 0.0275496
0.0325177 0.936524 9.99462E-005 9.99462E-005 9.99462E-005 0.0303587 9.99462E-005 9.99462E-005 9.99462E-005
0.0945979 0.904703 9.99372E-005 9.99372E-005 9.99372E-005 9.99372E-005 9.99372E-005 9.99372E-005 9.99372E-005
0.0034576 0.945845 9.99551E-005 9.99551E-005 0.00103456 9.99551E-005 0.0491626 9.99551E-005 9.99551E-005
9.99462E-005 0.907311 9.99462E-005 9.99462E-005 0.0703735 9.99462E-005 9.99462E-005 0.0217154 9.99462E-005
0.704601 0.000896415 0.0769103 0.0913861 9.99731E-005 0.0525929 0.0733134 9.99731E-005 9.99731E-005
0.827289 9.99551E-005 0.0258989 0.0899538 9.99551E-005 9.99551E-005 0.0563589 9.99551E-005 9.99551E-005
0.6009 9.99731E-005 0.0919549 0.121809 9.99731E-005 0.0131654 0.108802 9.99731E-005 0.0630683
9.99462E-005 0.00383333 0.99107 9.99462E-005 0.00449726 9.99462E-005 9.99462E-005 9.99462E-005 9.99462E-005
9.99372E-005 9.99372E-005 0.961531 9.99372E-005 9.99372E-005 9.99372E-005 0.037769 9.99372E-005 9.99372E-005
0.0246038 9.99462E-005 0.935253 9.99462E-005 0.0395438 9.99462E-005 9.99462E-005 9.99462E-005 9.99462E-005
9.99551E-005 9.99551E-005 0.892646 9.99551E-005 0.0211573 9.99551E-005 0.0514787 9.99551E-005 0.0342181
9.993E-005 9.993E-005 9.993E-005 9.993E-005 9.993E-005 9.993E-005 9.993E-005 9.993E-005 0.999201
9.99461E-005 9.99461E-005 9.99461E-005 9.99461E-005 0.0669813 9.99461E-005 0.00217775 9.99461E-005 0.930241
9.99372E-005 9.99372E-005 0.0566658 9.99372E-005 9.99372E-005 9.99372E-005 9.99372E-005 9.99372E-005 0.942635
0.823198 9.99731E-005 0.0498786 0.0282848 0.00990671 0.0230432 0.0653884 9.99731E-005 9.99731E-005
0.948847 9.99551E-005 9.99551E-005 9.99551E-005 9.99551E-005 9.99551E-005 0.0119634 0.00674369 0.0319457
0.703651 0.0517173 0.0347216 0.115114 0.0170317 0.000664975 0.0206503 9.9991E-005 0.0563488
0.88959 0.0126736 9.99551E-005 9.99551E-005 9.99551E-005 9.99551E-005 9.99551E-005 0.0294039 0.0678328
