9.99461E-005 0.0245134 0.0194403 9.99461E-005 9.99461E-005 9.99461E-005 0.0144734 0.940973 9.99461E-005 9.99461E-005
9.99201E-005 9.99201E-005 9.99201E-005 9.99201E-005 9.99201E-005 9.99201E-005 9.99201E-005 0.999101 9.99201E-005 9.99201E-005
9.99371E-005 9.99371E-005 9.99371E-005 0.0220068 9.99371E-005 9.99371E-005 9.99371E-005 0.922946 9.99371E-005 0.0543474
9.99641E-005 9.99641E-005 0.0986116 0.0227364 9.99641E-005 0.148725 9.99641E-005 0.709826 0.00872801 0.0109728
9.99282E-005 9.99282E-005 0.0925958 9.99282E-005 9.99282E-005 9.99282E-005 9.99282E-005 0.906605 9.99282E-005 9.99282E-005
9.99201E-005 9.99201E-005 9.99201E-005 9.99201E-005 9.99201E-005 9.99201E-005 9.99201E-005 0.999101 9.99201E-005 9.99201E-005
9.99201E-005 9.99201E-005 9.99201E-005 9.99201E-005 9.99201E-005 9.99201E-005 9.99201E-005 0.999101 9.99201E-005 9.99201E-005
9.99551E-005 0.0109794 0.0691843 9.99551E-005 9.99551E-005 0.0381371 0.12076 0.760439 9.99551E-005 9.99551E-005
9.99461E-005 0.020043 9.99461E-005 9.99461E-005 9.99461E-005 0.0442721 9.99461E-005 0.856331 0.0787545 9.99461E-005
9.99282E-005 9.99282E-005 9.99282E-005 9.99282E-005 9.99282E-005 9.99282E-005 9.99282E-005 0.880709 0.118492 9.99282E-005
0.0663157 0.0636066 9.99371E-005 9.99371E-005 9.99371E-005 9.99371E-005 9.99371E-005 0.869378 9.99371E-005 9.99371E-005
9.99731E-005 9.99731E-005 0.1607 0.0990059 0.0040036 0.00523806 0.0166506 0.628703 9.99731E-005 0.0853991
0.000888413 0.0183913 0.0873011 0.015432 9.99731E-005 9.99731E-005 0.13929 0.647288 9.99731E-005 0.0911094
0.0165038 9.99642E-005 0.139964 9.99642E-005 0.0402058 0.104613 9.99642E-005 0.623182 9.99642E-005 0.0751313
9.999E-005 0.0866452 0.0636937 0.0225299 0.0236294 0.0758463 0.108669 0.411181 0.0588678 0.148838
9.99731E-005 0.0117145 9.99731E-005 0.035991 0.00728555 0.0725553 0.0371363 0.491009 9.99731E-005 0.344008
9.99551E-005 9.99551E-005 0.113406 0.0409653 9.99551E-005 0.0971959 9.99551E-005 0.511528 9.99551E-005 0.236406
9.99641E-005 0.0493401 0.111674 0.00747554 9.99641E-005 0.0277149 9.99641E-005 0.484106 9.99641E-005 0.319289
9.99731E-005 9.99731E-005 0.0362318 0.647192 0.00641564 0.0358294 9.99731E-005 0.0624402 0.00668633 0.204905
9.99641E-005 9.99641E-005 0.0150857 0.311956 9.99641E-005 0.00164626 0.103353 0.107045 9.99641E-005 0.460514
9.99372E-005 9.99372E-005 9.99372E-005 0.382555 9.99372E-005 9.99372E-005 0.104237 9.99372E-005 9.99372E-005 0.512508
0.0669651 9.99641E-005 0.016983 0.464742 9.99641E-005 9.99641E-005 0.0680211 0.0682675 9.99641E-005 0.314622
0.0929054 0.0478216 9.99551E-005 0.332494 9.99551E-005 9.99551E-005 0.0988591 9.99551E-005 9.99551E-005 0.42742
9.99201E-005 9.99201E-005 9.99201E-005 0.999101 9.99201E-005 9.99201E-005 9.99201E-005 9.99201E-005 9.99201E-005 9.99201E-005
9.99201E-005 9.99201E-005 9.99201E-005 0.999101 9.99201E-005 9.99201E-005 9.99201E-005 9.99201E-005 9.99201E-005 9.99201E-005
9.99201E-005 9.99201E-005 9.99201E-005 0.999101 9.99201E-005 9.99201E-005 9.99201E-005 9.99201E-005 9.99201E-005 9.99201E-005
9.99731E-005 9.99731E-005 0.0535567 0.271643 0.0195073 0.0784275 9.99731E-005 0.00861319 0.0875416 0.480411
9.99551E-005 9.99551E-005 9.99551E-005 0.904878 0.021166 9.99551E-005 0.00124904 0.0139304 9.99551E-005 0.0582771
9.99551E-005 0.036619 9.99551E-005 0.292874 9.99551E-005 0.0443789 0.0796372 9.99551E-005 9.99551E-005 0.545991
9.99201E-005 9.99201E-005 9.99201E-005 0.999101 9.99201E-005 9.99201E-005 9.99201E-005 9.99201E-005 9.99201E-005 9.99201E-005
9.99461E-005 9.99461E-005 9.99461E-005 0.374587 9.99461E-005 9.99461E-005 0.209131 0.106826 9.99461E-005 0.308857
9.99201E-005 9.99201E-005 9.99201E-005 0.999101 9.99201E-005 9.99201E-005 9.99201E-005 9.99201E-005 9.99201E-005 9.99201E-005
9.99461E-005 9.99461E-005 9.99461E-005 0.335521 9.99461E-005 9.99461E-005 0.0502638 9.99461E-005 0.0253009 0.588314
0.000708117 9.99731E-005 9.99731E-005 0.511335 0.0102981 9.99731E-005 0.02912 0.0737841 0.0726518 0.301803
0.0358859 9.99551E-005 0.0326202 0.379297 9.99551E-005 9.99551E-005 0.162133 9.99551E-005 9.99551E-005 0.389565
9.99461E-005 9.99461E-005 9.99461E-005 0.378104 9.99461E-005 9.99461E-005 0.142068 0.0731093 9.99461E-005 0.406119
9.99731E-005 0.0400852 9.99731E-005 0.337643 9.99731E-005 0.0959945 0.0296744 0.0669641 0.0376554 0.391684
9.99641E-005 9.99641E-005 0.698844 9.99641E-005 0.013052 9.99641E-005 0.00196304 0.0885484 0.0418075 0.155385
9.99281E-005 0.00302966 0.996171 9.99281E-005 9.99281E-005 9.99281E-005 9.99281E-005 9.99281E-005 9.99281E-005 9.99281E-005
9.99616E-005 9.99616E-005 0.822122 9.99616E-005 0.0322246 9.99616E-005 9.99616E-005 0.0189305 0.0312262 0.0949971
9.99372E-005 0.0261747 0.844358 9.99372E-005 9.99372E-005 9.99372E-005 9.99372E-005 9.99372E-005 9.99372E-005 0.128767
9.99461E-005 9.99461E-005 0.801137 0.00901236 0.0384586 9.99461E-005 9.99461E-005 9.99461E-005 9.99461E-005 0.150792
9.99282E-005 9.99282E-005 0.972204 9.99282E-005 9.99282E-005 0.0269964 9.99282E-005 9.99282E-005 9.99282E-005 9.99282E-005
9.99282E-005 9.99282E-005 0.753293 9.99282E-005 9.99282E-005 9.99282E-005 9.99282E-005 9.99282E-005 9.99282E-005 0.245908
9.99641E-005 9.99641E-005 0.849774 0.0192649 9.99641E-005 0.0765755 0.0054554 0.0212299 9.99641E-005 0.0273003
9.99372E-005 9.99372E-005 0.990734 0.00587664 9.99372E-005 9.99372E-005 9.99372E-005 9.99372E-005 9.99372E-005 0.00268992
9.99641E-005 9.99641E-005 0.0994245 0.0393616 9.99641E-005 0.594382 0.0568617 0.0865146 0.123056 9.99641E-005
9.99201E-005 0.999101 9.99201E-005 9.99201E-005 9.99201E-005 9.99201E-005 9.99201E-005 9.99201E-005 9.99201E-005 9.99201E-005
0.00588173 0.90979 0.0540271 9.99458E-005 9.99458E-005 9.99458E-005 9.99458E-005 9.99458E-005 0.0297011 9.99458E-005
9.99372E-005 9.99372E-005 9.99372E-005 9.99372E-005 0.0168214 0.938755 9.99372E-005 9.99372E-005 9.99372E-005 0.0437236
9.99368E-005 0.5465 9.99368E-005 9.99368E-005 9.99368E-005 0.30324 9.99368E-005 9.99368E-005 0.14956 9.99368E-005
9.99282E-005 9.99282E-005 9.99282E-005 0.0198026 9.99282E-005 0.979398 9.99282E-005 9.99282E-005 9.99282E-005 9.99282E-005
0.0327808 9.99731E-005 0.0336699 0.0295633 0.0306974 0.817028 0.0486986 9.99731E-005 9.99731E-005 0.00726207
0.035813 0.0211852 0.107804 0.0258153 9.9973E-005 0.711542 0.0522357 0.0453041 9.9973E-005 9.9973E-005
9.99372E-005 9.99372E-005 9.99372E-005 9.99372E-005 9.99372E-005 0.921377 9.99372E-005 0.017392 0.0605314 9.99372E-005
9.99282E-005 9.99282E-005 9.99282E-005 9.99282E-005 9.99282E-005 0.996101 9.99282E-005 0.0030996 9.99282E-005 9.99282E-005
0.0282401 9.9955E-005 9.9955E-005 0.0593606 0.0499597 0.812478 9.9955E-005 9.9955E-005 9.9955E-005 0.0494619
9.99372E-005 9.99372E-005 9.99372E-005 9.99372E-005 0.0181329 0.934744 9.99372E-005 0.0464236 9.99372E-005 9.99372E-005
0.0137836 9.99281E-005 9.99281E-005 9.99281E-005 9.99281E-005 0.985417 9.99281E-005 9.99281E-005 9.99281E-005 9.99281E-005
9.99461E-005 9.99461E-005 9.99461E-005 9.99461E-005 9.99461E-005 0.942157 0.0402706 9.99461E-005 0.0119679 0.00500435
9.99551E-005 9.99551E-005 0.00292697 0.0216644 9.99551E-005 9.99551E-005 0.964755 9.99551E-005 0.0053559 0.00479794
9.99461E-005 9.99461E-005 9.99461E-005 0.00658433 9.99461E-005 9.99461E-005 0.940002 0.0222371 9.99461E-005 0.0305765
9.99462E-005 9.99462E-005 0.0627311 9.99462E-005 9.99462E-005 0.0924288 0.829928 0.0143123 9.99462E-005 9.99462E-005
0.138406 9.99371E-005 9.99371E-005 9.99371E-005 0.341317 9.99371E-005 0.519577 9.99371E-005 9.99371E-005 9.99371E-005
0.245475 9.99551E-005 9.99551E-005 0.0266457 0.348899 9.99551E-005 0.330815 9.99551E-005 0.0476662 9.99551E-005
9.99283E-005 9.99283E-005 9.99283E-005 9.99283E-005 0.995578 9.99283E-005 9.99283E-005 9.99283E-005 0.00362248 9.99283E-005
9.99201E-005 9.99201E-005 9.99201E-005 9.99201E-005 0.999101 9.99201E-005 9.99201E-005 9.99201E-005 9.99201E-005 9.99201E-005
0.152871 9.99551E-005 0.00978159 0.00221179 0.393043 9.99551E-005 0.441593 9.99551E-005 9.99551E-005 9.99551E-005
0.217047 9.99551E-005 9.99551E-005 9.99551E-005 0.377765 0.0245389 0.379271 9.99551E-005 0.000877759 9.99551E-005
9.99371E-005 9.99371E-005 9.99371E-005 0.00363938 0.957599 9.99371E-005 9.99371E-005 9.99371E-005 9.99371E-005 0.0380618
9.99201E-005 9.99201E-005 9.99201E-005 9.99201E-005 0.999101 9.99201E-005 9.99201E-005 9.99201E-005 9.99201E-005 9.99201E-005
0.119184 9.99371E-005 9.99371E-005 9.99371E-005 0.317193 9.99371E-005 0.562923 9.99371E-005 9.99371E-005 9.99371E-005
9.99282E-005 9.99282E-005 9.99282E-005 9.99282E-005 0.970115 0.0290856 9.99282E-005 9.99282E-005 9.99282E-005 9.99282E-005
9.99371E-005 0.00171445 9.99371E-005 9.99371E-005 0.98161 9.99371E-005 0.0159759 9.99371E-005 9.99371E-005 9.99371E-005
9.99282E-005 9.99282E-005 9.99282E-005 9.99282E-005 0.996017 9.99282E-005 9.99282E-005 9.99282E-005 0.00318345 9.99282E-005
0.000362094 9.99461E-005 9.99461E-005 9.99461E-005 0.923483 9.99461E-005 0.0740339 9.99461E-005 0.00152145 9.99461E-005
9.99371E-005 9.99371E-005 9.99371E-005 0.031171 0.961764 9.99371E-005 9.99371E-005 9.99371E-005 0.00636564 9.99371E-005
0.0275152 0.028149 9.99551E-005 0.233634 9.99551E-005 9.99551E-005 0.0608883 9.99551E-005 9.99551E-005 0.649314
9.99551E-005 0.0039722 0.868515 9.99551E-005 9.99551E-005 9.99551E-005 0.0400024 0.0144353 9.99551E-005 0.0725755
0.00179365 9.99371E-005 0.971871 0.0256355 9.99371E-005 9.99371E-005 9.99371E-005 9.99371E-005 9.99371E-005 9.99371E-005
0.206821 9.99371E-005 9.99371E-005 9.99371E-005 0.0372718 9.99371E-005 9.99371E-005 9.99371E-005 0.755208 9.99371E-005
0.337987 9.99372E-005 9.99372E-005 9.99372E-005 0.0557838 9.99372E-005 9.99372E-005 9.99372E-005 0.60553 9.99372E-005
0.565898 9.99372E-005 9.99372E-005 9.99372E-005 0.0345283 9.99372E-005 9.99372E-005 9.99372E-005 0.398874 9.99372E-005
9.99201E-005 9.99201E-005 9.99201E-005 9.99201E-005 9.99201E-005 9.99201E-005 9.99201E-005 9.99201E-005 0.999101 9.99201E-005
0.707918 9.99462E-005 9.99462E-005 9.99462E-005 0.000982173 0.0464252 9.99462E-005 9.99462E-005 0.244075 9.99462E-005
0.349114 9.99461E-005 9.99461E-005 0.0166234 9.99461E-005 9.99461E-005 0.0374616 9.99461E-005 0.596201 9.99461E-005
0.441423 9.99372E-005 9.99372E-005 0.0449122 9.99372E-005 9.99372E-005 9.99372E-005 9.99372E-005 0.512965 9.99372E-005
0.551932 9.99551E-005 9.99551E-005 9.99551E-005 0.0140369 0.0446474 9.99551E-005 0.00587154 0.383012 9.99551E-005
0.208555 9.99461E-005 9.99461E-005 0.0232075 9.99461E-005 9.99461E-005 9.99461E-005 9.99461E-005 0.762655 0.00498244
9.99371E-005 9.99371E-005 9.99371E-005 9.99371E-005 9.99371E-005 0.00909526 9.99371E-005 0.00953894 0.980666 9.99371E-005
9.99201E-005 9.99201E-005 9.99201E-005 9.99201E-005 9.99201E-005 9.99201E-005 9.99201E-005 9.99201E-005 0.999101 9.99201E-005
0.36292 0.033901 9.99551E-005 9.99551E-005 0.0194308 0.0228984 9.99551E-005 9.99551E-005 0.56035 9.99551E-005
0.206924 9.99371E-005 9.99371E-005 9.99371E-005 9.99371E-005 0.0293733 9.99371E-005 9.99371E-005 0.763003 9.99371E-005
0.281239 9.99371E-005 9.99371E-005 9.99371E-005 0.0312529 9.99371E-005 9.99371E-005 9.99371E-005 0.686809 9.99371E-005
0.170225 9.99371E-005 9.99371E-005 9.99371E-005 9.99371E-005 9.99371E-005 0.0228476 9.99371E-005 0.806227 9.99371E-005
0.408956 9.99461E-005 9.99461E-005 0.00874009 9.99461E-005 9.99461E-005 9.99461E-005 9.99461E-005 0.534208 0.0474967
0.467937 9.99371E-005 9.99371E-005 9.99371E-005 0.0604098 9.99371E-005 9.99371E-005 9.99371E-005 0.470954 9.99371E-005
0.312116 9.99372E-005 0.0235276 9.99372E-005 9.99372E-005 9.99372E-005 9.99372E-005 9.99372E-005 0.663657 9.99372E-005
0.297965 9.99372E-005 9.99372E-005 9.99372E-005 0.00793744 9.99372E-005 9.99372E-005 9.99372E-005 0.693398 9.99372E-005
0.639588 9.99461E-005 9.99461E-005 0.0190436 9.99461E-005 9.99461E-005 0.0649734 9.99461E-005 0.275795 9.99461E-005
0.681877 9.99372E-005 9.99372E-005 9.99372E-005 0.0122342 9.99372E-005 9.99372E-005 9.99372E-005 0.305189 9.99372E-005
9.99282E-005 9.99282E-005 9.99282E-005 9.99282E-005 9.99282E-005 9.99282E-005 9.99282E-005 9.99282E-005 0.962517 0.0366837
0.855462 9.99371E-005 9.99371E-005 9.99371E-005 9.99371E-005 9.99371E-005 9.99371E-005 0.0234141 0.120424 9.99371E-005
0.357987 9.99461E-005 9.99461E-005 0.0215629 9.99461E-005 0.0846049 9.99461E-005 9.99461E-005 0.535245 9.99461E-005
0.378199 9.99371E-005 9.99371E-005 9.99371E-005 9.99371E-005 9.99371E-005 0.00915315 9.99371E-005 0.611948 9.99371E-005
0.205526 0.0075989 9.99641E-005 0.012953 9.99641E-005 0.00827684 9.99641E-005 0.0130721 0.752173 9.99641E-005
0.0564116 9.9946E-005 9.9946E-005 9.9946E-005 0.297763 9.9946E-005 0.594402 9.9946E-005 0.0508234 9.9946E-005
0.101255 0.0167267 9.9964E-005 0.0775148 0.12142 9.9964E-005 0.595235 9.9964E-005 9.9964E-005 0.087449
0.10327 9.99551E-005 9.99551E-005 0.00156717 0.217118 9.99551E-005 0.486931 9.99551E-005 0.190615 9.99551E-005
9.99461E-005 9.99461E-005 0.0665217 0.0053499 0.0593608 9.99461E-005 9.99461E-005 9.99461E-005 9.99461E-005 0.868168
9.99201E-005 9.99201E-005 9.99201E-005 9.99201E-005 9.99201E-005 9.99201E-005 9.99201E-005 9.99201E-005 9.99201E-005 0.999101
9.99372E-005 9.99372E-005 0.031769 9.99372E-005 9.99372E-005 0.0576602 9.99372E-005 9.99372E-005 9.99372E-005 0.909871
9.99281E-005 9.99281E-005 9.99281E-005 0.0103635 9.99281E-005 9.99281E-005 9.99281E-005 9.99281E-005 9.99281E-005 0.988837
9.99282E-005 9.99282E-005 0.161597 9.99282E-005 9.99282E-005 9.99282E-005 9.99282E-005 9.99282E-005 9.99282E-005 0.837604
9.99282E-005 9.99282E-005 0.0229476 9.99282E-005 9.99282E-005 9.99282E-005 9.99282E-005 9.99282E-005 9.99282E-005 0.976253
9.997E-005 0.00991213 0.210422 0.0777611 0.0217011 0.0260462 9.997E-005 0.09677 9.997E-005 0.557087
9.99282E-005 0.0199018 0.979299 9.99282E-005 9.99282E-005 9.99282E-005 9.99282E-005 9.99282E-005 9.99282E-005 9.99282E-005
9.99201E-005 9.99201E-005 0.999101 9.99201E-005 9.99201E-005 9.99201E-005 9.99201E-005 9.99201E-005 9.99201E-005 9.99201E-005
0.0331759 9.99551E-005 0.874155 0.0708587 0.00256512 9.99551E-005 9.99551E-005 0.0187459 9.99551E-005 9.99551E-005
0.341337 9.99551E-005 0.0136602 0.103459 9.99551E-005 9.99551E-005 9.99551E-005 9.99551E-005 0.150707 0.390337
0.0263487 0.0926147 0.0230862 0.0935456 9.9982E-005 0.175653 9.9982E-005 0.40045 0.012906 0.175196
0.0711507 0.731293 0.0081886 0.0317633 0.0415009 9.99729E-005 9.99729E-005 0.0997708 9.99729E-005 0.0160333
9.99371E-005 9.99371E-005 9.99371E-005 9.99371E-005 9.99371E-005 0.112341 0.778719 9.99371E-005 0.10824 9.99371E-005
9.99461E-005 9.99461E-005 9.99461E-005 9.99461E-005 0.0347566 0.0848361 0.80113 0.0786775 9.99461E-005 9.99461E-005
0.28034 0.654327 9.99367E-005 9.99367E-005 9.99367E-005 9.99367E-005 9.99367E-005 9.99367E-005 0.0646343 9.99367E-005
0.449986 9.99462E-005 9.99462E-005 9.99462E-005 0.0145504 0.026402 9.99462E-005 9.99462E-005 0.508462 9.99462E-005
0.999101 9.99201E-005 9.99201E-005 9.99201E-005 9.99201E-005 9.99201E-005 9.99201E-005 9.99201E-005 9.99201E-005 9.99201E-005
0.469719 0.0449151 9.99731E-005 0.0124309 0.003237 9.99731E-005 9.99731E-005 0.00514489 0.445932 0.0183214
0.999101 9.99201E-005 9.99201E-005 9.99201E-005 9.99201E-005 9.99201E-005 9.99201E-005 9.99201E-005 9.99201E-005 9.99201E-005
9.99281E-005 9.99281E-005 9.99281E-005 9.99281E-005 9.99281E-005 0.00855616 9.99281E-005 9.99281E-005 0.990644 9.99281E-005
0.298553 9.99461E-005 9.99461E-005 9.99461E-005 0.0280748 9.99461E-005 0.0179489 9.99461E-005 0.654823 9.99461E-005
0.301835 9.99372E-005 9.99372E-005 9.99372E-005 0.0239474 9.99372E-005 9.99372E-005 9.99372E-005 0.673518 9.99372E-005
0.999101 9.99201E-005 9.99201E-005 9.99201E-005 9.99201E-005 9.99201E-005 9.99201E-005 9.99201E-005 9.99201E-005 9.99201E-005
0.470691 9.99551E-005 0.0290564 9.99551E-005 0.0115297 9.99551E-005 0.0168707 9.99551E-005 0.471352 9.99551E-005
0.34346 9.99372E-005 9.99372E-005 9.99372E-005 0.0406664 9.99372E-005 9.99372E-005 9.99372E-005 0.615174 9.99372E-005
0.727122 9.99462E-005 9.99462E-005 9.99462E-005 9.99462E-005 9.99462E-005 0.00469184 9.99462E-005 0.261153 0.00643396
0.860589 9.99461E-005 9.99461E-005 9.99461E-005 0.00676506 9.99461E-005 9.99461E-005 9.99461E-005 0.110579 0.0214671
0.788879 9.99641E-005 0.00141523 0.0106042 0.00339237 9.99641E-005 9.99641E-005 9.99641E-005 0.141387 0.0539222
0.291436 9.99372E-005 9.99372E-005 0.0221812 9.99372E-005 9.99372E-005 9.99372E-005 9.99372E-005 0.685683 9.99372E-005
0.591337 0.00550168 9.99461E-005 9.99461E-005 9.99461E-005 0.0491231 9.99461E-005 9.99461E-005 0.353438 9.99461E-005
0.0754435 9.99551E-005 9.99551E-005 0.243721 0.0547904 9.99551E-005 9.99551E-005 0.0546039 9.99551E-005 0.570941
0.0240404 9.99641E-005 0.00550066 0.264682 9.99641E-005 9.99641E-005 0.0907583 0.125339 9.99641E-005 0.48928
9.99731E-005 9.99731E-005 0.13059 0.278305 0.00505819 9.99731E-005 0.128503 0.197206 0.0109621 0.249076
0.00976969 9.99282E-005 0.989431 9.99282E-005 9.99282E-005 9.99282E-005 9.99282E-005 9.99282E-005 9.99282E-005 9.99282E-005
9.99372E-005 9.99372E-005 0.979616 0.0124749 9.99372E-005 0.00720982 9.99372E-005 9.99372E-005 9.99372E-005 9.99372E-005
9.99372E-005 9.99372E-005 0.926675 9.99372E-005 9.99372E-005 0.0364566 9.99372E-005 9.99372E-005 9.99372E-005 0.036169
9.99461E-005 9.99461E-005 0.855242 0.0268185 9.99461E-005 0.036102 9.99461E-005 9.99461E-005 9.99461E-005 0.0812378
9.99282E-005 9.99282E-005 9.99282E-005 9.99282E-005 9.99282E-005 0.000737518 0.998463 9.99282E-005 9.99282E-005 9.99282E-005
9.99371E-005 9.99371E-005 0.0207374 9.99371E-005 9.99371E-005 0.063299 0.915264 9.99371E-005 9.99371E-005 9.99371E-005
9.99462E-005 9.99462E-005 0.00374713 9.99462E-005 9.99462E-005 9.99462E-005 0.928045 0.00117484 9.99462E-005 0.0664337
0.0151217 0.00365278 9.99821E-005 0.262232 0.00859123 9.99821E-005 0.115114 0.0513085 0.000856439 0.542923
9.99551E-005 0.0264325 9.99551E-005 0.234441 9.99551E-005 9.99551E-005 0.195034 0.0288681 9.99551E-005 0.514724
9.99551E-005 9.99551E-005 9.99551E-005 0.205039 9.99551E-005 9.99551E-005 0.120626 0.145939 0.0916605 0.436236
9.99641E-005 0.0277638 9.99641E-005 0.238765 9.99641E-005 9.99641E-005 0.202478 0.0208587 0.0332861 0.476448
