9.99551E-005 0.0265695 9.99551E-005 0.00408454 0.0286297 0.0231316 0.917085 9.99551E-005 9.99551E-005 9.99551E-005
9.99281E-005 9.99281E-005 9.99281E-005 9.99281E-005 0.0104118 9.99281E-005 0.988789 9.99281E-005 9.99281E-005 9.99281E-005
9.993E-005 9.993E-005 9.993E-005 9.993E-005 0.0339035 0.103333 0.862064 9.993E-005 9.993E-005 9.993E-005
9.99551E-005 0.0457008 9.99551E-005 0.0819203 9.99551E-005 9.99551E-005 0.706717 0.0758831 0.0892786 9.99551E-005
9.99461E-005 9.99461E-005 9.99461E-005 0.101217 0.0213086 0.0198637 0.857011 9.99461E-005 9.99461E-005 9.99461E-005
9.99201E-005 9.99201E-005 9.99201E-005 9.99201E-005 9.99201E-005 9.99201E-005 0.999101 9.99201E-005 9.99201E-005 9.99201E-005
9.99281E-005 9.99281E-005 9.99281E-005 9.99281E-005 0.00896171 9.99281E-005 0.990239 9.99281E-005 9.99281E-005 9.99281E-005
9.99551E-005 0.0835003 9.99551E-005 0.0577881 9.99551E-005 9.99551E-005 0.754228 9.99551E-005 0.0712775 0.0327059
0.0187961 0.0187606 0.0379218 9.9964E-005 9.9964E-005 9.9964E-005 0.819838 0.0430242 0.0612594 9.9964E-005
0.00054693 9.99461E-005 9.99461E-005 9.99461E-005 9.99461E-005 9.99461E-005 0.817848 0.0986738 0.0823312 9.99461E-005
0.0719827 9.99372E-005 0.0203019 9.99372E-005 9.99372E-005 9.99372E-005 0.907016 9.99372E-005 9.99372E-005 9.99372E-005
9.99641E-005 9.99641E-005 9.99641E-005 0.146824 0.0733336 0.0360455 0.604931 9.99641E-005 0.127266 0.0112001
9.99731E-005 0.0457478 0.0521083 0.0440942 0.00215994 0.114843 0.691378 9.99731E-005 0.0493691 9.99731E-005
0.0664932 0.0147686 9.99642E-005 0.12001 9.99642E-005 0.14583 0.632669 9.99642E-005 9.99642E-005 0.0198294
9.99731E-005 0.201753 9.99731E-005 0.0719535 9.99731E-005 0.0262212 0.410613 0.090311 0.141738 0.0571106
9.996E-005 0.0871018 9.996E-005 0.0242893 9.996E-005 0.187459 0.49893 9.996E-005 0.180106 0.0217138
0.00420795 0.0678628 9.99731E-005 0.137908 0.00071923 0.0868773 0.57127 9.99731E-005 0.130855 9.99731E-005
9.99551E-005 0.0884987 9.99551E-005 0.0743345 9.99551E-005 0.252808 0.48394 9.99551E-005 0.0999184 9.99551E-005
0.0291449 9.99641E-005 9.99641E-005 0.000864337 0.561147 0.123163 0.0732145 9.99641E-005 0.212067 9.99641E-005
9.99462E-005 9.99462E-005 9.99462E-005 0.0341763 0.0623466 9.99462E-005 0.0135216 9.99462E-005 0.889356 9.99462E-005
9.99372E-005 9.99372E-005 9.99372E-005 0.0159344 0.107947 9.99372E-005 9.99372E-005 9.99372E-005 0.875419 9.99372E-005
0.0371987 9.99461E-005 9.99461E-005 9.99461E-005 0.256536 9.99461E-005 0.0589173 9.99461E-005 0.646749 9.99461E-005
0.0679983 9.99371E-005 9.99371E-005 9.99371E-005 0.0535408 9.99371E-005 9.99371E-005 9.99371E-005 0.877761 9.99371E-005
9.99201E-005 9.99201E-005 9.99201E-005 9.99201E-005 0.999101 9.99201E-005 9.99201E-005 9.99201E-005 9.99201E-005 9.99201E-005
9.99201E-005 9.99201E-005 9.99201E-005 9.99201E-005 0.999101 9.99201E-005 9.99201E-005 9.99201E-005 9.99201E-005 9.99201E-005
9.99201E-005 9.99201E-005 9.99201E-005 9.99201E-005 0.999101 9.99201E-005 9.99201E-005 9.99201E-005 9.99201E-005 9.99201E-005
9.9982E-005 0.0218942 0.0461372 0.0696486 0.0832736 0.0298287 0.00328489 9.9982E-005 0.734471 0.0112616
9.99371E-005 9.99371E-005 9.99371E-005 9.99371E-005 0.777247 9.99371E-005 9.99371E-005 0.0331678 0.188886 9.99371E-005
9.99372E-005 0.0343009 9.99372E-005 9.99372E-005 0.0266578 9.99372E-005 9.99372E-005 9.99372E-005 0.938342 9.99372E-005
9.99201E-005 9.99201E-005 9.99201E-005 9.99201E-005 0.999101 9.99201E-005 9.99201E-005 9.99201E-005 9.99201E-005 9.99201E-005
9.99461E-005 9.99461E-005 9.99461E-005 9.99461E-005 0.175817 9.99461E-005 0.0618007 0.0326978 0.729085 9.99461E-005
9.99201E-005 9.99201E-005 9.99201E-005 9.99201E-005 0.999101 9.99201E-005 9.99201E-005 9.99201E-005 9.99201E-005 9.99201E-005
9.99371E-005 9.99371E-005 9.99371E-005 9.99371E-005 0.0941154 0.120693 9.99371E-005 9.99371E-005 0.784492 9.99371E-005
0.0113777 9.99462E-005 9.99462E-005 9.99462E-005 0.278055 9.99462E-005 9.99462E-005 0.0387941 0.671174 9.99462E-005
9.997E-005 9.997E-005 0.0361016 0.0136888 0.162501 0.0351555 9.997E-005 0.0214179 0.722059 0.00877711
9.99371E-005 9.99371E-005 9.99371E-005 9.99371E-005 0.134553 9.99371E-005 0.0135994 9.99371E-005 0.851148 9.99371E-005
0.00484616 0.0780983 0.0135937 9.99731E-005 0.106584 9.99731E-005 0.0216638 9.99731E-005 0.772969 0.00194544
0.00945487 9.99731E-005 9.99731E-005 0.715149 9.99731E-005 0.0642604 0.101864 0.0402725 0.05143 0.0172692
9.99201E-005 9.99201E-005 9.99201E-005 0.999101 9.99201E-005 9.99201E-005 9.99201E-005 9.99201E-005 9.99201E-005 9.99201E-005
9.99551E-005 9.99551E-005 9.99551E-005 0.781685 0.0252413 0.131458 9.99551E-005 0.0442348 9.99551E-005 0.0168814
9.99283E-005 9.99283E-005 9.99283E-005 0.843194 9.99283E-005 0.156006 9.99283E-005 9.99283E-005 9.99283E-005 9.99283E-005
9.99461E-005 9.99461E-005 9.99461E-005 0.761241 0.0134776 0.200455 9.99461E-005 9.99461E-005 9.99461E-005 0.0242268
9.99371E-005 9.99371E-005 9.99371E-005 0.957083 0.00887748 0.03334 9.99371E-005 9.99371E-005 9.99371E-005 9.99371E-005
9.99282E-005 9.99282E-005 9.99282E-005 0.780351 9.99282E-005 0.218849 9.99282E-005 9.99282E-005 9.99282E-005 9.99282E-005
0.0102367 0.0521273 9.99731E-005 0.824141 0.0156889 0.0684157 0.0186572 9.99731E-005 0.0104329 9.99731E-005
9.99461E-005 9.99461E-005 9.99461E-005 0.956164 0.00390916 0.0323451 9.99461E-005 0.0069818 9.99461E-005 9.99461E-005
0.00886445 0.38795 0.0259828 0.0922068 0.0432688 0.0456711 0.148351 0.22201 9.9991E-005 0.0255945
9.99208E-005 0.999101 9.99208E-005 9.99208E-005 9.99208E-005 9.99208E-005 9.99208E-005 9.99208E-005 9.99208E-005 9.99208E-005
9.99462E-005 0.622559 0.332199 0.00899785 9.99462E-005 9.99462E-005 9.99462E-005 9.99462E-005 0.0356441 9.99462E-005
0.0495795 0.584051 9.9955E-005 9.9955E-005 9.9955E-005 0.168621 9.9955E-005 0.119391 9.9955E-005 0.0778574
9.9928E-005 0.670229 0.328972 9.9928E-005 9.9928E-005 9.9928E-005 9.9928E-005 9.9928E-005 9.9928E-005 9.9928E-005
0.0967809 0.700795 9.9973E-005 0.0410201 0.0484123 9.9973E-005 0.0128838 0.0231652 9.9973E-005 0.0766424
0.0184432 0.584748 9.9973E-005 0.0736043 0.00592794 9.9973E-005 9.9973E-005 0.162714 0.0575181 0.0967447
0.0637526 0.508075 0.000437569 0.125338 0.0358957 0.0110312 0.0953876 0.0806858 9.9991E-005 0.0792966
0.00772671 0.610444 0.0642612 0.0116136 9.9973E-005 9.9973E-005 0.104404 0.152227 9.9973E-005 0.0490239
0.10668 0.705595 9.9964E-005 9.9964E-005 9.9964E-005 0.0586617 0.0521377 0.0585253 9.9964E-005 0.0180007
0.042097 0.528543 9.99639E-005 9.99639E-005 0.0474686 0.126745 9.99639E-005 0.134475 9.99639E-005 0.120272
0.0263943 0.665465 0.0815309 0.0247736 9.9964E-005 9.9964E-005 0.103787 9.9964E-005 9.9964E-005 0.0976495
0.10712 0.687014 9.99549E-005 9.99549E-005 9.99549E-005 0.0400666 9.99549E-005 0.098033 9.99549E-005 0.0672671
9.9964E-005 0.664863 9.9964E-005 9.9964E-005 0.00182752 0.0179255 9.9964E-005 0.233174 0.0391806 0.0426287
9.9973E-005 0.31891 9.9973E-005 0.0119599 0.00629055 9.9973E-005 0.0106412 0.237047 0.162733 0.252119
9.996E-005 0.320345 9.996E-005 9.996E-005 9.996E-005 0.0189148 0.000633866 0.165937 0.217548 0.276222
9.9973E-005 0.348734 9.9973E-005 0.0468366 9.9973E-005 0.0324869 0.0254777 0.155162 0.10846 0.282543
0.0650567 0.0858011 0.0407282 9.99731E-005 0.00561259 9.99731E-005 9.99731E-005 0.143604 0.0567626 0.602135
0.00908528 0.0132651 0.229503 9.99731E-005 0.0605148 0.0240189 9.99731E-005 0.163442 9.99731E-005 0.499871
9.99201E-005 9.99201E-005 9.99201E-005 9.99201E-005 9.99201E-005 9.99201E-005 9.99201E-005 9.99201E-005 9.99201E-005 0.999101
9.99201E-005 9.99201E-005 9.99201E-005 9.99201E-005 9.99201E-005 9.99201E-005 9.99201E-005 9.99201E-005 9.99201E-005 0.999101
0.0459532 0.0525138 0.0340343 9.99641E-005 9.99641E-005 9.99641E-005 9.99641E-005 0.148313 0.122895 0.595891
0.0620459 0.113045 9.99461E-005 9.99461E-005 9.99461E-005 9.99461E-005 9.99461E-005 0.262853 9.99461E-005 0.561456
9.99281E-005 9.99281E-005 9.99281E-005 9.99281E-005 9.99281E-005 0.0237424 9.99281E-005 9.99281E-005 9.99281E-005 0.975458
9.99201E-005 9.99201E-005 9.99201E-005 9.99201E-005 9.99201E-005 9.99201E-005 9.99201E-005 9.99201E-005 9.99201E-005 0.999101
0.0350461 0.0808528 9.99551E-005 9.99551E-005 9.99551E-005 9.99551E-005 9.99551E-005 0.164957 0.153247 0.565398
9.99201E-005 9.99201E-005 9.99201E-005 9.99201E-005 9.99201E-005 9.99201E-005 9.99201E-005 9.99201E-005 9.99201E-005 0.999101
9.99201E-005 9.99201E-005 9.99201E-005 9.99201E-005 9.99201E-005 9.99201E-005 9.99201E-005 9.99201E-005 9.99201E-005 0.999101
9.99201E-005 9.99201E-005 9.99201E-005 9.99201E-005 9.99201E-005 9.99201E-005 9.99201E-005 9.99201E-005 9.99201E-005 0.999101
0.00895231 9.99282E-005 9.99282E-005 9.99282E-005 9.99282E-005 9.99282E-005 9.99282E-005 9.99282E-005 9.99282E-005 0.990248
9.99281E-005 9.99281E-005 9.99281E-005 9.99281E-005 0.0197211 9.99281E-005 9.99281E-005 9.99281E-005 9.99281E-005 0.979479
0.0118605 9.99372E-005 9.99372E-005 9.99372E-005 9.99372E-005 0.0748905 9.99372E-005 9.99372E-005 0.912549 9.99372E-005
0.00326769 9.99551E-005 9.99551E-005 0.838603 0.0275704 0.12326 0.00679928 9.99551E-005 9.99551E-005 9.99551E-005
0.0076874 9.99461E-005 9.99461E-005 0.951386 0.0393224 0.00100467 9.99461E-005 9.99461E-005 9.99461E-005 9.99461E-005
9.99281E-005 9.99281E-005 0.720335 9.99281E-005 9.99281E-005 9.99281E-005 9.99281E-005 0.278865 9.99281E-005 9.99281E-005
9.99371E-005 9.99371E-005 0.804579 9.99371E-005 9.99371E-005 9.99371E-005 9.99371E-005 0.163387 9.99371E-005 0.031334
0.0212998 9.99371E-005 0.90211 9.99371E-005 9.99371E-005 9.99371E-005 9.99371E-005 0.0758906 9.99371E-005 9.99371E-005
0.0261781 9.99281E-005 9.99281E-005 9.99281E-005 9.99281E-005 9.99281E-005 9.99281E-005 0.973022 9.99281E-005 9.99281E-005
0.092436 0.0200551 0.734723 9.99461E-005 9.99461E-005 9.99461E-005 9.99461E-005 0.152187 9.99461E-005 9.99461E-005
0.0543178 9.99461E-005 0.665282 9.99461E-005 0.0172833 9.99461E-005 9.99461E-005 0.262517 9.99461E-005 9.99461E-005
0.111785 9.99462E-005 0.638611 9.99462E-005 0.0390696 9.99462E-005 9.99462E-005 0.209935 9.99462E-005 9.99462E-005
0.177047 9.99461E-005 0.427148 0.0133074 9.99461E-005 9.99461E-005 9.99461E-005 0.381898 9.99461E-005 9.99461E-005
0.00764242 9.99461E-005 0.608459 9.99461E-005 9.99461E-005 9.99461E-005 9.99461E-005 0.344176 0.0391232 9.99461E-005
9.99201E-005 9.99201E-005 9.99201E-005 9.99201E-005 9.99201E-005 9.99201E-005 9.99201E-005 0.999101 9.99201E-005 9.99201E-005
9.99201E-005 9.99201E-005 9.99201E-005 9.99201E-005 9.99201E-005 9.99201E-005 9.99201E-005 0.999101 9.99201E-005 9.99201E-005
0.063323 0.026159 0.699671 9.99462E-005 9.99462E-005 9.99462E-005 9.99462E-005 0.210247 9.99462E-005 9.99462E-005
9.99281E-005 9.99281E-005 0.627731 9.99281E-005 9.99281E-005 9.99281E-005 9.99281E-005 0.371469 9.99281E-005 9.99281E-005
0.0858275 9.99461E-005 0.441328 9.99461E-005 9.99461E-005 9.99461E-005 9.99461E-005 0.471535 9.99461E-005 0.000709341
0.0458387 9.99371E-005 0.270404 9.99371E-005 9.99371E-005 9.99371E-005 9.99371E-005 0.683058 9.99371E-005 9.99371E-005
0.113823 9.99551E-005 0.458779 9.99551E-005 0.0121787 0.0396422 9.99551E-005 0.375077 9.99551E-005 9.99551E-005
9.99371E-005 9.99371E-005 0.854085 9.99371E-005 9.99371E-005 9.99371E-005 9.99371E-005 0.120326 9.99371E-005 0.0248896
0.0432791 9.99551E-005 0.759859 0.010405 9.99551E-005 0.0123649 9.99551E-005 0.173592 9.99551E-005 9.99551E-005
0.0598723 9.99372E-005 0.493699 9.99372E-005 9.99372E-005 9.99372E-005 9.99372E-005 0.445729 9.99372E-005 9.99372E-005
0.160625 9.99641E-005 0.717501 9.99641E-005 0.00298738 9.99641E-005 9.99641E-005 0.0317763 0.0713667 0.0153439
0.11554 9.99461E-005 0.816704 9.99461E-005 9.99461E-005 9.99461E-005 9.99461E-005 0.0541611 0.0129955 9.99461E-005
9.99282E-005 9.99282E-005 0.052918 9.99282E-005 9.99282E-005 9.99282E-005 9.99282E-005 0.946283 9.99282E-005 9.99282E-005
0.110951 9.99461E-005 0.854264 9.99461E-005 9.99461E-005 9.99461E-005 0.029422 0.00476326 9.99461E-005 9.99461E-005
0.0538787 0.0854225 0.679343 9.9955E-005 0.0138367 9.9955E-005 9.9955E-005 0.16702 9.9955E-005 9.9955E-005
0.0726368 9.99371E-005 0.654984 9.99371E-005 9.99371E-005 9.99371E-005 9.99371E-005 0.27168 9.99371E-005 9.99371E-005
0.0433369 9.99551E-005 0.493143 9.99551E-005 0.0203396 9.99551E-005 0.00245365 0.440228 9.99551E-005 9.99551E-005
9.99641E-005 0.00612913 9.99641E-005 9.99641E-005 0.00761507 0.0219081 9.99641E-005 0.318007 0.0798561 0.566085
9.9955E-005 0.0738926 0.116179 9.9955E-005 9.9955E-005 9.9955E-005 9.9955E-005 0.104213 0.372462 0.332754
9.99641E-005 0.029328 9.99641E-005 0.00890729 0.0160798 9.99641E-005 9.99641E-005 0.448893 0.0962753 0.400117
9.99551E-005 9.99551E-005 9.99551E-005 0.0252124 9.99551E-005 0.78511 0.0348205 9.99551E-005 0.123215 0.0311426
9.99201E-005 9.99201E-005 9.99201E-005 9.99201E-005 9.99201E-005 0.999101 9.99201E-005 9.99201E-005 9.99201E-005 9.99201E-005
9.99462E-005 0.00113014 9.99462E-005 0.0112726 9.99462E-005 0.976721 9.99462E-005 0.0102765 9.99462E-005 9.99462E-005
9.99281E-005 9.99281E-005 9.99281E-005 9.99281E-005 0.0168776 0.982323 9.99281E-005 9.99281E-005 9.99281E-005 9.99281E-005
9.99282E-005 9.99282E-005 9.99282E-005 0.0815324 9.99282E-005 0.917668 9.99282E-005 9.99282E-005 9.99282E-005 9.99282E-005
9.99201E-005 9.99201E-005 9.99201E-005 9.99201E-005 9.99201E-005 0.999101 9.99201E-005 9.99201E-005 9.99201E-005 9.99201E-005
9.997E-005 0.0639597 9.997E-005 0.16906 0.0420125 0.546347 0.088906 9.997E-005 0.0710504 0.0183647
9.99201E-005 9.99201E-005 9.99201E-005 0.999101 9.99201E-005 9.99201E-005 9.99201E-005 9.99201E-005 9.99201E-005 9.99201E-005
9.99201E-005 9.99201E-005 9.99201E-005 0.999101 9.99201E-005 9.99201E-005 9.99201E-005 9.99201E-005 9.99201E-005 9.99201E-005
9.99551E-005 9.99551E-005 9.99551E-005 0.863023 0.072288 0.00905646 0.0273855 9.99551E-005 9.99551E-005 0.0277477
0.0866183 9.99731E-005 0.270235 0.0245766 0.0231804 0.14277 9.99731E-005 0.107356 0.344964 9.99731E-005
0.0458393 0.175192 0.0397621 0.0209749 0.0339118 0.077101 0.405284 0.0125398 0.189295 9.9991E-005
9.99641E-005 0.398835 0.362025 9.99641E-005 0.0294874 0.00160927 0.147297 9.99641E-005 0.0603466 9.99641E-005
9.9955E-005 0.430952 9.9955E-005 0.00203831 0.0414513 9.9955E-005 9.9955E-005 0.349237 9.9955E-005 0.175822
9.9955E-005 0.323833 9.9955E-005 9.9955E-005 9.9955E-005 9.9955E-005 0.165594 0.178065 0.0324946 0.299513
9.99283E-005 0.207349 0.791852 9.99283E-005 9.99283E-005 9.99283E-005 9.99283E-005 9.99283E-005 9.99283E-005 9.99283E-005
0.111977 9.99551E-005 0.47827 9.99551E-005 9.99551E-005 9.99551E-005 9.99551E-005 0.389915 0.00113646 0.0182009
0.925744 9.99372E-005 0.031686 9.99372E-005 9.99372E-005 9.99372E-005 9.99372E-005 0.0418701 9.99372E-005 9.99372E-005
0.176267 9.99731E-005 0.479775 9.99731E-005 0.00687017 9.99731E-005 0.0138153 0.293773 0.0232761 0.00592275
0.999101 9.99201E-005 9.99201E-005 9.99201E-005 9.99201E-005 9.99201E-005 9.99201E-005 9.99201E-005 9.99201E-005 9.99201E-005
9.99281E-005 9.99281E-005 0.139915 9.99281E-005 9.99281E-005 9.99281E-005 9.99281E-005 0.859286 9.99281E-005 9.99281E-005
0.0581753 9.99461E-005 0.607794 9.99461E-005 9.99461E-005 9.99461E-005 9.99461E-005 0.322978 9.99461E-005 0.0104529
0.0121568 9.99551E-005 0.746119 9.99551E-005 0.00234971 0.0290949 9.99551E-005 0.20978 9.99551E-005 9.99551E-005
0.999101 9.99201E-005 9.99201E-005 9.99201E-005 9.99201E-005 9.99201E-005 9.99201E-005 9.99201E-005 9.99201E-005 9.99201E-005
0.0636694 9.99461E-005 0.618245 0.0218921 9.99461E-005 9.99461E-005 9.99461E-005 0.295594 9.99461E-005 9.99461E-005
0.0606638 9.99461E-005 0.614204 9.99461E-005 9.99461E-005 9.99461E-005 9.99461E-005 0.301016 9.99461E-005 0.0235165
0.0592629 9.99461E-005 0.78042 9.99461E-005 9.99461E-005 0.008397 9.99461E-005 0.151321 9.99461E-005 9.99461E-005
0.0993262 9.99461E-005 0.859277 0.000627142 9.99461E-005 0.0401703 9.99461E-005 9.99461E-005 9.99461E-005 9.99461E-005
0.0990754 9.99461E-005 0.735027 9.99461E-005 9.99461E-005 9.99461E-005 9.99461E-005 0.0948123 0.0704861 9.99461E-005
0.0241757 9.99461E-005 0.675665 9.99461E-005 0.0199876 9.99461E-005 9.99461E-005 0.279572 9.99461E-005 9.99461E-005
0.224895 0.0259312 0.463341 9.99461E-005 9.99461E-005 9.99461E-005 9.99461E-005 0.285233 9.99461E-005 9.99461E-005
0.0284081 9.997E-005 9.997E-005 0.0274264 0.0803255 0.146126 0.0567049 9.997E-005 0.622299 0.0384106
9.996E-005 9.996E-005 9.996E-005 0.0257824 0.0336756 0.0423398 0.0584307 0.00720269 0.832169 9.996E-005
9.996E-005 9.996E-005 0.0301173 0.0776363 0.0851168 9.996E-005 0.17277 9.996E-005 0.624033 0.00992676
9.99201E-005 9.99201E-005 9.99201E-005 0.999101 9.99201E-005 9.99201E-005 9.99201E-005 9.99201E-005 9.99201E-005 9.99201E-005
9.99282E-005 9.99282E-005 9.99282E-005 0.988047 0.011154 9.99282E-005 9.99282E-005 9.99282E-005 9.99282E-005 9.99282E-005
9.99462E-005 9.99462E-005 0.00612805 0.923007 9.99462E-005 0.0216254 9.99462E-005 9.99462E-005 0.0486397 9.99462E-005
9.99461E-005 0.00973094 9.99461E-005 0.860296 0.0384597 0.090914 9.99461E-005 9.99461E-005 9.99461E-005 9.99461E-005
9.9964E-005 0.389033 9.9964E-005 9.9964E-005 0.00363299 9.9964E-005 0.0885928 0.256643 0.0472194 0.214479
0.0274339 0.452174 0.0350302 9.9991E-005 0.0435144 0.0563914 0.0154825 0.0856361 0.0179152 0.266322
9.9982E-005 0.30137 0.0665888 0.017409 9.9982E-005 0.04184 0.0346967 0.0743019 0.186525 0.277068
0.0156202 9.99641E-005 9.99641E-005 0.0494552 0.0324961 0.0329815 0.00137764 9.99641E-005 0.86767 9.99641E-005
9.99372E-005 0.0317496 0.00419186 9.99372E-005 9.99372E-005 9.99372E-005 9.99372E-005 9.99372E-005 0.963359 9.99372E-005
9.99731E-005 0.00384895 9.99731E-005 9.99731E-005 0.00221889 0.0450833 0.119134 0.0996893 0.706869 0.0228566
9.99282E-005 9.99282E-005 9.99282E-005 9.99282E-005 9.99282E-005 9.99282E-005 9.99282E-005 0.0903489 0.908852 9.99282E-005
