9.99012E-005 9.99012E-005 9.99012E-005 9.99012E-005 0.972174 9.99012E-005 0.0103624 9.99012E-005 9.99012E-005 0.0163647 9.99012E-005 9.99012E-005 9.99012E-005 9.99012E-005
9.98922E-005 9.98922E-005 9.98922E-005 9.98922E-005 0.779809 9.98922E-005 9.98922E-005 9.98922E-005 9.98922E-005 9.98922E-005 0.218992 9.98922E-005 9.98922E-005 9.98922E-005
9.99012E-005 9.99012E-005 9.99012E-005 9.99012E-005 0.934691 9.99012E-005 9.99012E-005 9.99012E-005 9.99012E-005 9.99012E-005 9.99012E-005 0.0505752 0.0136347 9.99012E-005
9.99282E-005 9.99282E-005 0.0647515 0.0435966 0.46747 9.99282E-005 9.99282E-005 9.99282E-005 0.124224 0.0138379 0.285321 9.99282E-005 9.99282E-005 9.99282E-005
9.98922E-005 9.98922E-005 0.0123592 9.98922E-005 0.986442 9.98922E-005 9.98922E-005 9.98922E-005 9.98922E-005 9.98922E-005 9.98922E-005 9.98922E-005 9.98922E-005 9.98922E-005
9.98921E-005 9.98921E-005 9.98921E-005 9.98921E-005 0.535019 9.98921E-005 9.98921E-005 9.98921E-005 9.98921E-005 9.98921E-005 0.463782 9.98921E-005 9.98921E-005 9.98921E-005
9.98831E-005 9.98831E-005 9.98831E-005 9.98831E-005 0.998702 9.98831E-005 9.98831E-005 9.98831E-005 9.98831E-005 9.98831E-005 9.98831E-005 9.98831E-005 9.98831E-005 9.98831E-005
9.99102E-005 9.99102E-005 0.0427893 9.99102E-005 9.99102E-005 0.0479296 9.99102E-005 9.99102E-005 9.99102E-005 9.99102E-005 0.891232 9.99102E-005 9.99102E-005 0.0170498
9.98828E-005 9.98828E-005 9.98828E-005 9.98828E-005 9.98828E-005 9.98828E-005 9.98828E-005 9.98828E-005 9.98828E-005 9.98828E-005 0.998702 9.98828E-005 9.98828E-005 9.98828E-005
9.9883E-005 9.9883E-005 9.9883E-005 9.9883E-005 9.9883E-005 9.9883E-005 9.9883E-005 9.9883E-005 9.9883E-005 9.9883E-005 0.998702 9.9883E-005 9.9883E-005 9.9883E-005
9.99102E-005 9.99102E-005 9.99102E-005 9.99102E-005 0.541205 9.99102E-005 0.0698987 0.0213734 9.99102E-005 9.99102E-005 0.366524 9.99102E-005 9.99102E-005 9.99102E-005
9.99193E-005 9.99193E-005 0.109312 0.154926 0.666575 0.0428173 9.99193E-005 9.99193E-005 9.99193E-005 9.99193E-005 9.99193E-005 9.99193E-005 0.0254706 9.99193E-005
0.0120384 9.99461E-005 0.0434772 0.00668084 0.754003 0.0981078 9.99461E-005 0.00802751 0.0206318 9.99461E-005 9.99461E-005 0.0564334 9.99461E-005 9.99461E-005
9.99462E-005 0.011677 0.121923 9.99462E-005 0.611619 9.99462E-005 0.014075 0.0735515 0.0265352 9.99462E-005 0.0880198 0.0519994 9.99462E-005 9.99462E-005
0.0259604 0.0112968 0.0631226 0.155199 0.397094 0.087524 0.0427361 9.99641E-005 0.186783 9.99641E-005 0.0179352 0.011949 9.99641E-005 9.99641E-005
9.99372E-005 0.0100823 9.99372E-005 0.161203 0.590656 0.00673391 0.0106171 9.99372E-005 0.098065 9.99372E-005 9.99372E-005 0.121943 9.99372E-005 9.99372E-005
9.99372E-005 9.99372E-005 0.0814832 0.154304 0.595012 9.99372E-005 9.99372E-005 9.99372E-005 0.0767145 9.99372E-005 0.0221637 0.0574799 9.99372E-005 0.0121426
9.99371E-005 9.99371E-005 0.0661181 0.0792397 0.628386 0.0273147 0.0196972 9.99371E-005 9.99371E-005 9.99371E-005 9.99371E-005 0.168001 9.99371E-005 0.0105434
9.99372E-005 0.0130467 0.0047653 0.238708 0.102277 9.99372E-005 9.99372E-005 0.0288934 9.99372E-005 9.99372E-005 9.99372E-005 0.0815745 0.530035 9.99372E-005
9.99192E-005 9.99192E-005 0.0348265 0.833872 0.0942993 9.99192E-005 9.99192E-005 9.99192E-005 9.99192E-005 9.99192E-005 0.00263372 9.99192E-005 0.0334694 9.99192E-005
9.99013E-005 9.99013E-005 0.0107686 0.895428 9.99013E-005 9.99013E-005 9.99013E-005 9.99013E-005 9.99013E-005 9.99013E-005 9.99013E-005 9.99013E-005 0.0927049 9.99013E-005
9.99282E-005 9.99282E-005 9.99282E-005 0.582047 0.0912379 0.0315941 9.99282E-005 0.0350383 9.99282E-005 9.99282E-005 9.99282E-005 9.99282E-005 0.252298 0.00698511
9.99102E-005 9.99102E-005 9.99102E-005 0.85127 9.99102E-005 9.99102E-005 0.0434208 0.066197 9.99102E-005 9.99102E-005 9.99102E-005 9.99102E-005 0.0381127 9.99102E-005
9.98829E-005 9.98829E-005 9.98829E-005 9.98829E-005 9.98829E-005 9.98829E-005 9.98829E-005 9.98829E-005 9.98829E-005 9.98829E-005 9.98829E-005 9.98829E-005 0.998702 9.98829E-005
9.98832E-005 9.98832E-005 9.98832E-005 9.98832E-005 9.98832E-005 9.98832E-005 9.98832E-005 9.98832E-005 9.98832E-005 9.98832E-005 9.98832E-005 9.98832E-005 0.998702 9.98832E-005
9.98832E-005 9.98832E-005 9.98832E-005 9.98832E-005 9.98832E-005 9.98832E-005 9.98832E-005 9.98832E-005 9.98832E-005 9.98832E-005 9.98832E-005 9.98832E-005 0.998702 9.98832E-005
9.99282E-005 0.0311142 0.0405994 0.769544 9.99282E-005 9.99282E-005 9.99282E-005 9.99282E-005 0.07131 9.99282E-005 0.0376787 9.99282E-005 0.0489542 9.99282E-005
9.99101E-005 9.99101E-005 9.99101E-005 0.195872 0.00671939 9.99101E-005 9.99101E-005 9.99101E-005 9.99101E-005 0.0448422 9.99101E-005 9.99101E-005 0.751567 9.99101E-005
9.99192E-005 9.99192E-005 9.99192E-005 0.9271 0.0157736 9.99192E-005 0.00322635 9.99192E-005 0.0512977 9.99192E-005 9.99192E-005 9.99192E-005 0.00170304 9.99192E-005
9.98832E-005 9.98832E-005 9.98832E-005 9.98832E-005 9.98832E-005 9.98832E-005 9.98832E-005 9.98832E-005 9.98832E-005 9.98832E-005 9.98832E-005 9.98832E-005 0.998702 9.98832E-005
9.99102E-005 9.99102E-005 9.99102E-005 0.680014 9.99102E-005 0.0504246 9.99102E-005 9.99102E-005 9.99102E-005 9.99102E-005 0.111414 9.99102E-005 0.157148 9.99102E-005
9.98922E-005 9.98922E-005 9.98922E-005 9.98922E-005 9.98922E-005 9.98922E-005 0.0101806 9.98922E-005 9.98922E-005 9.98922E-005 9.98922E-005 9.98922E-005 0.988621 9.98922E-005
9.99192E-005 9.99192E-005 9.99192E-005 0.772602 0.0230437 9.99192E-005 9.99192E-005 9.99192E-005 9.99192E-005 9.99192E-005 9.99192E-005 0.0988826 0.103987 0.000584826
9.99103E-005 9.99103E-005 9.99103E-005 0.649835 9.99103E-005 9.99103E-005 9.99103E-005 0.028457 9.99103E-005 9.99103E-005 0.0576045 9.99103E-005 0.263105 9.99103E-005
0.0273088 9.99372E-005 0.0263768 0.697087 9.99372E-005 0.0405084 9.99372E-005 9.99372E-005 9.99372E-005 9.99372E-005 0.0626827 0.0011922 0.144145 9.99372E-005
9.99102E-005 9.99102E-005 9.99102E-005 0.785437 0.0569774 9.99102E-005 9.99102E-005 9.99102E-005 0.0133954 9.99102E-005 9.99102E-005 9.99102E-005 0.143191 9.99102E-005
9.99372E-005 0.0110851 9.99372E-005 0.734538 9.99372E-005 9.99372E-005 9.99372E-005 0.0153924 0.0299649 9.99372E-005 0.0999612 9.99372E-005 0.0970319 0.0113271
0.0315769 0.0151906 0.688847 0.0261093 0.141373 9.99372E-005 9.99372E-005 0.0139636 9.99372E-005 9.99372E-005 9.99372E-005 0.0822401 9.99372E-005 9.99372E-005
9.98833E-005 9.98833E-005 0.998702 9.98833E-005 9.98833E-005 9.98833E-005 9.98833E-005 9.98833E-005 9.98833E-005 9.98833E-005 9.98833E-005 9.98833E-005 9.98833E-005 9.98833E-005
0.0314658 9.99282E-005 0.780892 9.99282E-005 0.0350853 9.99282E-005 9.99282E-005 9.99282E-005 9.99282E-005 0.0387739 9.99282E-005 0.0992709 0.0137128 9.99282E-005
9.99103E-005 9.99103E-005 0.833312 9.99103E-005 9.99103E-005 9.99103E-005 9.99103E-005 9.99103E-005 9.99103E-005 9.99103E-005 0.0207937 0.139331 9.99103E-005 0.00556346
9.99192E-005 0.0330775 0.771309 9.99192E-005 9.99192E-005 9.99192E-005 9.99192E-005 9.99192E-005 9.99192E-005 9.99192E-005 9.99192E-005 0.166648 0.0248363 0.00323002
9.99012E-005 9.99012E-005 0.91361 9.99012E-005 9.99012E-005 9.99012E-005 9.99012E-005 9.99012E-005 0.0273946 9.99012E-005 9.99012E-005 0.0578962 9.99012E-005 9.99012E-005
9.98924E-005 9.98924E-005 0.786385 9.98924E-005 9.98924E-005 9.98924E-005 9.98924E-005 9.98924E-005 9.98924E-005 9.98924E-005 9.98924E-005 0.212416 9.98924E-005 9.98924E-005
9.99282E-005 9.99282E-005 0.828912 9.99282E-005 9.99282E-005 9.99282E-005 9.99282E-005 9.99282E-005 0.0799481 9.99282E-005 0.024357 0.0492406 0.0159796 0.000763046
9.99013E-005 9.99013E-005 0.915899 9.99013E-005 9.99013E-005 9.99013E-005 9.99013E-005 9.99013E-005 9.99013E-005 9.99013E-005 9.99013E-005 0.0718234 0.0111791 9.99013E-005
0.0679195 9.99462E-005 0.0901909 9.99462E-005 0.0155252 0.215399 9.99462E-005 9.99462E-005 0.477655 9.99462E-005 0.0833673 0.0123773 0.0369661 9.99462E-005
9.98801E-005 9.98801E-005 9.98801E-005 9.98801E-005 9.98801E-005 9.98801E-005 9.98801E-005 9.98801E-005 9.98801E-005 9.98801E-005 9.98801E-005 9.98801E-005 9.98801E-005 0.998702
9.99012E-005 9.99012E-005 0.00195584 9.99012E-005 9.99012E-005 9.99012E-005 0.983053 9.99012E-005 9.99012E-005 9.99012E-005 9.99012E-005 9.99012E-005 9.99012E-005 0.0138918
9.98924E-005 9.98924E-005 9.98924E-005 9.98924E-005 9.98924E-005 9.98924E-005 9.98924E-005 9.98924E-005 0.922926 9.98924E-005 9.98924E-005 0.0758753 9.98924E-005 9.98924E-005
9.9892E-005 9.9892E-005 9.9892E-005 9.9892E-005 9.9892E-005 9.9892E-005 0.733633 9.9892E-005 0.265169 9.9892E-005 9.9892E-005 9.9892E-005 9.9892E-005 9.9892E-005
9.99013E-005 9.99013E-005 9.99013E-005 9.99013E-005 0.0116181 9.99013E-005 9.99013E-005 9.99013E-005 0.965132 9.99013E-005 9.99013E-005 9.99013E-005 0.0221508 9.99013E-005
0.0160359 0.00856341 0.000429219 0.0964215 9.99461E-005 0.108335 9.99461E-005 0.00557338 0.753166 9.99461E-005 0.010876 9.99461E-005 9.99461E-005 9.99461E-005
9.99461E-005 9.99461E-005 0.127091 9.99461E-005 0.0727587 0.00453693 9.99461E-005 0.00922629 0.686196 0.067911 9.99461E-005 9.99461E-005 0.0202383 0.0114421
0.058462 9.99013E-005 9.99013E-005 9.99013E-005 0.09159 9.99013E-005 9.99013E-005 9.99013E-005 0.848849 9.99013E-005 9.99013E-005 9.99013E-005 9.99013E-005 9.99013E-005
9.99103E-005 9.99103E-005 9.99103E-005 9.99103E-005 0.0327481 9.99103E-005 9.99103E-005 0.0107489 0.954245 9.99103E-005 9.99103E-005 9.99103E-005 9.99103E-005 0.00125878
9.99281E-005 0.0506362 9.99281E-005 9.99281E-005 9.99281E-005 9.99281E-005 9.99281E-005 0.0182424 0.803034 9.99281E-005 9.99281E-005 0.0730203 0.0531354 0.00113214
9.99102E-005 0.0042728 9.99102E-005 9.99102E-005 0.0632858 9.99102E-005 0.0119866 9.99102E-005 0.919456 9.99102E-005 9.99102E-005 9.99102E-005 9.99102E-005 9.99102E-005
9.98922E-005 9.98922E-005 9.98922E-005 9.98922E-005 9.98922E-005 9.98922E-005 9.98922E-005 0.0221377 0.976664 9.98922E-005 9.98922E-005 9.98922E-005 9.98922E-005 9.98922E-005
9.98923E-005 9.98923E-005 9.98923E-005 0.041701 9.98923E-005 9.98923E-005 9.98923E-005 9.98923E-005 0.9571 9.98923E-005 9.98923E-005 9.98923E-005 9.98923E-005 9.98923E-005
9.98923E-005 9.98923E-005 9.98923E-005 0.0123191 9.98923E-005 0.986482 9.98923E-005 9.98923E-005 9.98923E-005 9.98923E-005 9.98923E-005 9.98923E-005 9.98923E-005 9.98923E-005
9.99013E-005 0.0202061 9.99013E-005 0.0442602 9.99013E-005 0.934435 9.99013E-005 9.99013E-005 9.99013E-005 9.99013E-005 9.99013E-005 9.99013E-005 9.99013E-005 9.99013E-005
9.99462E-005 9.99462E-005 0.0167238 9.99462E-005 9.99462E-005 0.837326 9.99462E-005 9.99462E-005 0.0158022 0.0523664 0.0589986 0.0162704 0.000598854 0.00131398
9.98833E-005 9.98833E-005 9.98833E-005 9.98833E-005 9.98833E-005 9.98833E-005 9.98833E-005 9.98833E-005 9.98833E-005 0.998702 9.98833E-005 9.98833E-005 9.98833E-005 9.98833E-005
0.10846 0.0211194 9.99282E-005 9.99282E-005 9.99282E-005 9.99282E-005 9.99282E-005 0.0013679 9.99282E-005 0.860307 9.99282E-005 0.000884536 0.00706238 9.99282E-005
9.99014E-005 0.992961 0.000551334 9.99014E-005 0.00538854 9.99014E-005 9.99014E-005 9.99014E-005 9.99014E-005 9.99014E-005 9.99014E-005 9.99014E-005 9.99014E-005 9.99014E-005
9.98832E-005 0.998702 9.98832E-005 9.98832E-005 9.98832E-005 9.98832E-005 9.98832E-005 9.98832E-005 9.98832E-005 9.98832E-005 9.98832E-005 9.98832E-005 9.98832E-005 9.98832E-005
9.99192E-005 0.132609 0.0298015 9.99192E-005 0.0224684 9.99192E-005 9.99192E-005 0.00537425 9.99192E-005 0.808847 9.99192E-005 9.99192E-005 9.99192E-005 9.99192E-005
9.99013E-005 0.0349038 9.99013E-005 9.99013E-005 9.99013E-005 9.99013E-005 9.99013E-005 0.0177754 9.99013E-005 0.946222 9.99013E-005 9.99013E-005 9.99013E-005 9.99013E-005
9.99282E-005 0.907833 9.99282E-005 0.000709006 9.99282E-005 0.0212488 9.99282E-005 9.99282E-005 9.99282E-005 0.0260665 9.99282E-005 0.0380762 0.00526669 9.99282E-005
9.98833E-005 0.998702 9.98833E-005 9.98833E-005 9.98833E-005 9.98833E-005 9.98833E-005 9.98833E-005 9.98833E-005 9.98833E-005 9.98833E-005 9.98833E-005 9.98833E-005 9.98833E-005
9.98922E-005 9.98922E-005 9.98922E-005 9.98922E-005 9.98922E-005 9.98922E-005 9.98922E-005 9.98922E-005 9.98922E-005 0.992019 9.98922E-005 9.98922E-005 9.98922E-005 0.00678231
9.99013E-005 0.985811 0.00528579 9.99013E-005 9.99013E-005 9.99013E-005 9.99013E-005 9.99013E-005 0.00780397 9.99013E-005 9.99013E-005 9.99013E-005 9.99013E-005 9.99013E-005
9.99101E-005 0.932464 9.99101E-005 9.99101E-005 9.99101E-005 9.99101E-005 9.99101E-005 9.99101E-005 9.99101E-005 0.0286097 0.0271695 9.99101E-005 9.99101E-005 0.0107581
9.98923E-005 0.979871 9.98923E-005 9.98923E-005 9.98923E-005 9.98923E-005 0.01893 9.98923E-005 9.98923E-005 9.98923E-005 9.98923E-005 9.98923E-005 9.98923E-005 9.98923E-005
9.98923E-005 0.871139 9.98923E-005 9.98923E-005 9.98923E-005 9.98923E-005 9.98923E-005 9.98923E-005 9.98923E-005 0.127662 9.98923E-005 9.98923E-005 9.98923E-005 9.98923E-005
9.99012E-005 0.956674 9.99012E-005 9.99012E-005 9.99012E-005 9.99012E-005 9.99012E-005 0.0109419 9.99012E-005 9.99012E-005 9.99012E-005 9.99012E-005 0.0312855 9.99012E-005
9.99103E-005 9.99103E-005 9.99103E-005 0.919175 9.99103E-005 9.99103E-005 9.99103E-005 0.00974671 9.99103E-005 9.99103E-005 0.0312773 0.0388024 9.99103E-005 9.99103E-005
9.99281E-005 9.99281E-005 0.813415 9.99281E-005 9.99281E-005 9.99281E-005 9.99281E-005 9.99281E-005 9.99281E-005 0.016241 0.067626 0.0741233 0.0202588 0.00753621
9.99192E-005 9.99192E-005 0.90242 9.99192E-005 9.99192E-005 9.99192E-005 9.99192E-005 0.000767567 9.99192E-005 9.99192E-005 0.0551339 0.00697699 0.0338023 9.99192E-005
0.965424 0.0307362 9.99013E-005 9.99013E-005 9.99013E-005 9.99013E-005 9.99013E-005 9.99013E-005 9.99013E-005 9.99013E-005 9.99013E-005 9.99013E-005 0.00274104 9.99013E-005
0.917218 0.0446863 9.99103E-005 9.99103E-005 9.99103E-005 9.99103E-005 0.0294134 0.00768336 9.99103E-005 9.99103E-005 9.99103E-005 9.99103E-005 9.99103E-005 9.99103E-005
0.900158 0.0339959 9.99103E-005 9.99103E-005 9.99103E-005 9.99103E-005 0.00141299 0.0634335 9.99103E-005 9.99103E-005 9.99103E-005 9.99103E-005 9.99103E-005 9.99103E-005
0.874708 9.99013E-005 9.99013E-005 9.99013E-005 9.99013E-005 9.99013E-005 9.99013E-005 0.0952738 9.99013E-005 9.99013E-005 9.99013E-005 0.0289188 9.99013E-005 9.99013E-005
0.785607 0.0156317 9.99103E-005 9.99103E-005 9.99103E-005 0.0574504 9.99103E-005 0.140312 9.99103E-005 9.99103E-005 9.99103E-005 9.99103E-005 9.99103E-005 9.99103E-005
0.859848 9.99102E-005 9.99102E-005 9.99102E-005 9.99102E-005 9.99102E-005 9.99102E-005 0.0615991 9.99102E-005 0.0717666 9.99102E-005 9.99102E-005 0.005787 9.99102E-005
0.757623 9.99193E-005 9.99193E-005 9.99193E-005 9.99193E-005 9.99193E-005 0.0124383 0.153592 9.99193E-005 0.0452314 9.99193E-005 9.99193E-005 0.0302159 9.99193E-005
0.746904 9.99193E-005 9.99193E-005 9.99193E-005 9.99193E-005 0.0442872 9.99193E-005 0.15802 0.0367575 0.0131322 9.99193E-005 9.99193E-005 9.99193E-005 9.99193E-005
0.879116 9.99192E-005 9.99192E-005 0.0563896 9.99192E-005 9.99192E-005 9.99192E-005 0.0455414 0.0072437 9.99192E-005 9.99192E-005 9.99192E-005 9.99192E-005 0.0108099
0.863041 9.99281E-005 9.99281E-005 9.99281E-005 0.0378555 0.0135396 9.99281E-005 0.0756375 0.0065973 9.99281E-005 9.99281E-005 9.99281E-005 9.99281E-005 0.00252953
0.934993 9.99104E-005 9.99104E-005 9.99104E-005 9.99104E-005 9.99104E-005 9.99104E-005 0.0401914 9.99104E-005 9.99104E-005 0.0170985 9.99104E-005 0.0067175 9.99104E-005
0.79985 0.0216447 9.99372E-005 9.99372E-005 9.99372E-005 9.99372E-005 0.0414815 0.0632432 0.0257427 0.0356397 9.99372E-005 9.99372E-005 9.99372E-005 0.0116987
0.938147 9.99013E-005 9.99013E-005 9.99013E-005 9.99013E-005 9.99013E-005 9.99013E-005 9.99013E-005 0.0145665 0.0461873 9.99013E-005 9.99013E-005 9.99013E-005 9.99013E-005
0.87887 0.0328509 9.99102E-005 9.99102E-005 9.99102E-005 9.99102E-005 9.99102E-005 0.081127 0.00615257 9.99102E-005 9.99102E-005 9.99102E-005 9.99102E-005 9.99102E-005
0.836931 9.99192E-005 9.99192E-005 9.99192E-005 9.99192E-005 0.0318572 0.0107304 0.0925729 9.99192E-005 9.99192E-005 0.0270089 9.99192E-005 9.99192E-005 9.99192E-005
0.779236 9.99371E-005 9.99371E-005 0.0196705 9.99371E-005 9.99371E-005 0.041877 0.109405 9.99371E-005 9.99371E-005 0.00386602 0.0331564 0.0120898 9.99371E-005
0.897516 0.060325 9.99103E-005 9.99103E-005 9.99103E-005 9.99103E-005 0.0143181 0.0268416 9.99103E-005 9.99103E-005 9.99103E-005 9.99103E-005 9.99103E-005 9.99103E-005
0.875027 0.0075987 0.0257086 9.99193E-005 9.99193E-005 9.99193E-005 9.99193E-005 0.0784275 9.99193E-005 9.99193E-005 9.99193E-005 0.0123389 9.99193E-005 9.99193E-005
0.864485 9.99283E-005 9.99283E-005 9.99283E-005 9.99283E-005 0.0267317 0.00437544 0.0884832 0.00626214 9.99283E-005 9.99283E-005 9.99283E-005 9.99283E-005 0.00886288
0.690293 0.00429441 9.99461E-005 0.0703972 9.99461E-005 9.99461E-005 0.00599921 0.178256 9.99461E-005 0.0234255 0.0103968 9.99461E-005 9.99461E-005 0.016338
0.805707 0.00138504 9.99282E-005 0.0202068 9.99282E-005 9.99282E-005 0.00285391 0.129479 9.99282E-005 0.0395683 9.99282E-005 9.99282E-005 9.99282E-005 9.99282E-005
0.922453 0.00155899 9.99192E-005 9.99192E-005 0.00857519 9.99192E-005 0.011813 9.99192E-005 9.99192E-005 9.99192E-005 9.99192E-005 0.0547005 9.99192E-005 9.99192E-005
0.766532 9.99192E-005 9.99192E-005 9.99192E-005 9.99192E-005 9.99192E-005 0.0183218 0.164399 9.99192E-005 0.0330512 0.0167964 9.99192E-005 9.99192E-005 9.99192E-005
0.780287 9.99282E-005 9.99282E-005 9.99282E-005 9.99282E-005 0.00470701 9.99282E-005 0.0868427 0.0971058 9.99282E-005 0.0263782 9.99282E-005 9.99282E-005 0.00388002
0.849598 9.99012E-005 9.99012E-005 9.99012E-005 9.99012E-005 0.0615699 9.99012E-005 0.0877328 9.99012E-005 9.99012E-005 9.99012E-005 9.99012E-005 9.99012E-005 9.99012E-005
0.815303 9.99281E-005 9.99281E-005 9.99281E-005 9.99281E-005 9.99281E-005 0.0272112 0.0730613 9.99281E-005 9.99281E-005 0.0702943 9.99281E-005 0.00922523 0.00410531
9.98833E-005 9.98833E-005 9.98833E-005 9.98833E-005 9.98833E-005 9.98833E-005 9.98833E-005 9.98833E-005 9.98833E-005 0.998702 9.98833E-005 9.98833E-005 9.98833E-005 9.98833E-005
9.99011E-005 9.99011E-005 9.99011E-005 0.255442 9.99011E-005 9.99011E-005 0.0342108 9.99011E-005 9.99011E-005 0.709248 9.99011E-005 9.99011E-005 9.99011E-005 9.99011E-005
0.120237 9.99104E-005 0.00668256 9.99104E-005 9.99104E-005 9.99104E-005 9.99104E-005 9.99104E-005 9.99104E-005 0.864214 9.99104E-005 9.99104E-005 0.00786668 9.99104E-005
9.99192E-005 0.0495886 0.0463732 0.0793187 0.0671617 9.99192E-005 9.99192E-005 9.99192E-005 9.99192E-005 9.99192E-005 9.99192E-005 0.756659 9.99192E-005 9.99192E-005
9.98829E-005 9.98829E-005 9.98829E-005 9.98829E-005 9.98829E-005 9.98829E-005 9.98829E-005 9.98829E-005 9.98829E-005 9.98829E-005 9.98829E-005 0.998702 9.98829E-005 9.98829E-005
9.99013E-005 9.99013E-005 9.99013E-005 9.99013E-005 9.99013E-005 9.99013E-005 9.99013E-005 9.99013E-005 0.0091786 9.99013E-005 0.0551875 0.934535 9.99013E-005 9.99013E-005
9.98922E-005 9.98922E-005 9.98922E-005 9.98922E-005 9.98922E-005 9.98922E-005 9.98922E-005 9.98922E-005 9.98922E-005 9.98922E-005 9.98922E-005 0.993135 0.00566624 9.98922E-005
9.99013E-005 0.00153896 0.0618462 9.99013E-005 9.99013E-005 9.99013E-005 9.99013E-005 9.99013E-005 9.99013E-005 9.99013E-005 9.99013E-005 0.935516 9.99013E-005 9.99013E-005
9.98833E-005 9.98833E-005 9.98833E-005 9.98833E-005 9.98833E-005 9.98833E-005 9.98833E-005 9.98833E-005 9.98833E-005 9.98833E-005 9.98833E-005 0.998702 9.98833E-005 9.98833E-005
9.99461E-005 0.0319407 0.178157 0.079798 0.150023 9.99461E-005 9.99461E-005 9.99461E-005 0.0105044 9.99461E-005 9.99461E-005 0.484135 0.0376138 0.0272285
9.99102E-005 9.99102E-005 0.985387 9.99102E-005 9.99102E-005 9.99102E-005 0.00654329 9.99102E-005 9.99102E-005 9.99102E-005 9.99102E-005 9.99102E-005 0.00591815 0.0011527
9.98833E-005 9.98833E-005 0.998702 9.98833E-005 9.98833E-005 9.98833E-005 9.98833E-005 9.98833E-005 9.98833E-005 9.98833E-005 9.98833E-005 9.98833E-005 9.98833E-005 9.98833E-005
9.99282E-005 0.0115029 0.810541 9.99282E-005 0.0888326 9.99282E-005 9.99282E-005 9.99282E-005 9.99282E-005 0.0186414 9.99282E-005 9.99282E-005 0.065117 0.00456592
0.348522 9.99193E-005 0.0118778 0.402043 9.99193E-005 9.99193E-005 9.99193E-005 0.109007 9.99193E-005 9.99193E-005 9.99193E-005 0.127651 9.99193E-005 9.99193E-005
9.9973E-005 9.9973E-005 0.0231282 0.168798 0.187835 9.9973E-005 0.0542387 0.011654 0.134981 0.0164637 0.311174 0.0491985 0.0381243 0.00410413
9.9901E-005 9.9901E-005 9.9901E-005 9.9901E-005 0.1157 9.9901E-005 0.876585 9.9901E-005 9.9901E-005 9.9901E-005 9.9901E-005 9.9901E-005 0.00661628 9.9901E-005
0.0668976 9.99012E-005 9.99012E-005 9.99012E-005 9.99012E-005 0.928149 9.99012E-005 0.00385492 9.99012E-005 9.99012E-005 9.99012E-005 9.99012E-005 9.99012E-005 9.99012E-005
9.99102E-005 0.0194162 9.99102E-005 9.99102E-005 0.0740606 0.852449 9.99102E-005 9.99102E-005 9.99102E-005 0.0530755 9.99102E-005 9.99102E-005 9.99102E-005 9.99102E-005
0.0805093 9.99009E-005 9.99009E-005 9.99009E-005 9.99009E-005 9.99009E-005 0.915256 0.00313552 9.99009E-005 9.99009E-005 9.99009E-005 9.99009E-005 9.99009E-005 9.99009E-005
0.773919 9.99193E-005 9.99193E-005 9.99193E-005 9.99193E-005 9.99193E-005 9.99193E-005 0.148332 0.0323412 0.040706 9.99193E-005 0.00380252 9.99193E-005 9.99193E-005
0.121039 9.98923E-005 9.98923E-005 9.98923E-005 9.98923E-005 9.98923E-005 9.98923E-005 0.877763 9.98923E-005 9.98923E-005 9.98923E-005 9.98923E-005 9.98923E-005 9.98923E-005
0.733711 9.99551E-005 9.99551E-005 0.0103347 0.00230024 9.99551E-005 0.0240038 0.143836 9.99551E-005 0.0507591 0.0152422 9.99551E-005 0.00462619 0.0146878
9.98828E-005 9.98828E-005 9.98828E-005 9.98828E-005 9.98828E-005 9.98828E-005 9.98828E-005 0.998702 9.98828E-005 9.98828E-005 9.98828E-005 9.98828E-005 9.98828E-005 9.98828E-005
0.898769 9.99191E-005 9.99191E-005 9.99191E-005 9.99191E-005 9.99191E-005 9.99191E-005 0.0350771 0.0328883 9.99191E-005 9.99191E-005 0.0209588 9.99191E-005 0.011408
0.858028 0.00196477 9.99372E-005 9.99372E-005 9.99372E-005 0.0139084 0.00995232 0.0785292 0.0283472 0.00857005 9.99372E-005 9.99372E-005 9.99372E-005 9.99372E-005
0.926316 0.00251582 9.99192E-005 9.99192E-005 0.026665 9.99192E-005 9.99192E-005 0.0278075 9.99192E-005 9.99192E-005 9.99192E-005 0.0157962 9.99192E-005 9.99192E-005
9.98829E-005 9.98829E-005 9.98829E-005 9.98829E-005 9.98829E-005 9.98829E-005 9.98829E-005 0.998702 9.98829E-005 9.98829E-005 9.98829E-005 9.98829E-005 9.98829E-005 9.98829E-005
0.806637 9.99193E-005 0.0391278 9.99193E-005 9.99193E-005 9.99193E-005 0.00455004 0.116826 9.99193E-005 0.0319597 9.99193E-005 9.99193E-005 9.99193E-005 9.99193E-005
0.825459 9.99013E-005 9.99013E-005 9.99013E-005 9.99013E-005 9.99013E-005 9.99013E-005 0.0799 9.99013E-005 0.0935418 9.99013E-005 9.99013E-005 9.99013E-005 9.99013E-005
0.891265 9.99014E-005 9.99014E-005 9.99014E-005 9.99014E-005 0.025178 9.99014E-005 0.0824582 9.99014E-005 9.99014E-005 9.99014E-005 9.99014E-005 9.99014E-005 9.99014E-005
0.849795 0.0282991 0.00967721 0.026278 9.99192E-005 9.99192E-005 9.99192E-005 0.0850519 9.99192E-005 9.99192E-005 9.99192E-005 9.99192E-005 9.99192E-005 9.99192E-005
0.77329 9.99192E-005 9.99192E-005 0.0611157 9.99192E-005 9.99192E-005 9.99192E-005 0.122812 9.99192E-005 0.0391965 9.99192E-005 9.99192E-005 9.99192E-005 0.00268682
0.891468 9.99103E-005 9.99103E-005 0.00021324 9.99103E-005 9.99103E-005 9.99103E-005 0.0686136 9.99103E-005 9.99103E-005 9.99103E-005 9.99103E-005 0.0387063 9.99103E-005
0.677163 9.99193E-005 9.99193E-005 9.99193E-005 9.99193E-005 9.99193E-005 0.0464485 0.207039 0.0650351 9.99193E-005 9.99193E-005 9.99193E-005 0.00341464 9.99193E-005
9.99372E-005 0.0661924 9.99372E-005 0.63708 0.0617935 9.99372E-005 9.99372E-005 0.0089803 9.99372E-005 9.99372E-005 0.00382241 0.166067 0.0553646 9.99372E-005
9.99192E-005 9.99192E-005 0.00708209 0.769104 9.99192E-005 9.99192E-005 9.99192E-005 9.99192E-005 9.99192E-005 9.99192E-005 0.175714 0.0261593 0.0210404 9.99192E-005
9.99192E-005 9.99192E-005 0.0760652 0.525049 9.99192E-005 9.99192E-005 9.99192E-005 9.99192E-005 9.99192E-005 0.0363278 0.271068 9.99192E-005 0.0905911 9.99192E-005
9.99013E-005 9.99013E-005 0.982521 0.00612669 9.99013E-005 9.99013E-005 9.99013E-005 9.99013E-005 0.010253 9.99013E-005 9.99013E-005 9.99013E-005 9.99013E-005 9.99013E-005
9.99013E-005 9.99013E-005 0.937824 9.99013E-005 9.99013E-005 9.99013E-005 9.99013E-005 9.99013E-005 0.0289352 9.99013E-005 9.99013E-005 9.99013E-005 0.0321423 9.99013E-005
9.99014E-005 9.99014E-005 0.908414 0.0410084 9.99014E-005 9.99014E-005 9.99014E-005 9.99014E-005 0.0494786 9.99014E-005 9.99014E-005 9.99014E-005 9.99014E-005 9.99014E-005
9.99282E-005 9.99282E-005 0.849886 9.99282E-005 0.0315307 0.0250078 9.99282E-005 9.99282E-005 0.0321107 9.99282E-005 9.99282E-005 0.0307784 0.0298867 9.99282E-005
9.98834E-005 9.98834E-005 9.98834E-005 9.98834E-005 9.98834E-005 0.998702 9.98834E-005 9.98834E-005 9.98834E-005 9.98834E-005 9.98834E-005 9.98834E-005 9.98834E-005 9.98834E-005
9.98833E-005 9.98833E-005 9.98833E-005 9.98833E-005 9.98833E-005 0.998702 9.98833E-005 9.98833E-005 9.98833E-005 9.98833E-005 9.98833E-005 9.98833E-005 9.98833E-005 9.98833E-005
9.99372E-005 0.0015943 0.0109751 0.00205777 9.99372E-005 0.952525 0.00187544 9.99372E-005 9.99372E-005 0.0019773 9.99372E-005 0.028295 9.99372E-005 9.99372E-005
9.99372E-005 9.99372E-005 9.99372E-005 0.759464 0.0967666 9.99372E-005 9.99372E-005 0.00457711 9.99372E-005 0.0310994 9.99372E-005 0.0687976 0.0365972 0.00199848
9.99103E-005 9.99103E-005 9.99103E-005 0.906837 9.99103E-005 0.00207477 9.99103E-005 9.99103E-005 9.99103E-005 9.99103E-005 0.0848745 9.99103E-005 9.99103E-005 0.00521416
0.0852768 9.99282E-005 9.99282E-005 0.66246 0.182672 0.0447542 9.99282E-005 9.99282E-005 9.99282E-005 9.99282E-005 9.99282E-005 0.018907 0.00513034 9.99282E-005
0.0166212 9.99282E-005 9.99282E-005 0.860894 0.0128941 0.0782217 0.0240359 9.99282E-005 9.99282E-005 9.99282E-005 9.99282E-005 9.99282E-005 9.99282E-005 0.00653368
