9.98833E-005 9.98833E-005 9.98833E-005 9.98833E-005 9.98833E-005 9.98833E-005 9.98833E-005 9.98833E-005 0.989527 9.98833E-005 0.00917456 9.98833E-005 9.98833E-005 9.98833E-005 9.98833E-005
9.98832E-005 9.98832E-005 9.98832E-005 9.98832E-005 9.98832E-005 0.259206 9.98832E-005 9.98832E-005 0.739496 9.98832E-005 9.98832E-005 9.98832E-005 9.98832E-005 9.98832E-005 9.98832E-005
9.99012E-005 9.99012E-005 0.0122412 9.99012E-005 9.99012E-005 0.0244462 9.99012E-005 9.99012E-005 0.929489 0.0327252 9.99012E-005 9.99012E-005 9.99012E-005 9.99012E-005 9.99012E-005
0.160313 9.99103E-005 9.99103E-005 9.99103E-005 9.99103E-005 0.104405 9.99103E-005 9.99103E-005 0.601899 9.99103E-005 9.99103E-005 0.112157 9.99103E-005 0.0202264 9.99103E-005
9.98743E-005 9.98743E-005 9.98743E-005 9.98743E-005 9.98743E-005 9.98743E-005 9.98743E-005 9.98743E-005 0.998602 9.98743E-005 9.98743E-005 9.98743E-005 9.98743E-005 9.98743E-005 9.98743E-005
9.98831E-005 9.98831E-005 9.98831E-005 9.98831E-005 9.98831E-005 0.607495 9.98831E-005 9.98831E-005 0.391207 9.98831E-005 9.98831E-005 9.98831E-005 9.98831E-005 9.98831E-005 9.98831E-005
9.98831E-005 9.98831E-005 9.98831E-005 9.98831E-005 9.98831E-005 0.103877 9.98831E-005 9.98831E-005 0.894824 9.98831E-005 9.98831E-005 9.98831E-005 9.98831E-005 9.98831E-005 9.98831E-005
0.0696164 9.99191E-005 9.99191E-005 9.99191E-005 0.00148095 0.659709 0.119314 9.99191E-005 0.112949 9.99191E-005 9.99191E-005 9.99191E-005 9.99191E-005 0.0360315 9.99191E-005
9.98738E-005 9.98738E-005 9.98738E-005 9.98738E-005 9.98738E-005 0.998602 9.98738E-005 9.98738E-005 9.98738E-005 9.98738E-005 9.98738E-005 9.98738E-005 9.98738E-005 9.98738E-005 9.98738E-005
9.9874E-005 9.9874E-005 9.9874E-005 9.9874E-005 9.9874E-005 0.998602 9.9874E-005 9.9874E-005 9.9874E-005 9.9874E-005 9.9874E-005 9.9874E-005 9.9874E-005 9.9874E-005 9.9874E-005
9.98923E-005 9.98923E-005 9.98923E-005 9.98923E-005 9.98923E-005 0.778168 9.98923E-005 9.98923E-005 0.17578 9.98923E-005 0.0448525 9.98923E-005 9.98923E-005 9.98923E-005 9.98923E-005
0.148903 9.99103E-005 0.0415322 9.99103E-005 0.0286163 9.99103E-005 9.99103E-005 9.99103E-005 0.702662 9.99103E-005 9.99103E-005 9.99103E-005 9.99103E-005 0.077288 9.99103E-005
9.99282E-005 9.99282E-005 9.99282E-005 0.0728925 0.0351789 0.00409433 0.037086 9.99282E-005 0.780187 9.99282E-005 0.00825179 9.99282E-005 0.0615103 9.99282E-005 9.99282E-005
9.99193E-005 0.0785921 9.99193E-005 9.99193E-005 9.99193E-005 0.0442694 9.99193E-005 0.0127351 0.708105 0.100755 9.99193E-005 9.99193E-005 9.99193E-005 0.0546443 9.99193E-005
0.112408 9.99551E-005 9.99551E-005 9.99551E-005 9.99551E-005 9.99551E-005 0.113673 0.0289993 0.522016 0.0195721 0.064284 0.0459942 0.0266475 0.0313571 0.0345481
9.99192E-005 9.99192E-005 9.99192E-005 0.113826 0.231788 9.99192E-005 9.99192E-005 9.99192E-005 0.570182 9.99192E-005 0.00823511 0.059919 9.99192E-005 9.99192E-005 0.0151499
0.148877 0.00791795 9.99192E-005 9.99192E-005 9.99192E-005 9.99192E-005 9.99192E-005 9.99192E-005 0.709088 0.0208798 9.99192E-005 0.0578009 9.99192E-005 0.0545379 9.99192E-005
9.99191E-005 9.99191E-005 9.99191E-005 0.0714007 0.275914 9.99191E-005 0.014785 9.99191E-005 0.602176 9.99191E-005 0.0271648 9.99191E-005 9.99191E-005 0.0076598 9.99191E-005
9.99102E-005 0.0197221 0.491811 0.363058 0.107409 9.99102E-005 9.99102E-005 9.99102E-005 0.0170013 9.99102E-005 9.99102E-005 9.99102E-005 9.99102E-005 9.99102E-005 9.99102E-005
0.787313 9.98923E-005 9.98923E-005 0.18101 9.98923E-005 9.98923E-005 9.98923E-005 9.98923E-005 0.0304783 9.98923E-005 9.98923E-005 9.98923E-005 9.98923E-005 9.98923E-005 9.98923E-005
9.98923E-005 9.98923E-005 0.0302657 0.949708 9.98923E-005 9.98923E-005 9.98923E-005 9.98923E-005 9.98923E-005 0.018828 9.98923E-005 9.98923E-005 9.98923E-005 9.98923E-005 9.98923E-005
9.99192E-005 0.00823707 0.16846 0.80434 0.00898805 0.00345924 9.99192E-005 9.99192E-005 9.99192E-005 9.99192E-005 9.99192E-005 9.99192E-005 0.00561694 9.99192E-005 9.99192E-005
9.98922E-005 0.0225092 9.98922E-005 0.943559 9.98922E-005 9.98922E-005 9.98922E-005 9.98922E-005 9.98922E-005 9.98922E-005 0.0327327 9.98922E-005 9.98922E-005 9.98922E-005 9.98922E-005
9.9874E-005 9.9874E-005 0.998602 9.9874E-005 9.9874E-005 9.9874E-005 9.9874E-005 9.9874E-005 9.9874E-005 9.9874E-005 9.9874E-005 9.9874E-005 9.9874E-005 9.9874E-005 9.9874E-005
0.0113508 9.98832E-005 0.987351 9.98832E-005 9.98832E-005 9.98832E-005 9.98832E-005 9.98832E-005 9.98832E-005 9.98832E-005 9.98832E-005 9.98832E-005 9.98832E-005 9.98832E-005 9.98832E-005
9.98743E-005 9.98743E-005 0.998602 9.98743E-005 9.98743E-005 9.98743E-005 9.98743E-005 9.98743E-005 9.98743E-005 9.98743E-005 9.98743E-005 9.98743E-005 9.98743E-005 9.98743E-005 9.98743E-005
0.851283 9.99192E-005 0.0424589 9.99192E-005 9.99192E-005 9.99192E-005 9.99192E-005 9.99192E-005 9.99192E-005 0.0165119 9.99192E-005 0.0115941 9.99192E-005 0.0371905 0.0400625
9.98832E-005 9.98832E-005 0.740589 0.258112 9.98832E-005 9.98832E-005 9.98832E-005 9.98832E-005 9.98832E-005 9.98832E-005 9.98832E-005 9.98832E-005 9.98832E-005 9.98832E-005 9.98832E-005
9.98923E-005 9.98923E-005 9.98923E-005 0.955504 0.0413318 9.98923E-005 9.98923E-005 9.98923E-005 9.98923E-005 9.98923E-005 9.98923E-005 0.0019653 9.98923E-005 9.98923E-005 9.98923E-005
9.98742E-005 9.98742E-005 0.998602 9.98742E-005 9.98742E-005 9.98742E-005 9.98742E-005 9.98742E-005 9.98742E-005 9.98742E-005 9.98742E-005 9.98742E-005 9.98742E-005 9.98742E-005 9.98742E-005
0.6596 9.99013E-005 0.140614 0.186329 9.99013E-005 9.99013E-005 9.99013E-005 9.99013E-005 0.0123583 9.99013E-005 9.99013E-005 9.99013E-005 9.99013E-005 9.99013E-005 9.99013E-005
9.98832E-005 9.98832E-005 0.990947 9.98832E-005 9.98832E-005 9.98832E-005 9.98832E-005 9.98832E-005 9.98832E-005 9.98832E-005 0.00775473 9.98832E-005 9.98832E-005 9.98832E-005 9.98832E-005
0.605385 9.99102E-005 0.093742 0.219483 0.0108357 9.99102E-005 9.99102E-005 9.99102E-005 9.99102E-005 0.069556 9.99102E-005 9.99102E-005 9.99102E-005 9.99102E-005 9.99102E-005
0.736128 0.0165586 0.24023 9.99013E-005 9.99013E-005 9.99013E-005 9.99013E-005 0.00598434 9.99013E-005 9.99013E-005 9.99013E-005 9.99013E-005 9.99013E-005 9.99013E-005 9.99013E-005
0.787133 9.99013E-005 0.1334 9.99013E-005 0.0347762 9.99013E-005 9.99013E-005 9.99013E-005 9.99013E-005 9.99013E-005 9.99013E-005 9.99013E-005 0.0435917 9.99013E-005 9.99013E-005
9.98832E-005 9.98832E-005 0.0641577 0.934544 9.98832E-005 9.98832E-005 9.98832E-005 9.98832E-005 9.98832E-005 9.98832E-005 9.98832E-005 9.98832E-005 9.98832E-005 9.98832E-005 9.98832E-005
0.859448 0.0115514 0.0737295 9.99013E-005 9.99013E-005 9.99013E-005 9.99013E-005 9.99013E-005 9.99013E-005 9.99013E-005 9.99013E-005 0.0541718 9.99013E-005 9.99013E-005 9.99013E-005
9.99372E-005 0.0288113 9.99372E-005 0.0925096 0.00498971 9.99372E-005 9.99372E-005 0.00620541 0.0886724 0.0717671 9.99372E-005 9.99372E-005 9.99372E-005 0.688398 0.0179473
9.98833E-005 9.98833E-005 9.98833E-005 9.98833E-005 9.98833E-005 9.98833E-005 9.98833E-005 9.98833E-005 9.98833E-005 9.98833E-005 0.0140003 9.98833E-005 9.98833E-005 0.984701 9.98833E-005
9.99372E-005 9.99372E-005 0.0186983 0.0170855 0.0433517 9.99372E-005 9.99372E-005 0.0515695 0.0093515 0.0548288 9.99372E-005 9.99372E-005 0.0170451 0.78737 9.99372E-005
9.99103E-005 0.00189458 9.99103E-005 9.99103E-005 0.15992 9.99103E-005 9.99103E-005 9.99103E-005 9.99103E-005 0.0103996 0.0108959 9.99103E-005 9.99103E-005 0.815891 9.99103E-005
0.0454656 9.99192E-005 0.0154536 9.99192E-005 0.176249 9.99192E-005 9.99192E-005 0.0156307 9.99192E-005 0.0216031 9.99192E-005 9.99192E-005 9.99192E-005 0.724699 9.99192E-005
0.0300051 9.99012E-005 9.99012E-005 9.99012E-005 9.99012E-005 9.99012E-005 9.99012E-005 9.99012E-005 9.99012E-005 0.0598392 9.99012E-005 0.0119944 9.99012E-005 0.897062 9.99012E-005
9.98834E-005 9.98834E-005 9.98834E-005 9.98834E-005 0.289527 9.98834E-005 9.98834E-005 9.98834E-005 9.98834E-005 9.98834E-005 9.98834E-005 9.98834E-005 9.98834E-005 0.709175 9.98834E-005
0.0422756 9.99282E-005 0.00140739 9.99282E-005 9.99282E-005 9.99282E-005 0.0397299 9.99282E-005 0.0214261 0.0666156 9.99282E-005 0.0370605 9.99282E-005 0.790685 9.99282E-005
0.0157121 9.99102E-005 0.00805735 9.99102E-005 0.0365744 9.99102E-005 9.99102E-005 0.000142856 9.99102E-005 9.99102E-005 9.99102E-005 9.99102E-005 9.99102E-005 0.938514 9.99102E-005
9.99461E-005 0.0083777 0.0337007 9.99461E-005 9.99461E-005 0.0229695 0.144095 9.99461E-005 0.0899801 0.0706887 9.99461E-005 0.469243 9.99461E-005 0.0530461 0.1073
9.98755E-005 9.98755E-005 9.98755E-005 9.98755E-005 9.98755E-005 9.98755E-005 0.998602 9.98755E-005 9.98755E-005 9.98755E-005 9.98755E-005 9.98755E-005 9.98755E-005 9.98755E-005 9.98755E-005
9.98833E-005 9.98833E-005 9.98833E-005 9.98833E-005 9.98833E-005 9.98833E-005 9.98833E-005 9.98833E-005 9.98833E-005 9.98833E-005 0.986284 9.98833E-005 9.98833E-005 0.0124175 9.98833E-005
9.98924E-005 9.98924E-005 9.98924E-005 9.98924E-005 0.0293422 9.98924E-005 9.98924E-005 9.98924E-005 9.98924E-005 0.0176992 9.98924E-005 0.95176 9.98924E-005 9.98924E-005 9.98924E-005
9.9883E-005 9.9883E-005 9.9883E-005 9.9883E-005 9.9883E-005 9.9883E-005 9.9883E-005 9.9883E-005 9.9883E-005 9.9883E-005 0.73656 0.262141 9.9883E-005 9.9883E-005 9.9883E-005
9.98834E-005 9.98834E-005 0.0298739 9.98834E-005 9.98834E-005 9.98834E-005 9.98834E-005 9.98834E-005 9.98834E-005 9.98834E-005 9.98834E-005 0.968828 9.98834E-005 9.98834E-005 9.98834E-005
9.99192E-005 9.99192E-005 9.99192E-005 0.120771 9.99192E-005 9.99192E-005 0.0193517 0.0165051 9.99192E-005 9.99192E-005 9.99192E-005 0.786199 0.0401524 0.016121 9.99192E-005
9.99461E-005 0.0321383 0.0245363 9.99461E-005 0.00896032 9.99461E-005 0.079833 0.00577259 0.040248 9.99461E-005 9.99461E-005 0.697491 0.00713734 0.103284 9.99461E-005
9.99014E-005 9.99014E-005 9.99014E-005 0.0171528 9.99014E-005 9.99014E-005 9.99014E-005 9.99014E-005 0.0560791 9.99014E-005 9.99014E-005 0.864073 9.99014E-005 9.99014E-005 0.0615966
9.98834E-005 9.98834E-005 9.98834E-005 9.98834E-005 9.98834E-005 0.0191053 9.98834E-005 9.98834E-005 9.98834E-005 9.98834E-005 9.98834E-005 0.979596 9.98834E-005 9.98834E-005 9.98834E-005
9.99191E-005 0.01241 0.051583 9.99191E-005 0.0441357 9.99191E-005 9.99191E-005 0.0612501 9.99191E-005 0.0236636 9.99191E-005 0.806058 9.99191E-005 9.99191E-005 9.99191E-005
9.99013E-005 9.99013E-005 9.99013E-005 9.99013E-005 9.99013E-005 0.0101705 9.99013E-005 9.99013E-005 0.017491 9.99013E-005 0.013091 0.958149 9.99013E-005 9.99013E-005 9.99013E-005
9.98833E-005 0.0453099 9.98833E-005 9.98833E-005 9.98833E-005 9.98833E-005 9.98833E-005 9.98833E-005 9.98833E-005 9.98833E-005 9.98833E-005 0.953392 9.98833E-005 9.98833E-005 9.98833E-005
0.0443845 9.98923E-005 9.98923E-005 9.98923E-005 9.98923E-005 9.98923E-005 9.98923E-005 9.98923E-005 9.98923E-005 9.98923E-005 9.98923E-005 0.952741 9.98923E-005 9.98923E-005 0.00167542
0.102698 0.0110758 0.00301955 9.99369E-005 9.99369E-005 9.99369E-005 0.514654 0.195625 9.99369E-005 0.0365156 9.99369E-005 9.99369E-005 0.129489 9.99369E-005 0.00622378
9.99188E-005 9.99188E-005 9.99188E-005 0.100898 0.0549267 0.0307971 0.508392 0.203975 9.99188E-005 9.99188E-005 9.99188E-005 9.99188E-005 0.100111 9.99188E-005 9.99188E-005
9.9946E-005 9.9946E-005 0.00176 9.9946E-005 0.011464 0.111154 0.470743 0.197402 9.9946E-005 9.9946E-005 9.9946E-005 0.0725136 0.00785876 0.0410265 0.0854778
9.99192E-005 0.00282223 0.0113921 9.99192E-005 9.99192E-005 9.99192E-005 0.175738 0.519994 9.99192E-005 0.017695 9.99192E-005 9.99192E-005 0.27146 9.99192E-005 9.99192E-005
0.0215855 9.99282E-005 0.0443667 9.99282E-005 9.99282E-005 9.99282E-005 9.99282E-005 0.452409 9.99282E-005 0.0125526 9.99282E-005 0.07626 0.387281 9.99282E-005 0.00474685
9.98745E-005 9.98745E-005 9.98745E-005 9.98745E-005 9.98745E-005 9.98745E-005 9.98745E-005 0.998602 9.98745E-005 9.98745E-005 9.98745E-005 9.98745E-005 9.98745E-005 9.98745E-005 9.98745E-005
9.98741E-005 9.98741E-005 9.98741E-005 9.98741E-005 9.98741E-005 9.98741E-005 9.98741E-005 0.998602 9.98741E-005 9.98741E-005 9.98741E-005 9.98741E-005 9.98741E-005 9.98741E-005 9.98741E-005
0.0487312 0.0739662 9.99461E-005 0.0390472 9.99461E-005 9.99461E-005 0.0735108 0.554315 0.0368033 9.99461E-005 9.99461E-005 0.0286358 0.101911 9.99461E-005 0.0424803
9.99282E-005 0.0403774 9.99282E-005 0.034402 9.99282E-005 9.99282E-005 0.0543944 0.517051 9.99282E-005 9.99282E-005 9.99282E-005 0.0943918 0.157269 9.99282E-005 0.101314
9.98833E-005 9.98833E-005 9.98833E-005 9.98833E-005 0.056154 9.98833E-005 9.98833E-005 0.942547 9.98833E-005 9.98833E-005 9.98833E-005 9.98833E-005 9.98833E-005 9.98833E-005 9.98833E-005
9.98743E-005 9.98743E-005 9.98743E-005 9.98743E-005 9.98743E-005 9.98743E-005 9.98743E-005 0.998602 9.98743E-005 9.98743E-005 9.98743E-005 9.98743E-005 9.98743E-005 9.98743E-005 9.98743E-005
9.99191E-005 0.0359153 9.99191E-005 0.11776 9.99191E-005 9.99191E-005 0.139718 0.507221 9.99191E-005 9.99191E-005 9.99191E-005 0.0189142 0.179572 9.99191E-005 9.99191E-005
9.98834E-005 9.98834E-005 9.98834E-005 9.98834E-005 9.98834E-005 9.98834E-005 9.98834E-005 0.988209 9.98834E-005 9.98834E-005 9.98834E-005 9.98834E-005 9.98834E-005 0.0104923 9.98834E-005
9.98832E-005 9.98832E-005 9.98832E-005 9.98832E-005 9.98832E-005 0.00715121 9.98832E-005 0.99155 9.98832E-005 9.98832E-005 9.98832E-005 9.98832E-005 9.98832E-005 9.98832E-005 9.98832E-005
9.98744E-005 9.98744E-005 9.98744E-005 9.98744E-005 9.98744E-005 9.98744E-005 9.98744E-005 0.998602 9.98744E-005 9.98744E-005 9.98744E-005 9.98744E-005 9.98744E-005 9.98744E-005 9.98744E-005
9.98923E-005 0.00661568 9.98923E-005 9.98923E-005 9.98923E-005 0.00991237 9.98923E-005 0.982273 9.98923E-005 9.98923E-005 9.98923E-005 9.98923E-005 9.98923E-005 9.98923E-005 9.98923E-005
9.98922E-005 9.98922E-005 0.0168529 9.98922E-005 9.98922E-005 9.98922E-005 9.98922E-005 0.981009 9.98922E-005 9.98922E-005 9.98922E-005 9.98922E-005 9.98922E-005 9.98922E-005 0.000939625
0.964161 9.98834E-005 9.98834E-005 9.98834E-005 0.0345401 9.98834E-005 9.98834E-005 9.98834E-005 9.98834E-005 9.98834E-005 9.98834E-005 9.98834E-005 9.98834E-005 9.98834E-005 9.98834E-005
0.0669829 9.99192E-005 0.000606609 9.99192E-005 0.111888 0.0234564 9.99192E-005 9.99192E-005 9.99192E-005 0.0134822 9.99192E-005 9.99192E-005 9.99192E-005 0.782684 9.99192E-005
9.99192E-005 0.00530863 0.0491804 9.99192E-005 0.00783915 9.99192E-005 0.0116075 9.99192E-005 9.99192E-005 0.00152128 9.99192E-005 9.99192E-005 9.99192E-005 0.923644 9.99192E-005
9.99012E-005 9.99012E-005 9.99012E-005 9.99012E-005 9.99012E-005 9.99012E-005 9.99012E-005 0.0248358 9.99012E-005 0.0080216 9.99012E-005 9.99012E-005 0.175531 9.99012E-005 0.790513
9.99013E-005 9.99013E-005 9.99013E-005 9.99013E-005 9.99013E-005 9.99013E-005 9.99013E-005 0.0382979 9.99013E-005 9.99013E-005 0.0182825 9.99013E-005 0.290293 9.99013E-005 0.652027
9.99013E-005 0.0458609 9.99013E-005 9.99013E-005 9.99013E-005 9.99013E-005 9.99013E-005 0.0196248 9.99013E-005 9.99013E-005 9.99013E-005 9.99013E-005 0.252325 9.99013E-005 0.681091
9.98923E-005 0.0682217 9.98923E-005 9.98923E-005 0.028715 9.98923E-005 9.98923E-005 9.98923E-005 9.98923E-005 9.98923E-005 9.98923E-005 9.98923E-005 9.98923E-005 9.98923E-005 0.901865
9.99013E-005 0.0497388 9.99013E-005 9.99013E-005 9.99013E-005 9.99013E-005 9.99013E-005 9.99013E-005 9.99013E-005 9.99013E-005 9.99013E-005 0.0340229 0.778082 9.99013E-005 0.137057
9.99102E-005 0.00264705 0.0130261 0.0100657 9.99102E-005 9.99102E-005 9.99102E-005 9.99102E-005 9.99102E-005 9.99102E-005 9.99102E-005 9.99102E-005 0.274888 9.99102E-005 0.698374
9.99104E-005 0.0791155 0.0310739 9.99104E-005 9.99104E-005 9.99104E-005 9.99104E-005 9.99104E-005 9.99104E-005 9.99104E-005 0.0100949 9.99104E-005 0.453203 9.99104E-005 0.425513
9.99193E-005 0.134835 9.99193E-005 9.99193E-005 9.99193E-005 9.99193E-005 9.99193E-005 9.99193E-005 9.99193E-005 9.99193E-005 0.00663348 0.0268288 0.383533 0.0122746 0.434996
9.99013E-005 0.0339012 9.99013E-005 0.0588799 9.99013E-005 9.99013E-005 9.99013E-005 9.99013E-005 9.99013E-005 9.99013E-005 9.99013E-005 9.99013E-005 0.17213 9.99013E-005 0.73399
9.99102E-005 0.0526693 9.99102E-005 9.99102E-005 9.99102E-005 9.99102E-005 9.99102E-005 9.99102E-005 0.0273127 0.0221025 9.99102E-005 0.0104617 9.99102E-005 9.99102E-005 0.886455
9.98924E-005 0.00668875 9.98924E-005 9.98924E-005 9.98924E-005 9.98924E-005 9.98924E-005 9.98924E-005 9.98924E-005 0.0241334 9.98924E-005 9.98924E-005 9.98924E-005 9.98924E-005 0.967979
9.99104E-005 0.0436692 9.99104E-005 9.99104E-005 9.99104E-005 9.99104E-005 9.99104E-005 9.99104E-005 9.99104E-005 9.99104E-005 0.0424611 0.0432212 0.00797299 9.99104E-005 0.861676
9.99013E-005 9.99013E-005 9.99013E-005 9.99013E-005 9.99013E-005 0.0138313 9.99013E-005 9.99013E-005 9.99013E-005 9.99013E-005 9.99013E-005 0.0186659 0.0686685 9.99013E-005 0.897735
9.98923E-005 0.0601402 9.98923E-005 9.98923E-005 9.98923E-005 9.98923E-005 9.98923E-005 0.0356468 9.98923E-005 9.98923E-005 9.98923E-005 9.98923E-005 9.98923E-005 9.98923E-005 0.903014
9.99012E-005 0.0676462 9.99012E-005 9.99012E-005 9.99012E-005 0.0456227 9.99012E-005 9.99012E-005 9.99012E-005 0.00370467 9.99012E-005 9.99012E-005 9.99012E-005 9.99012E-005 0.881928
9.99282E-005 0.0660638 9.99282E-005 0.0221535 0.0123669 9.99282E-005 9.99282E-005 9.99282E-005 9.99282E-005 0.0286194 0.0255547 9.99282E-005 0.341222 9.99282E-005 0.50322
9.99013E-005 9.99013E-005 9.99013E-005 9.99013E-005 9.99013E-005 9.99013E-005 9.99013E-005 0.0545151 9.99013E-005 9.99013E-005 0.00201944 9.99013E-005 0.127505 9.99013E-005 0.814861
9.99192E-005 0.046952 9.99192E-005 9.99192E-005 9.99192E-005 0.0113825 9.99192E-005 9.99192E-005 9.99192E-005 0.0235804 9.99192E-005 9.99192E-005 0.145687 0.0160824 0.755417
9.98924E-005 0.0800504 9.98924E-005 9.98924E-005 9.98924E-005 9.98924E-005 0.00573809 9.98924E-005 9.98924E-005 9.98924E-005 9.98924E-005 9.98924E-005 9.98924E-005 9.98924E-005 0.913013
0.0643667 0.090812 9.99012E-005 9.99012E-005 9.99012E-005 9.99012E-005 9.99012E-005 9.99012E-005 9.99012E-005 9.99012E-005 9.99012E-005 9.99012E-005 0.580968 9.99012E-005 0.262754
9.98923E-005 0.0301993 9.98923E-005 9.98923E-005 9.98923E-005 9.98923E-005 9.98923E-005 9.98923E-005 9.98923E-005 9.98923E-005 9.98923E-005 9.98923E-005 0.755312 9.98923E-005 0.21329
9.98834E-005 9.98834E-005 9.98834E-005 9.98834E-005 0.0689491 9.98834E-005 9.98834E-005 9.98834E-005 9.98834E-005 9.98834E-005 9.98834E-005 9.98834E-005 9.98834E-005 9.98834E-005 0.929752
9.98742E-005 9.98742E-005 9.98742E-005 9.98742E-005 9.98742E-005 9.98742E-005 9.98742E-005 9.98742E-005 9.98742E-005 9.98742E-005 9.98742E-005 9.98742E-005 0.998602 9.98742E-005 9.98742E-005
9.99192E-005 0.0547452 0.00587758 9.99192E-005 9.99192E-005 0.0292255 9.99192E-005 9.99192E-005 9.99192E-005 9.99192E-005 0.00533031 0.0925081 9.99192E-005 9.99192E-005 0.811414
9.99012E-005 0.0752164 9.99012E-005 9.99012E-005 9.99012E-005 9.99012E-005 0.00540291 9.99012E-005 9.99012E-005 9.99012E-005 9.99012E-005 9.99012E-005 0.268159 9.99012E-005 0.650122
9.99102E-005 0.0157762 9.99102E-005 9.99102E-005 9.99102E-005 0.0819321 9.99102E-005 9.99102E-005 9.99102E-005 9.99102E-005 0.0280457 9.99102E-005 0.0173656 9.99102E-005 0.855881
9.993E-005 0.00157893 9.993E-005 0.0152391 0.0199809 9.993E-005 0.173887 0.518418 9.993E-005 0.00355376 9.993E-005 9.993E-005 0.189159 9.993E-005 0.0774838
0.215715 9.9946E-005 9.9946E-005 0.119791 0.00837649 9.9946E-005 0.0952592 0.283317 9.9946E-005 9.9946E-005 0.0517115 0.0300554 0.177379 9.9946E-005 0.0177953
0.00462978 9.99462E-005 0.030231 0.0319631 9.99462E-005 9.99462E-005 0.0358654 0.355081 9.99462E-005 0.0414036 9.99462E-005 0.0882381 0.372104 9.99462E-005 0.0398841
9.98832E-005 9.98832E-005 9.98832E-005 0.0159835 0.982718 9.98832E-005 9.98832E-005 9.98832E-005 9.98832E-005 9.98832E-005 9.98832E-005 9.98832E-005 9.98832E-005 9.98832E-005 9.98832E-005
9.98739E-005 9.98739E-005 9.98739E-005 9.98739E-005 9.98739E-005 9.98739E-005 9.98739E-005 9.98739E-005 9.98739E-005 0.998602 9.98739E-005 9.98739E-005 9.98739E-005 9.98739E-005 9.98739E-005
9.9874E-005 9.9874E-005 9.9874E-005 9.9874E-005 9.9874E-005 9.9874E-005 9.9874E-005 9.9874E-005 9.9874E-005 0.998602 9.9874E-005 9.9874E-005 9.9874E-005 9.9874E-005 9.9874E-005
9.98921E-005 9.98921E-005 9.98921E-005 0.00198576 0.745545 9.98921E-005 9.98921E-005 9.98921E-005 9.98921E-005 0.251271 9.98921E-005 9.98921E-005 9.98921E-005 9.98921E-005 9.98921E-005
9.98742E-005 9.98742E-005 9.98742E-005 9.98742E-005 0.998602 9.98742E-005 9.98742E-005 9.98742E-005 9.98742E-005 9.98742E-005 9.98742E-005 9.98742E-005 9.98742E-005 9.98742E-005 9.98742E-005
9.9874E-005 9.9874E-005 9.9874E-005 9.9874E-005 0.998602 9.9874E-005 9.9874E-005 9.9874E-005 9.9874E-005 9.9874E-005 9.9874E-005 9.9874E-005 9.9874E-005 9.9874E-005 9.9874E-005
0.20615 9.98923E-005 9.98923E-005 9.98923E-005 0.78582 9.98923E-005 9.98923E-005 9.98923E-005 9.98923E-005 9.98923E-005 9.98923E-005 9.98923E-005 9.98923E-005 0.00683106 9.98923E-005
9.98923E-005 9.98923E-005 9.98923E-005 0.0198715 9.98923E-005 9.98923E-005 9.98923E-005 9.98923E-005 9.98923E-005 9.98923E-005 0.00945817 9.98923E-005 9.98923E-005 0.969472 9.98923E-005
9.98743E-005 9.98743E-005 9.98743E-005 9.98743E-005 9.98743E-005 9.98743E-005 9.98743E-005 9.98743E-005 9.98743E-005 9.98743E-005 9.98743E-005 9.98743E-005 9.98743E-005 0.998602 9.98743E-005
9.99192E-005 9.99192E-005 0.054834 0.014044 0.023517 9.99192E-005 9.99192E-005 9.99192E-005 0.0545747 9.99192E-005 9.99192E-005 9.99192E-005 0.0455766 0.806554 9.99192E-005
9.99282E-005 0.0695994 9.99282E-005 0.390284 0.0341131 9.99282E-005 9.99282E-005 9.99282E-005 9.99282E-005 0.107946 9.99282E-005 9.99282E-005 0.22448 0.0129807 0.159797
9.99461E-005 9.99461E-005 0.0418649 0.124773 0.152163 0.23359 0.00608251 9.99461E-005 0.225836 9.99461E-005 0.0497587 0.0811183 0.0842134 9.99461E-005 9.99461E-005
9.98919E-005 9.98919E-005 0.0165726 9.98919E-005 9.98919E-005 9.98919E-005 9.98919E-005 9.98919E-005 0.108474 9.98919E-005 0.873755 9.98919E-005 9.98919E-005 9.98919E-005 9.98919E-005
9.99188E-005 0.0372654 9.99188E-005 9.99188E-005 9.99188E-005 9.99188E-005 0.644052 0.114822 9.99188E-005 0.000803109 9.99188E-005 0.0329665 9.99188E-005 9.99188E-005 0.169192
0.0253054 0.0365195 9.99369E-005 9.99369E-005 9.99369E-005 9.99369E-005 0.474217 0.23486 0.0915682 9.99369E-005 9.99369E-005 0.0884446 0.0250782 9.99369E-005 0.0233078
9.98919E-005 0.0211556 9.98919E-005 9.98919E-005 9.98919E-005 9.98919E-005 9.98919E-005 9.98919E-005 9.98919E-005 9.98919E-005 0.920461 9.98919E-005 9.98919E-005 9.98919E-005 0.0571845
9.99014E-005 0.170529 9.99014E-005 9.99014E-005 0.0344075 9.99014E-005 9.99014E-005 9.99014E-005 9.99014E-005 9.99014E-005 9.99014E-005 9.99014E-005 0.113351 9.99014E-005 0.680614
9.99013E-005 0.885805 9.99013E-005 9.99013E-005 9.99013E-005 9.99013E-005 9.99013E-005 9.99013E-005 9.99013E-005 0.00214167 9.99013E-005 9.99013E-005 0.0751349 9.99013E-005 0.0358194
0.0506517 0.176484 9.99192E-005 9.99192E-005 9.99192E-005 0.00695918 9.99192E-005 9.99192E-005 9.99192E-005 9.99192E-005 0.037575 9.99192E-005 0.150314 9.99192E-005 0.577117
9.98739E-005 0.998602 9.98739E-005 9.98739E-005 9.98739E-005 9.98739E-005 9.98739E-005 9.98739E-005 9.98739E-005 9.98739E-005 9.98739E-005 9.98739E-005 9.98739E-005 9.98739E-005 9.98739E-005
9.99102E-005 0.00469287 9.99102E-005 9.99102E-005 0.0217739 9.99102E-005 9.99102E-005 9.99102E-005 9.99102E-005 0.00706708 9.99102E-005 0.0163512 9.99102E-005 9.99102E-005 0.949116
9.99282E-005 0.0309318 9.99282E-005 9.99282E-005 0.0148291 0.00164347 9.99282E-005 0.00611645 9.99282E-005 9.99282E-005 0.000354557 9.99282E-005 0.186784 9.99282E-005 0.758541
9.99103E-005 9.99103E-005 9.99103E-005 9.99103E-005 0.0161174 9.99103E-005 9.99103E-005 0.00825898 0.0171944 9.99103E-005 9.99103E-005 9.99103E-005 0.159462 9.99103E-005 0.797968
9.98739E-005 0.998602 9.98739E-005 9.98739E-005 9.98739E-005 9.98739E-005 9.98739E-005 9.98739E-005 9.98739E-005 9.98739E-005 9.98739E-005 9.98739E-005 9.98739E-005 9.98739E-005 9.98739E-005
9.99192E-005 0.0472044 9.99192E-005 0.0286847 9.99192E-005 9.99192E-005 9.99192E-005 9.99192E-005 9.99192E-005 9.99192E-005 0.0198972 9.99192E-005 0.2613 0.0138732 0.628142
9.99014E-005 0.0597799 9.99014E-005 9.99014E-005 9.99014E-005 9.99014E-005 9.99014E-005 0.0258437 9.99014E-005 9.99014E-005 9.99014E-005 9.99014E-005 0.135288 9.99014E-005 0.777989
9.98743E-005 9.98743E-005 9.98743E-005 9.98743E-005 9.98743E-005 9.98743E-005 9.98743E-005 9.98743E-005 9.98743E-005 9.98743E-005 9.98743E-005 9.98743E-005 0.998602 9.98743E-005 9.98743E-005
9.98741E-005 9.98741E-005 9.98741E-005 9.98741E-005 9.98741E-005 9.98741E-005 9.98741E-005 9.98741E-005 9.98741E-005 9.98741E-005 9.98741E-005 9.98741E-005 0.998602 9.98741E-005 9.98741E-005
9.98743E-005 9.98743E-005 9.98743E-005 9.98743E-005 9.98743E-005 9.98743E-005 9.98743E-005 9.98743E-005 9.98743E-005 9.98743E-005 9.98743E-005 9.98743E-005 0.998602 9.98743E-005 9.98743E-005
9.99103E-005 0.00352288 0.00507034 0.0583897 9.99103E-005 9.99103E-005 9.99103E-005 9.99103E-005 9.99103E-005 9.99103E-005 9.99103E-005 9.99103E-005 0.213365 9.99103E-005 0.718653
9.99103E-005 0.167801 9.99103E-005 9.99103E-005 9.99103E-005 9.99103E-005 9.99103E-005 9.99103E-005 9.99103E-005 9.99103E-005 0.0446299 0.0361116 0.379618 9.99103E-005 0.37084
0.326987 0.00769757 0.0374821 0.355408 0.150498 0.0642938 9.99372E-005 0.048102 9.99372E-005 0.008832 9.99372E-005 9.99372E-005 9.99372E-005 9.99372E-005 9.99372E-005
0.915235 9.98922E-005 9.98922E-005 9.98922E-005 9.98922E-005 0.0735623 9.98922E-005 9.98922E-005 9.98922E-005 0.0100043 9.98922E-005 9.98922E-005 9.98922E-005 9.98922E-005 9.98922E-005
0.76709 9.99102E-005 0.0396892 9.99102E-005 9.99102E-005 0.121872 9.99102E-005 0.00142082 9.99102E-005 9.99102E-005 9.99102E-005 9.99102E-005 9.99102E-005 0.0689287 9.99102E-005
0.00840574 9.98924E-005 9.98924E-005 9.98924E-005 9.98924E-005 9.98924E-005 9.98924E-005 9.98924E-005 9.98924E-005 9.98924E-005 9.98924E-005 9.98924E-005 0.00513595 0.98526 9.98924E-005
9.99013E-005 9.99013E-005 0.0189943 9.99013E-005 9.99013E-005 0.0231021 9.99013E-005 9.99013E-005 9.99013E-005 0.0100628 9.99013E-005 9.99013E-005 9.99013E-005 0.946742 9.99013E-005
9.99014E-005 9.99014E-005 9.99014E-005 0.0868657 9.99014E-005 9.99014E-005 9.99014E-005 9.99014E-005 9.99014E-005 9.99014E-005 9.99014E-005 0.00347901 9.99014E-005 0.905424 0.00313233
9.99281E-005 9.99281E-005 0.0221131 0.032519 0.0823069 9.99281E-005 0.0179076 9.99281E-005 9.99281E-005 0.0096025 9.99281E-005 0.0225131 9.99281E-005 0.812238 9.99281E-005
9.99188E-005 9.99188E-005 9.99188E-005 0.0462797 9.99188E-005 0.01617 0.655902 0.146446 9.99188E-005 9.99188E-005 9.99188E-005 0.0197896 9.99188E-005 9.99188E-005 0.114513
9.99278E-005 0.0335984 9.99278E-005 9.99278E-005 0.0204554 9.99278E-005 0.632897 0.159683 9.99278E-005 0.014332 9.99278E-005 0.0571246 0.0811098 9.99278E-005 9.99278E-005
0.0203356 9.99369E-005 9.99369E-005 0.0471189 0.0694494 0.000336578 0.530052 0.201557 9.99369E-005 9.99369E-005 9.99369E-005 9.99369E-005 0.111757 0.0186949 9.99369E-005
9.99282E-005 0.00908847 0.00720579 0.816474 9.99282E-005 9.99282E-005 9.99282E-005 0.00699295 0.0433399 0.0680497 9.99282E-005 9.99282E-005 9.99282E-005 0.0480501 9.99282E-005
0.984921 9.98833E-005 9.98833E-005 9.98833E-005 9.98833E-005 9.98833E-005 9.98833E-005 9.98833E-005 9.98833E-005 0.0137802 9.98833E-005 9.98833E-005 9.98833E-005 9.98833E-005 9.98833E-005
9.99282E-005 9.99282E-005 9.99282E-005 0.750621 0.0172006 0.0276919 9.99282E-005 0.00634021 0.114749 0.00961839 9.99282E-005 9.99282E-005 0.0729793 9.99282E-005 9.99282E-005
9.99013E-005 9.99013E-005 9.99013E-005 0.958008 9.99013E-005 9.99013E-005 0.016234 9.99013E-005 9.99013E-005 9.99013E-005 0.000706996 9.99013E-005 9.99013E-005 9.99013E-005 0.0239524
