9.99282E-005 9.99282E-005 0.0311078 9.99282E-005 0.00770631 0.00966884 0.890718 9.99282E-005 0.00769434 9.99282E-005 0.00947465 0.0428305 9.99282E-005 9.99282E-005 9.99282E-005
9.98833E-005 9.98833E-005 9.98833E-005 9.98833E-005 9.98833E-005 0.0170694 0.981632 9.98833E-005 9.98833E-005 9.98833E-005 9.98833E-005 9.98833E-005 9.98833E-005 9.98833E-005 9.98833E-005
9.99012E-005 9.99012E-005 9.99012E-005 9.99012E-005 9.99012E-005 0.0322931 0.781478 0.0888405 9.99012E-005 9.99012E-005 0.0962899 9.99012E-005 9.99012E-005 9.99012E-005 9.99012E-005
0.0510382 0.154997 0.030244 9.99282E-005 0.00455037 9.99282E-005 0.51343 0.19333 9.99282E-005 9.99282E-005 9.99282E-005 0.051611 9.99282E-005 9.99282E-005 9.99282E-005
9.99012E-005 9.99012E-005 0.0766636 9.99012E-005 9.99012E-005 0.0220029 0.720679 0.179555 9.99012E-005 9.99012E-005 9.99012E-005 9.99012E-005 9.99012E-005 9.99012E-005 9.99012E-005
9.98742E-005 9.98742E-005 9.98742E-005 9.98742E-005 9.98742E-005 9.98742E-005 0.998602 9.98742E-005 9.98742E-005 9.98742E-005 9.98742E-005 9.98742E-005 9.98742E-005 9.98742E-005 9.98742E-005
9.98832E-005 9.98832E-005 9.98832E-005 9.98832E-005 9.98832E-005 0.00324651 0.995455 9.98832E-005 9.98832E-005 9.98832E-005 9.98832E-005 9.98832E-005 9.98832E-005 9.98832E-005 9.98832E-005
0.0499136 0.211465 0.0275178 9.99192E-005 9.99192E-005 9.99192E-005 0.640592 9.99192E-005 0.0117897 9.99192E-005 9.99192E-005 9.99192E-005 9.99192E-005 0.0578224 9.99192E-005
0.139734 0.137653 9.99011E-005 9.99011E-005 9.99011E-005 9.99011E-005 0.709985 9.99011E-005 9.99011E-005 9.99011E-005 9.99011E-005 9.99011E-005 9.99011E-005 9.99011E-005 0.0115286
9.99012E-005 0.145466 9.99012E-005 9.99012E-005 9.99012E-005 9.99012E-005 0.773728 9.99012E-005 9.99012E-005 9.99012E-005 9.99012E-005 9.99012E-005 0.0633754 9.99012E-005 0.0163316
9.98923E-005 9.98923E-005 9.98923E-005 9.98923E-005 9.98923E-005 9.98923E-005 0.883576 9.98923E-005 9.98923E-005 9.98923E-005 9.98923E-005 9.98923E-005 0.0234919 9.98923E-005 0.0917332
9.98923E-005 0.00471869 9.98923E-005 9.98923E-005 9.98923E-005 0.0372619 9.98923E-005 0.956821 9.98923E-005 9.98923E-005 9.98923E-005 9.98923E-005 9.98923E-005 9.98923E-005 9.98923E-005
0.00732313 9.99102E-005 9.99102E-005 9.99102E-005 0.01229 9.99102E-005 0.163704 0.803627 9.99102E-005 9.99102E-005 9.99102E-005 9.99102E-005 9.99102E-005 0.0120561 9.99102E-005
9.98834E-005 9.98834E-005 9.98834E-005 9.98834E-005 9.98834E-005 9.98834E-005 9.98834E-005 0.992953 9.98834E-005 9.98834E-005 9.98834E-005 9.98834E-005 0.00574846 9.98834E-005 9.98834E-005
0.0870193 9.99103E-005 9.99103E-005 9.99103E-005 0.00468099 9.99103E-005 9.99103E-005 0.871116 9.99103E-005 9.99103E-005 9.99103E-005 9.99103E-005 0.021981 9.99103E-005 0.0142035
9.99012E-005 9.99012E-005 9.99012E-005 0.0635647 9.99012E-005 9.99012E-005 9.99012E-005 0.786097 9.99012E-005 9.99012E-005 0.0748807 0.0743582 9.99012E-005 9.99012E-005 9.99012E-005
9.98743E-005 9.98743E-005 9.98743E-005 9.98743E-005 9.98743E-005 9.98743E-005 9.98743E-005 0.998602 9.98743E-005 9.98743E-005 9.98743E-005 9.98743E-005 9.98743E-005 9.98743E-005 9.98743E-005
9.99191E-005 9.99191E-005 0.00429197 0.0421926 9.99191E-005 9.99191E-005 0.00409372 0.830466 0.0125581 9.99191E-005 0.105499 9.99191E-005 9.99191E-005 9.99191E-005 9.99191E-005
0.0469787 9.99103E-005 9.99103E-005 0.333044 9.99103E-005 0.491256 0.0493014 9.99103E-005 9.99103E-005 9.99103E-005 0.078421 9.99103E-005 9.99103E-005 9.99103E-005 9.99103E-005
9.99012E-005 9.99012E-005 0.00476047 0.925852 9.99012E-005 9.99012E-005 9.99012E-005 0.0522148 9.99012E-005 9.99012E-005 9.99012E-005 0.0160736 9.99012E-005 9.99012E-005 9.99012E-005
9.98923E-005 0.00745706 9.98923E-005 0.93371 9.98923E-005 0.0576341 9.98923E-005 9.98923E-005 9.98923E-005 9.98923E-005 9.98923E-005 9.98923E-005 9.98923E-005 9.98923E-005 9.98923E-005
0.0264493 9.99282E-005 9.99282E-005 0.643606 0.0158798 0.220448 0.0715346 9.99282E-005 0.0110193 9.99282E-005 9.99282E-005 9.99282E-005 0.0102639 9.99282E-005 9.99282E-005
9.98922E-005 9.98922E-005 9.98922E-005 0.934791 9.98922E-005 0.00960228 9.98922E-005 9.98922E-005 9.98922E-005 9.98922E-005 9.98922E-005 9.98922E-005 9.98922E-005 9.98922E-005 0.0544077
9.9874E-005 9.9874E-005 9.9874E-005 9.9874E-005 9.9874E-005 0.998602 9.9874E-005 9.9874E-005 9.9874E-005 9.9874E-005 9.9874E-005 9.9874E-005 9.9874E-005 9.9874E-005 9.9874E-005
9.98832E-005 0.0118071 9.98832E-005 9.98832E-005 9.98832E-005 0.986894 9.98832E-005 9.98832E-005 9.98832E-005 9.98832E-005 9.98832E-005 9.98832E-005 9.98832E-005 9.98832E-005 9.98832E-005
9.98742E-005 9.98742E-005 9.98742E-005 9.98742E-005 9.98742E-005 0.998602 9.98742E-005 9.98742E-005 9.98742E-005 9.98742E-005 9.98742E-005 9.98742E-005 9.98742E-005 9.98742E-005 9.98742E-005
0.0729826 0.84797 0.0130901 9.99103E-005 9.99103E-005 0.0446334 9.99103E-005 9.99103E-005 9.99103E-005 0.0203248 9.99103E-005 9.99103E-005 9.99103E-005 9.99103E-005 9.99103E-005
9.99012E-005 9.99012E-005 9.99012E-005 0.220138 0.0301246 0.735824 0.0128144 9.99012E-005 9.99012E-005 9.99012E-005 9.99012E-005 9.99012E-005 9.99012E-005 9.99012E-005 9.99012E-005
9.98833E-005 9.98833E-005 9.98833E-005 0.984989 9.98833E-005 9.98833E-005 9.98833E-005 9.98833E-005 9.98833E-005 9.98833E-005 9.98833E-005 0.0137123 9.98833E-005 9.98833E-005 9.98833E-005
9.98742E-005 9.98742E-005 9.98742E-005 9.98742E-005 9.98742E-005 0.998602 9.98742E-005 9.98742E-005 9.98742E-005 9.98742E-005 9.98742E-005 9.98742E-005 9.98742E-005 9.98742E-005 9.98742E-005
9.99012E-005 0.800408 9.99012E-005 9.99012E-005 9.99012E-005 0.145898 0.00694355 9.99012E-005 9.99012E-005 9.99012E-005 9.99012E-005 9.99012E-005 9.99012E-005 0.0456517 9.99012E-005
9.98833E-005 9.98833E-005 9.98833E-005 9.98833E-005 9.98833E-005 0.986478 9.98833E-005 9.98833E-005 9.98833E-005 9.98833E-005 9.98833E-005 9.98833E-005 9.98833E-005 9.98833E-005 0.0122232
9.99012E-005 0.353529 9.99012E-005 0.472266 9.99012E-005 0.0830579 9.99012E-005 9.99012E-005 9.99012E-005 9.99012E-005 0.090049 9.99012E-005 9.99012E-005 9.99012E-005 9.99012E-005
9.99013E-005 9.99013E-005 9.99013E-005 0.767739 9.99013E-005 0.212405 0.0160673 9.99013E-005 9.99013E-005 0.00268982 9.99013E-005 9.99013E-005 9.99013E-005 9.99013E-005 9.99013E-005
9.99103E-005 0.778286 9.99103E-005 0.0440143 9.99103E-005 0.13754 9.99103E-005 9.99103E-005 9.99103E-005 9.99103E-005 9.99103E-005 9.99103E-005 0.00164992 0.0375111 9.99103E-005
9.98833E-005 9.98833E-005 9.98833E-005 0.922002 9.98833E-005 0.0766991 9.98833E-005 9.98833E-005 9.98833E-005 9.98833E-005 9.98833E-005 9.98833E-005 9.98833E-005 9.98833E-005 9.98833E-005
9.99012E-005 0.898831 9.99012E-005 9.99012E-005 9.99012E-005 0.0469479 9.99012E-005 9.99012E-005 0.000366594 9.99012E-005 9.99012E-005 0.0527554 9.99012E-005 9.99012E-005 9.99012E-005
9.99372E-005 9.99372E-005 0.690575 0.116885 0.00747544 9.99372E-005 0.0735302 9.99372E-005 0.00596064 0.0133994 0.0645245 9.99372E-005 0.02695 9.99372E-005 9.99372E-005
9.98833E-005 9.98833E-005 0.993359 9.98833E-005 9.98833E-005 9.98833E-005 9.98833E-005 9.98833E-005 9.98833E-005 9.98833E-005 9.98833E-005 9.98833E-005 9.98833E-005 9.98833E-005 0.00534253
0.0157775 0.0231697 0.770477 9.99462E-005 0.0151861 0.0182293 0.00821402 9.99462E-005 9.99462E-005 0.0177616 0.112128 9.99462E-005 0.0184566 9.99462E-005 9.99462E-005
9.99103E-005 0.0548987 0.813725 9.99103E-005 9.99103E-005 9.99103E-005 9.99103E-005 9.99103E-005 0.000685775 9.99103E-005 0.122362 9.99103E-005 9.99103E-005 9.99103E-005 0.00732893
9.99192E-005 9.99192E-005 0.751287 9.99192E-005 9.99192E-005 0.0267851 9.99192E-005 9.99192E-005 0.00944389 0.0309784 0.175841 9.99192E-005 9.99192E-005 0.00476458 9.99192E-005
9.99012E-005 0.0343606 0.915757 9.99012E-005 9.99012E-005 9.99012E-005 9.99012E-005 9.99012E-005 9.99012E-005 9.99012E-005 0.0177056 0.0310777 9.99012E-005 9.99012E-005 9.99012E-005
9.99103E-005 9.99103E-005 0.788082 0.00665935 9.99103E-005 9.99103E-005 9.99103E-005 9.99103E-005 9.99103E-005 0.0102759 0.189321 0.00466265 9.99103E-005 9.99103E-005 9.99103E-005
0.0871808 9.99102E-005 0.790254 9.99102E-005 9.99102E-005 0.0105866 9.99102E-005 0.0982155 9.99102E-005 9.99102E-005 0.012764 9.99102E-005 9.99102E-005 9.99102E-005 9.99102E-005
9.98923E-005 9.98923E-005 0.909825 9.98923E-005 9.98923E-005 0.0144355 9.98923E-005 9.98923E-005 9.98923E-005 9.98923E-005 0.0745412 9.98923E-005 9.98923E-005 9.98923E-005 9.98923E-005
9.99372E-005 0.0314161 0.0191705 9.99372E-005 9.99372E-005 0.0253459 9.99372E-005 0.0697662 9.99372E-005 9.99372E-005 0.0385934 0.616806 0.0488904 0.149312 9.99372E-005
9.98742E-005 9.98742E-005 9.98742E-005 9.98742E-005 9.98742E-005 9.98742E-005 9.98742E-005 9.98742E-005 0.998602 9.98742E-005 9.98742E-005 9.98742E-005 9.98742E-005 9.98742E-005 9.98742E-005
9.98922E-005 9.98922E-005 0.00776837 9.98922E-005 9.98922E-005 9.98922E-005 9.98922E-005 9.98922E-005 0.0131722 9.98922E-005 9.98922E-005 9.98922E-005 9.98922E-005 9.98922E-005 0.977861
0.931881 9.98924E-005 9.98924E-005 9.98924E-005 9.98924E-005 9.98924E-005 9.98924E-005 9.98924E-005 9.98924E-005 9.98924E-005 0.0453729 0.0215477 9.98924E-005 9.98924E-005 9.98924E-005
0.226546 9.9892E-005 9.9892E-005 9.9892E-005 9.9892E-005 9.9892E-005 9.9892E-005 9.9892E-005 9.9892E-005 9.9892E-005 9.9892E-005 0.0133398 9.9892E-005 9.9892E-005 0.758915
9.9874E-005 9.9874E-005 9.9874E-005 9.9874E-005 9.9874E-005 9.9874E-005 9.9874E-005 9.9874E-005 9.9874E-005 9.9874E-005 9.9874E-005 0.998602 9.9874E-005 9.9874E-005 9.9874E-005
0.906381 9.98923E-005 9.98923E-005 0.0853905 9.98923E-005 9.98923E-005 9.98923E-005 9.98923E-005 9.98923E-005 9.98923E-005 9.98923E-005 9.98923E-005 9.98923E-005 0.00702997 9.98923E-005
0.8283 9.99102E-005 0.111916 9.99102E-005 9.99102E-005 0.0204891 0.0326112 9.99102E-005 0.00568458 9.99102E-005 9.99102E-005 9.99102E-005 9.99102E-005 9.99102E-005 9.99102E-005
9.98743E-005 9.98743E-005 9.98743E-005 9.98743E-005 9.98743E-005 9.98743E-005 9.98743E-005 9.98743E-005 9.98743E-005 9.98743E-005 9.98743E-005 0.998602 9.98743E-005 9.98743E-005 9.98743E-005
0.280917 9.99013E-005 9.99013E-005 9.99013E-005 9.99013E-005 9.99013E-005 0.0196492 9.99013E-005 0.0024142 9.99013E-005 9.99013E-005 0.695921 9.99013E-005 9.99013E-005 9.99013E-005
0.898526 9.99101E-005 9.99101E-005 9.99101E-005 9.99101E-005 0.0521976 9.99101E-005 9.99101E-005 9.99101E-005 0.0197379 0.0261311 0.00240825 9.99101E-005 9.99101E-005 9.99101E-005
9.98742E-005 9.98742E-005 9.98742E-005 9.98742E-005 9.98742E-005 9.98742E-005 9.98742E-005 9.98742E-005 9.98742E-005 9.98742E-005 9.98742E-005 0.998602 9.98742E-005 9.98742E-005 9.98742E-005
0.998602 9.98742E-005 9.98742E-005 9.98742E-005 9.98742E-005 9.98742E-005 9.98742E-005 9.98742E-005 9.98742E-005 9.98742E-005 9.98742E-005 9.98742E-005 9.98742E-005 9.98742E-005 9.98742E-005
0.998602 9.98743E-005 9.98743E-005 9.98743E-005 9.98743E-005 9.98743E-005 9.98743E-005 9.98743E-005 9.98743E-005 9.98743E-005 9.98743E-005 9.98743E-005 9.98743E-005 9.98743E-005 9.98743E-005
9.99103E-005 0.0210039 9.99103E-005 9.99103E-005 9.99103E-005 0.00349943 9.99103E-005 9.99103E-005 9.99103E-005 0.0189466 9.99103E-005 9.99103E-005 0.00960923 0.945942 9.99103E-005
9.98923E-005 9.98923E-005 9.98923E-005 0.0823033 9.98923E-005 9.98923E-005 9.98923E-005 9.98923E-005 9.98923E-005 0.0411581 9.98923E-005 9.98923E-005 9.98923E-005 0.87534 9.98923E-005
9.99372E-005 9.99372E-005 0.0213191 9.99372E-005 0.0408683 0.000980105 0.0123825 9.99372E-005 0.00345069 9.99372E-005 0.00604558 0.0516417 9.99372E-005 0.862612 9.99372E-005
9.98743E-005 9.98743E-005 9.98743E-005 9.98743E-005 0.998602 9.98743E-005 9.98743E-005 9.98743E-005 9.98743E-005 9.98743E-005 9.98743E-005 9.98743E-005 9.98743E-005 9.98743E-005 9.98743E-005
9.99012E-005 9.99012E-005 9.99012E-005 9.99012E-005 0.832738 0.015833 9.99012E-005 9.99012E-005 9.99012E-005 0.0410824 9.99012E-005 9.99012E-005 0.109247 9.99012E-005 9.99012E-005
9.98924E-005 9.98924E-005 9.98924E-005 0.00877412 9.98924E-005 9.98924E-005 9.98924E-005 9.98924E-005 9.98924E-005 0.982884 9.98924E-005 0.00714318 9.98924E-005 9.98924E-005 9.98924E-005
9.98742E-005 9.98742E-005 9.98742E-005 9.98742E-005 9.98742E-005 9.98742E-005 9.98742E-005 9.98742E-005 9.98742E-005 0.998602 9.98742E-005 9.98742E-005 9.98742E-005 9.98742E-005 9.98742E-005
9.99193E-005 0.00652845 0.00284285 9.99193E-005 0.821638 9.99193E-005 9.99193E-005 0.0388828 9.99193E-005 0.114759 9.99193E-005 9.99193E-005 9.99193E-005 0.0144496 9.99193E-005
0.0336045 9.99012E-005 9.99012E-005 9.99012E-005 0.920487 9.99012E-005 9.99012E-005 9.99012E-005 9.99012E-005 0.037755 9.99012E-005 9.99012E-005 0.00705409 9.99012E-005 9.99012E-005
9.99102E-005 9.99102E-005 9.99102E-005 9.99102E-005 0.0104627 0.00199806 9.99102E-005 0.058565 9.99102E-005 0.919718 0.00825708 9.99102E-005 9.99102E-005 9.99102E-005 9.99102E-005
9.98743E-005 9.98743E-005 9.98743E-005 9.98743E-005 9.98743E-005 9.98743E-005 9.98743E-005 9.98743E-005 9.98743E-005 0.998602 9.98743E-005 9.98743E-005 9.98743E-005 9.98743E-005 9.98743E-005
9.98832E-005 9.98832E-005 9.98832E-005 9.98832E-005 0.992851 9.98832E-005 9.98832E-005 9.98832E-005 0.00585098 9.98832E-005 9.98832E-005 9.98832E-005 9.98832E-005 9.98832E-005 9.98832E-005
0.0123346 9.98924E-005 0.00238999 9.98924E-005 9.98924E-005 9.98924E-005 9.98924E-005 9.98924E-005 9.98924E-005 0.984077 9.98924E-005 9.98924E-005 9.98924E-005 9.98924E-005 9.98924E-005
0.00551548 9.99102E-005 9.99102E-005 9.99102E-005 0.0239303 9.99102E-005 9.99102E-005 9.99102E-005 0.0101248 0.942379 9.99102E-005 9.99102E-005 9.99102E-005 0.0170515 9.99102E-005
9.98923E-005 9.98923E-005 9.98923E-005 9.98923E-005 9.98923E-005 9.98923E-005 9.98923E-005 9.98923E-005 9.98923E-005 0.988662 9.98923E-005 0.00194641 9.98923E-005 9.98923E-005 0.00819306
9.98834E-005 9.98834E-005 9.98834E-005 9.98834E-005 0.140323 9.98834E-005 9.98834E-005 9.98834E-005 9.98834E-005 0.858378 9.98834E-005 9.98834E-005 9.98834E-005 9.98834E-005 9.98834E-005
9.98923E-005 9.98923E-005 9.98923E-005 9.98923E-005 9.98923E-005 0.0254037 9.98923E-005 9.98923E-005 9.98923E-005 0.959913 9.98923E-005 9.98923E-005 0.0134844 9.98923E-005 9.98923E-005
9.98744E-005 0.998602 9.98744E-005 9.98744E-005 9.98744E-005 9.98744E-005 9.98744E-005 9.98744E-005 9.98744E-005 9.98744E-005 9.98744E-005 9.98744E-005 9.98744E-005 9.98744E-005 9.98744E-005
9.99192E-005 9.99192E-005 0.820786 9.99192E-005 0.0280446 0.024225 0.0407612 9.99192E-005 0.000907693 9.99192E-005 0.0843766 9.99192E-005 9.99192E-005 9.99192E-005 9.99192E-005
9.98923E-005 9.98923E-005 0.887839 9.98923E-005 9.98923E-005 0.0492928 9.98923E-005 0.0616694 9.98923E-005 9.98923E-005 9.98923E-005 9.98923E-005 9.98923E-005 9.98923E-005 9.98923E-005
9.99013E-005 9.99013E-005 9.99013E-005 9.99013E-005 9.99013E-005 0.00838755 9.99013E-005 9.99013E-005 9.99013E-005 0.0418901 9.99013E-005 0.0354208 0.913203 9.99013E-005 9.99013E-005
9.99013E-005 9.99013E-005 9.99013E-005 9.99013E-005 9.99013E-005 9.99013E-005 9.99013E-005 9.99013E-005 9.99013E-005 0.0537919 9.99013E-005 0.0229962 0.884071 9.99013E-005 0.0380425
9.99013E-005 9.99013E-005 9.99013E-005 9.99013E-005 0.0486283 9.99013E-005 9.99013E-005 9.99013E-005 9.99013E-005 0.0302317 9.99013E-005 9.99013E-005 0.894054 9.99013E-005 0.0259873
0.0436232 0.0146929 9.99013E-005 9.99013E-005 9.99013E-005 9.99013E-005 9.99013E-005 9.99013E-005 9.99013E-005 9.99013E-005 0.026374 9.99013E-005 0.914211 9.99013E-005 9.99013E-005
9.99013E-005 9.99013E-005 9.99013E-005 9.99013E-005 9.99013E-005 9.99013E-005 9.99013E-005 9.99013E-005 9.99013E-005 0.00164092 9.99013E-005 0.0427502 0.879304 0.0752063 9.99013E-005
9.98978E-005 9.98978E-005 9.98978E-005 9.98978E-005 0.0603937 0.00050355 9.98978E-005 9.98978E-005 9.98978E-005 9.98978E-005 9.98978E-005 0.0792752 0.858729 9.98978E-005 9.98978E-005
9.99014E-005 9.99014E-005 9.99014E-005 0.0363813 0.03172 0.0360263 9.99014E-005 9.99014E-005 9.99014E-005 9.99014E-005 9.99014E-005 9.99014E-005 0.894774 9.99014E-005 9.99014E-005
0.0695485 9.99104E-005 0.000594932 9.99104E-005 9.99104E-005 9.99104E-005 9.99104E-005 9.99104E-005 9.99104E-005 0.00204761 9.99104E-005 9.99104E-005 0.857331 0.0694792 9.99104E-005
0.0606588 9.99013E-005 9.99013E-005 0.0913877 9.99013E-005 9.99013E-005 9.99013E-005 9.99013E-005 0.00230527 9.99013E-005 9.99013E-005 9.99013E-005 0.844549 9.99013E-005 9.99013E-005
0.0345672 9.99281E-005 9.99281E-005 9.99281E-005 9.99281E-005 0.00977537 0.00350358 0.0287358 0.00373498 9.99281E-005 9.99281E-005 9.99281E-005 0.889252 0.0296316 9.99281E-005
9.98924E-005 0.038208 9.98924E-005 9.98924E-005 9.98924E-005 9.98924E-005 9.98924E-005 9.98924E-005 9.98924E-005 9.98924E-005 0.0171939 9.98924E-005 0.943399 9.98924E-005 9.98924E-005
9.99193E-005 9.99193E-005 9.99193E-005 9.99193E-005 0.0385272 9.99193E-005 9.99193E-005 9.99193E-005 0.015575 0.0267931 9.99193E-005 0.0465038 0.835248 9.99193E-005 0.0364535
0.0784943 9.98923E-005 9.98923E-005 9.98923E-005 0.0540625 9.98923E-005 9.98923E-005 9.98923E-005 9.98923E-005 9.98923E-005 9.98923E-005 9.98923E-005 0.866244 9.98923E-005 9.98923E-005
9.98923E-005 9.98923E-005 9.98923E-005 9.98923E-005 9.98923E-005 9.98923E-005 9.98923E-005 9.98923E-005 9.98923E-005 0.0528181 9.98923E-005 0.0213901 0.924593 9.98923E-005 9.98923E-005
9.98923E-005 9.98923E-005 9.98923E-005 9.98923E-005 9.98923E-005 9.98923E-005 9.98923E-005 9.98923E-005 9.98923E-005 9.98923E-005 9.98923E-005 9.98923E-005 0.894129 0.0924264 0.0122454
9.99102E-005 9.99102E-005 9.99102E-005 0.0496056 9.99102E-005 9.99102E-005 9.99102E-005 9.99102E-005 9.99102E-005 9.99102E-005 0.0294905 9.99102E-005 0.851051 0.0199028 0.0489513
9.99013E-005 9.99013E-005 9.99013E-005 9.99013E-005 0.00547412 9.99013E-005 9.99013E-005 9.99013E-005 9.99013E-005 0.0736339 9.99013E-005 9.99013E-005 0.89285 9.99013E-005 0.0269434
9.99193E-005 9.99193E-005 0.0254855 9.99193E-005 9.99193E-005 9.99193E-005 0.0205076 9.99193E-005 9.99193E-005 0.0219714 0.00703782 9.99193E-005 0.913244 9.99193E-005 0.0108546
9.98924E-005 9.98924E-005 9.98924E-005 9.98924E-005 9.98924E-005 9.98924E-005 9.98924E-005 9.98924E-005 0.00839385 9.98924E-005 9.98924E-005 9.98924E-005 0.913207 0.0772 9.98924E-005
9.99102E-005 0.122222 9.99102E-005 9.99102E-005 0.0189139 9.99102E-005 9.99102E-005 9.99102E-005 0.0104689 9.99102E-005 9.99102E-005 9.99102E-005 0.838999 9.99102E-005 0.00839705
9.99102E-005 0.0443907 9.99102E-005 9.99102E-005 0.055006 9.99102E-005 9.99102E-005 0.00925434 9.99102E-005 9.99102E-005 9.99102E-005 9.99102E-005 0.886128 9.99102E-005 0.00422147
9.99193E-005 9.99193E-005 9.99193E-005 9.99193E-005 0.0274074 9.99193E-005 9.99193E-005 0.0814161 9.99193E-005 0.0096971 0.0198546 9.99193E-005 0.857414 9.99193E-005 0.00331166
9.99013E-005 9.99013E-005 9.99013E-005 9.99013E-005 0.0127018 9.99013E-005 0.0418422 9.99013E-005 9.99013E-005 9.99013E-005 9.99013E-005 9.99013E-005 0.901744 9.99013E-005 0.0426133
0.0461297 0.0232465 9.99192E-005 9.99192E-005 9.99192E-005 9.99192E-005 9.99192E-005 9.99192E-005 0.00956036 9.99192E-005 9.99192E-005 0.052496 0.812018 0.0556497 9.99192E-005
9.98833E-005 9.98833E-005 9.98833E-005 9.98833E-005 9.98833E-005 9.98833E-005 9.98833E-005 9.98833E-005 9.98833E-005 9.98833E-005 9.98833E-005 9.98833E-005 0.910693 0.0880086 9.98833E-005
9.99192E-005 9.99192E-005 9.99192E-005 9.99192E-005 9.99192E-005 0.0229735 0.0421745 9.99192E-005 0.00733082 9.99192E-005 9.99192E-005 9.99192E-005 0.870532 0.018485 0.037605
9.98833E-005 9.98833E-005 9.98833E-005 9.98833E-005 0.998353 9.98833E-005 9.98833E-005 9.98833E-005 9.98833E-005 9.98833E-005 9.98833E-005 9.98833E-005 9.98833E-005 0.000348773 9.98833E-005
9.99101E-005 0.13734 9.99101E-005 0.137863 0.675782 9.99101E-005 9.99101E-005 9.99101E-005 9.99101E-005 9.99101E-005 9.99101E-005 0.0214629 9.99101E-005 9.99101E-005 0.0265525
0.0337097 9.99103E-005 9.99103E-005 9.99103E-005 0.83477 0.00356223 9.99103E-005 0.0243182 9.99103E-005 9.99103E-005 9.99103E-005 9.99103E-005 0.102641 9.99103E-005 9.99103E-005
9.99102E-005 9.99102E-005 0.0426353 0.0996714 9.99102E-005 9.99102E-005 9.99102E-005 0.0910552 9.99102E-005 0.0448645 0.720774 9.99102E-005 9.99102E-005 9.99102E-005 9.99102E-005
9.98739E-005 9.98739E-005 9.98739E-005 9.98739E-005 9.98739E-005 9.98739E-005 9.98739E-005 9.98739E-005 9.98739E-005 9.98739E-005 0.998602 9.98739E-005 9.98739E-005 9.98739E-005 9.98739E-005
9.98834E-005 9.98834E-005 9.98834E-005 9.98834E-005 9.98834E-005 9.98834E-005 9.98834E-005 9.98834E-005 9.98834E-005 9.98834E-005 0.934835 0.0638665 9.98834E-005 9.98834E-005 9.98834E-005
9.98831E-005 9.98831E-005 9.98831E-005 0.0319614 9.98831E-005 9.98831E-005 9.98831E-005 9.98831E-005 9.98831E-005 9.98831E-005 0.96674 9.98831E-005 9.98831E-005 9.98831E-005 9.98831E-005
9.99013E-005 9.99013E-005 0.0701338 9.99013E-005 9.99013E-005 9.99013E-005 9.99013E-005 0.00186437 9.99013E-005 0.00248955 0.924413 9.99013E-005 9.99013E-005 9.99013E-005 9.99013E-005
9.98743E-005 9.98743E-005 9.98743E-005 9.98743E-005 9.98743E-005 9.98743E-005 9.98743E-005 9.98743E-005 9.98743E-005 9.98743E-005 0.998602 9.98743E-005 9.98743E-005 9.98743E-005 9.98743E-005
0.0117859 0.179089 0.156865 9.99462E-005 9.99462E-005 0.0270974 0.0271395 0.0579016 0.0214258 0.0221148 0.495981 9.99462E-005 9.99462E-005 9.99462E-005 9.99462E-005
0.00242576 9.99192E-005 0.97583 0.000234657 9.99192E-005 0.000254515 9.99192E-005 9.99192E-005 0.00470975 9.99192E-005 9.99192E-005 9.99192E-005 9.99192E-005 9.99192E-005 0.0156456
9.98744E-005 9.98744E-005 0.998602 9.98744E-005 9.98744E-005 9.98744E-005 9.98744E-005 9.98744E-005 9.98744E-005 9.98744E-005 9.98744E-005 9.98744E-005 9.98744E-005 9.98744E-005 9.98744E-005
9.99192E-005 9.99192E-005 0.81605 9.99192E-005 0.0313855 0.0598509 9.99192E-005 0.0711621 0.00876876 0.0118836 9.99192E-005 9.99192E-005 9.99192E-005 9.99192E-005 9.99192E-005
9.99014E-005 9.99014E-005 0.0449522 0.367429 9.99014E-005 9.99014E-005 9.99014E-005 9.99014E-005 9.99014E-005 9.99014E-005 0.134314 9.99014E-005 0.452206 9.99014E-005 9.99014E-005
0.137258 0.0740456 9.99371E-005 0.0268663 9.99371E-005 0.0298806 0.0194374 0.641116 9.99371E-005 9.99371E-005 9.99371E-005 9.99371E-005 0.0158023 9.99371E-005 0.0548946
9.9901E-005 9.9901E-005 9.9901E-005 9.9901E-005 9.9901E-005 0.014916 0.0286137 0.0822624 9.9901E-005 9.9901E-005 9.9901E-005 9.9901E-005 9.9901E-005 9.9901E-005 0.873109
9.98833E-005 9.98833E-005 9.98833E-005 9.98833E-005 9.98833E-005 9.98833E-005 9.98833E-005 9.98833E-005 9.98833E-005 9.98833E-005 9.98833E-005 9.98833E-005 0.0558525 0.942849 9.98833E-005
9.99102E-005 0.0315233 9.99102E-005 9.99102E-005 9.99102E-005 9.99102E-005 0.0326808 9.99102E-005 9.99102E-005 0.0328275 9.99102E-005 0.0129517 9.99102E-005 0.889018 9.99102E-005
9.98828E-005 9.98828E-005 9.98828E-005 9.98828E-005 9.98828E-005 9.98828E-005 9.98828E-005 9.98828E-005 9.98828E-005 9.98828E-005 9.98828E-005 9.98828E-005 0.098857 9.98828E-005 0.899845
0.0820618 9.99014E-005 9.99014E-005 9.99014E-005 0.0378754 9.99014E-005 9.99014E-005 9.99014E-005 0.00164104 9.99014E-005 9.99014E-005 9.99014E-005 0.877323 9.99014E-005 9.99014E-005
9.98924E-005 9.98924E-005 0.0292142 0.0308619 9.98924E-005 9.98924E-005 9.98924E-005 9.98924E-005 9.98924E-005 9.98924E-005 9.98924E-005 9.98924E-005 0.938725 9.98924E-005 9.98924E-005
0.0267623 0.00771011 9.99282E-005 9.99282E-005 0.0482477 9.99282E-005 9.99282E-005 0.0521606 0.0162757 9.99282E-005 9.99282E-005 9.99282E-005 0.837013 9.99282E-005 0.0110314
9.99014E-005 9.99014E-005 0.0170068 9.99014E-005 9.99014E-005 0.00536001 9.99014E-005 9.99014E-005 0.00627729 9.99014E-005 9.99014E-005 9.99014E-005 0.970257 9.99014E-005 9.99014E-005
9.99102E-005 9.99102E-005 9.99102E-005 9.99102E-005 9.99102E-005 9.99102E-005 9.99102E-005 0.0230211 0.013604 9.99102E-005 0.0136158 0.0381437 0.910616 9.99102E-005 9.99102E-005
0.0260517 9.99193E-005 9.99193E-005 9.99193E-005 9.99193E-005 9.99193E-005 0.00289671 9.99193E-005 9.99193E-005 0.0158007 9.99193E-005 9.99193E-005 0.890175 0.0581954 0.00598086
0.0482771 9.99193E-005 9.99193E-005 9.99193E-005 9.99193E-005 9.99193E-005 0.000650871 9.99193E-005 0.0065754 0.0235174 0.0230126 9.99193E-005 0.897067 9.99193E-005 9.99193E-005
0.0304414 0.00604154 9.99014E-005 9.99014E-005 9.99014E-005 0.00658778 9.99014E-005 9.99014E-005 9.99014E-005 9.99014E-005 9.99014E-005 9.99014E-005 0.95583 9.99014E-005 9.99014E-005
9.99192E-005 9.99192E-005 0.038608 0.00601712 0.0569875 9.99192E-005 0.0134906 9.99192E-005 9.99192E-005 9.99192E-005 9.99192E-005 9.99192E-005 0.876686 9.99192E-005 0.00731199
0.0178905 9.99014E-005 9.99014E-005 9.99014E-005 0.0865295 9.99014E-005 9.99014E-005 9.99014E-005 9.99014E-005 0.0071978 9.99014E-005 9.99014E-005 0.887283 9.99014E-005 9.99014E-005
9.99193E-005 9.99193E-005 9.99193E-005 0.0292877 9.99193E-005 9.99193E-005 9.99193E-005 0.00210116 0.00453834 9.99193E-005 0.00177093 9.99193E-005 0.923585 0.0378176 9.99193E-005
0.00316857 9.99103E-005 0.00641628 0.061565 9.99103E-005 9.99103E-005 9.99103E-005 9.99103E-005 9.99103E-005 0.0206834 9.99103E-005 9.99103E-005 0.907168 9.99103E-005 9.99103E-005
9.99192E-005 0.0526483 9.99192E-005 0.0016111 0.0450875 9.99192E-005 9.99192E-005 0.0423535 0.00147827 9.99192E-005 9.99192E-005 9.99192E-005 0.855922 9.99192E-005 9.99192E-005
9.99103E-005 9.99103E-005 9.99103E-005 0.022664 9.99103E-005 0.0269709 9.99103E-005 9.99103E-005 9.99103E-005 9.99103E-005 9.99103E-005 0.0402046 0.907095 9.99103E-005 0.00206613
0.0786392 9.99013E-005 9.99013E-005 0.0272328 9.99013E-005 9.99013E-005 9.99013E-005 9.99013E-005 9.99013E-005 9.99013E-005 9.99013E-005 9.99013E-005 0.834404 9.99013E-005 0.0586253
9.99193E-005 9.99193E-005 0.0143312 0.739158 9.99193E-005 0.0191192 0.0402495 9.99193E-005 9.99193E-005 0.0626212 0.123621 9.99193E-005 9.99193E-005 9.99193E-005 9.99193E-005
9.98833E-005 0.961412 9.98833E-005 9.98833E-005 9.98833E-005 9.98833E-005 0.0372896 9.98833E-005 9.98833E-005 9.98833E-005 9.98833E-005 9.98833E-005 9.98833E-005 9.98833E-005 9.98833E-005
9.99102E-005 0.803713 0.0322291 9.99102E-005 0.0142991 0.0546746 0.0940851 9.99102E-005 9.99102E-005 9.99102E-005 9.99102E-005 9.99102E-005 9.99102E-005 9.99102E-005 9.99102E-005
9.98924E-005 0.00887865 0.959005 9.98924E-005 9.98924E-005 9.98924E-005 9.98924E-005 9.98924E-005 9.98924E-005 9.98924E-005 9.98924E-005 0.0309175 9.98924E-005 9.98924E-005 9.98924E-005
0.00542881 9.99103E-005 0.930142 9.99103E-005 9.99103E-005 0.0348374 0.00661175 9.99103E-005 9.99103E-005 9.99103E-005 9.99103E-005 0.0219811 9.99103E-005 9.99103E-005 9.99103E-005
9.98924E-005 9.98924E-005 0.874379 0.0427441 9.98924E-005 9.98924E-005 9.98924E-005 9.98924E-005 9.98924E-005 9.98924E-005 9.98924E-005 0.0816787 9.98924E-005 9.98924E-005 9.98924E-005
9.99192E-005 9.99192E-005 0.783887 9.99192E-005 9.99192E-005 0.0286309 9.99192E-005 0.0972371 9.99192E-005 9.99192E-005 0.0517064 0.0292242 9.99192E-005 0.00841463 9.99192E-005
9.98744E-005 9.98744E-005 9.98744E-005 9.98744E-005 9.98744E-005 9.98744E-005 9.98744E-005 9.98744E-005 9.98744E-005 9.98744E-005 9.98744E-005 9.98744E-005 9.98744E-005 0.998602 9.98744E-005
0.00351136 9.98832E-005 9.98832E-005 9.98832E-005 9.98832E-005 9.98832E-005 9.98832E-005 9.98832E-005 9.98832E-005 9.98832E-005 9.98832E-005 9.98832E-005 9.98832E-005 0.99519 9.98832E-005
9.99372E-005 0.0405741 0.0021655 9.99372E-005 0.0191949 9.99372E-005 9.99372E-005 0.00193846 9.99372E-005 9.99372E-005 0.0269159 0.0166949 9.99372E-005 0.874712 0.017105
0.00649048 0.128845 0.0094406 0.680351 0.0234976 0.0305523 9.99372E-005 0.0767934 9.99372E-005 9.99372E-005 0.0433297 9.99372E-005 9.99372E-005 9.99372E-005 9.99372E-005
9.98744E-005 0.998602 9.98744E-005 9.98744E-005 9.98744E-005 9.98744E-005 9.98744E-005 9.98744E-005 9.98744E-005 9.98744E-005 9.98744E-005 9.98744E-005 9.98744E-005 9.98744E-005 9.98744E-005
9.99282E-005 9.99282E-005 9.99282E-005 0.767169 9.99282E-005 9.99282E-005 0.0709965 9.99282E-005 9.99282E-005 0.0172512 0.0167182 0.0727927 0.0232678 0.0310055 9.99282E-005
9.99102E-005 9.99102E-005 9.99102E-005 0.896566 9.99102E-005 9.99102E-005 9.99102E-005 9.99102E-005 0.00222976 9.99102E-005 9.99102E-005 9.99102E-005 0.00366006 0.0769369 0.0196077
