9.99102E-005 9.99102E-005 0.00484069 0.044258 9.99102E-005 9.99102E-005 9.99102E-005 9.99102E-005 0.00965068 9.99102E-005 9.99102E-005 0.0304433 9.99102E-005 0.909808 9.99102E-005
9.98832E-005 9.98832E-005 0.0179945 9.98832E-005 9.98832E-005 9.98832E-005 9.98832E-005 9.98832E-005 9.98832E-005 9.98832E-005 9.98832E-005 9.98832E-005 9.98832E-005 0.980707 9.98832E-005
9.99012E-005 9.99012E-005 0.0353232 9.99012E-005 0.0958894 9.99012E-005 9.99012E-005 9.99012E-005 9.99012E-005 0.00169459 9.99012E-005 9.99012E-005 9.99012E-005 0.865994 9.99012E-005
9.99103E-005 9.99103E-005 9.99103E-005 0.0520641 9.99103E-005 9.99103E-005 0.105818 9.99103E-005 9.99103E-005 9.99103E-005 0.075065 0.069837 9.99103E-005 0.696217 9.99103E-005
9.99102E-005 0.0941368 0.025272 9.99102E-005 0.0075625 9.99102E-005 9.99102E-005 9.99102E-005 9.99102E-005 9.99102E-005 9.99102E-005 0.027898 9.99102E-005 0.844132 9.99102E-005
9.98742E-005 9.98742E-005 9.98742E-005 9.98742E-005 9.98742E-005 9.98742E-005 9.98742E-005 9.98742E-005 9.98742E-005 9.98742E-005 9.98742E-005 9.98742E-005 9.98742E-005 0.998602 9.98742E-005
9.98742E-005 9.98742E-005 9.98742E-005 9.98742E-005 9.98742E-005 9.98742E-005 9.98742E-005 9.98742E-005 9.98742E-005 9.98742E-005 9.98742E-005 9.98742E-005 9.98742E-005 0.998602 9.98742E-005
9.99193E-005 0.013433 9.99193E-005 9.99193E-005 9.99193E-005 0.15985 0.00935622 9.99193E-005 0.00319095 0.0958887 9.99193E-005 9.99193E-005 9.99193E-005 0.717382 9.99193E-005
9.99001E-005 9.99001E-005 9.99001E-005 9.99001E-005 9.99001E-005 9.99001E-005 0.0652916 0.0667165 9.99001E-005 9.99001E-005 0.0528393 9.99001E-005 9.99001E-005 0.80841 0.00574346
9.99012E-005 9.99012E-005 9.99012E-005 9.99012E-005 9.99012E-005 9.99012E-005 0.0627433 0.102861 9.99012E-005 9.99012E-005 9.99012E-005 0.038006 9.99012E-005 0.795291 9.99012E-005
0.0132224 9.99012E-005 9.99012E-005 9.99012E-005 9.99012E-005 9.99012E-005 9.99012E-005 9.99012E-005 0.0478169 9.99012E-005 9.99012E-005 9.99012E-005 9.99012E-005 0.87988 0.0579819
9.99462E-005 0.0463912 0.0445391 9.99462E-005 0.0275441 0.0263971 0.129711 9.99462E-005 9.99462E-005 0.115043 0.000352633 0.0351213 9.99462E-005 0.574302 9.99462E-005
0.0091881 0.0918072 9.99193E-005 9.99193E-005 0.0944334 0.121395 9.99193E-005 9.99193E-005 0.0136777 9.99193E-005 9.99193E-005 9.99193E-005 9.99193E-005 0.6686 9.99193E-005
9.99283E-005 0.126005 9.99283E-005 9.99283E-005 0.108394 9.99283E-005 9.99283E-005 9.99283E-005 9.99283E-005 0.0196071 0.0387253 9.99283E-005 0.0307136 0.630193 0.045563
0.040538 9.99462E-005 9.99462E-005 9.99462E-005 0.0238053 0.08207 0.130317 9.99462E-005 0.0672743 9.99462E-005 0.115446 0.108727 0.0369218 0.3943 9.99462E-005
9.99372E-005 0.131785 9.99372E-005 9.99372E-005 0.157792 0.0280444 0.127344 9.99372E-005 0.016723 9.99372E-005 0.0562617 9.99372E-005 0.0231127 0.458237 9.99372E-005
9.99193E-005 9.99193E-005 9.99193E-005 9.99193E-005 0.0532135 9.99193E-005 0.0965422 9.99193E-005 9.99193E-005 0.192191 0.0662683 0.0245301 9.99193E-005 0.566356 9.99193E-005
9.99371E-005 0.000113696 9.99371E-005 9.99371E-005 0.218454 0.0137909 0.10473 9.99371E-005 0.061228 0.0786051 9.99371E-005 0.0377046 9.99371E-005 0.484675 9.99371E-005
9.99461E-005 0.027417 0.539168 9.99461E-005 0.105833 9.99461E-005 0.226684 9.99461E-005 9.99461E-005 0.000910057 0.0149295 9.99461E-005 0.00436504 0.0582693 0.0218245
0.00491456 9.99103E-005 0.0420555 9.99103E-005 9.99103E-005 9.99103E-005 0.843654 9.99103E-005 9.99103E-005 0.0676339 9.99103E-005 0.0407434 9.99103E-005 9.99103E-005 9.99103E-005
9.98923E-005 0.101587 0.0871337 9.98923E-005 9.98923E-005 9.98923E-005 0.810081 9.98923E-005 9.98923E-005 9.98923E-005 9.98923E-005 9.98923E-005 9.98923E-005 9.98923E-005 9.98923E-005
0.0163561 9.99192E-005 0.235628 9.99192E-005 9.99192E-005 9.99192E-005 0.626282 9.99192E-005 9.99192E-005 9.99192E-005 9.99192E-005 0.0520445 9.99192E-005 0.0396975 0.0290925
9.99012E-005 9.99012E-005 0.0487387 9.99012E-005 9.99012E-005 9.99012E-005 0.864072 9.99012E-005 0.031383 9.99012E-005 9.99012E-005 9.99012E-005 9.99012E-005 9.99012E-005 0.0547071
9.98702E-005 9.98702E-005 0.998602 9.98702E-005 9.98702E-005 9.98702E-005 9.98702E-005 9.98702E-005 9.98702E-005 9.98702E-005 9.98702E-005 9.98702E-005 9.98702E-005 9.98702E-005 9.98702E-005
9.98742E-005 9.98742E-005 0.998602 9.98742E-005 9.98742E-005 9.98742E-005 9.98742E-005 9.98742E-005 9.98742E-005 9.98742E-005 9.98742E-005 9.98742E-005 9.98742E-005 9.98742E-005 9.98742E-005
9.98743E-005 9.98743E-005 0.998602 9.98743E-005 9.98743E-005 9.98743E-005 9.98743E-005 9.98743E-005 9.98743E-005 9.98743E-005 9.98743E-005 9.98743E-005 9.98743E-005 9.98743E-005 9.98743E-005
9.99192E-005 0.117818 0.0440593 9.99192E-005 9.99192E-005 9.99192E-005 0.711723 0.026344 9.99192E-005 9.99192E-005 0.0758871 9.99192E-005 0.0232693 9.99192E-005 9.99192E-005
9.99012E-005 9.99012E-005 0.767285 0.0452424 9.99012E-005 9.99012E-005 0.183816 9.99012E-005 9.99012E-005 9.99012E-005 9.99012E-005 0.00255832 9.99012E-005 9.99012E-005 9.99012E-005
9.99001E-005 9.99001E-005 0.0122758 9.99001E-005 0.0105439 9.99001E-005 0.936311 9.99001E-005 9.99001E-005 9.99001E-005 0.035116 0.00475389 9.99001E-005 9.99001E-005 9.99001E-005
9.98702E-005 9.98702E-005 0.998602 9.98702E-005 9.98702E-005 9.98702E-005 9.98702E-005 9.98702E-005 9.98702E-005 9.98702E-005 9.98702E-005 9.98702E-005 9.98702E-005 9.98702E-005 9.98702E-005
9.99102E-005 0.0558253 0.164094 9.99102E-005 9.99102E-005 0.0632787 0.665014 9.99102E-005 9.99102E-005 9.99102E-005 9.99102E-005 9.99102E-005 9.99102E-005 0.0507888 9.99102E-005
9.98743E-005 9.98743E-005 0.998602 9.98743E-005 9.98743E-005 9.98743E-005 9.98743E-005 9.98743E-005 9.98743E-005 9.98743E-005 9.98743E-005 9.98743E-005 9.98743E-005 9.98743E-005 9.98743E-005
9.99013E-005 0.0331609 0.0836585 9.99013E-005 0.0996378 9.99013E-005 0.782444 9.99013E-005 9.99013E-005 9.99013E-005 9.99013E-005 9.99013E-005 9.99013E-005 9.99013E-005 9.99013E-005
9.99103E-005 0.0233615 0.266614 9.99103E-005 9.99103E-005 9.99103E-005 0.661635 9.99103E-005 9.99103E-005 9.99103E-005 9.99103E-005 9.99103E-005 0.00474704 9.99103E-005 0.042643
0.0644448 0.0438417 0.158321 9.99282E-005 0.0337822 9.99282E-005 0.670693 9.99282E-005 9.99282E-005 9.99282E-005 9.99282E-005 0.0248562 0.00326204 9.99282E-005 9.99282E-005
9.99013E-005 9.99013E-005 0.121544 9.99013E-005 9.99013E-005 9.99013E-005 0.821765 9.99013E-005 9.99013E-005 9.99013E-005 0.0237988 0.031794 9.99013E-005 9.99013E-005 9.99013E-005
9.99282E-005 9.99282E-005 0.0854915 9.99282E-005 9.99282E-005 9.99282E-005 0.75211 9.99282E-005 0.0151271 9.99282E-005 0.0751784 0.0223862 9.99282E-005 0.0277048 0.0212026
0.0165966 0.830262 9.99372E-005 0.0303297 0.0242195 9.99372E-005 0.0318349 9.99372E-005 9.99372E-005 0.0115848 9.99372E-005 9.99372E-005 0.00628238 0.04819 9.99372E-005
9.98832E-005 0.923502 9.98832E-005 9.98832E-005 9.98832E-005 9.98832E-005 9.98832E-005 9.98832E-005 9.98832E-005 0.075199 9.98832E-005 9.98832E-005 9.98832E-005 9.98832E-005 9.98832E-005
9.99013E-005 0.893696 0.0119498 0.0397175 0.0535382 9.99013E-005 9.99013E-005 9.99013E-005 9.99013E-005 9.99013E-005 9.99013E-005 9.99013E-005 9.99013E-005 9.99013E-005 9.99013E-005
9.98924E-005 9.98924E-005 9.98924E-005 9.98924E-005 0.0425402 9.98924E-005 9.98924E-005 9.98924E-005 9.98924E-005 0.954037 9.98924E-005 0.00222443 9.98924E-005 9.98924E-005 9.98924E-005
9.98743E-005 9.98743E-005 9.98743E-005 9.98743E-005 9.98743E-005 9.98743E-005 9.98743E-005 9.98743E-005 9.98743E-005 0.998602 9.98743E-005 9.98743E-005 9.98743E-005 9.98743E-005 9.98743E-005
9.98922E-005 0.618133 9.98922E-005 9.98922E-005 9.98922E-005 9.98922E-005 9.98922E-005 9.98922E-005 9.98922E-005 0.343329 9.98922E-005 0.037339 9.98922E-005 9.98922E-005 9.98922E-005
9.99013E-005 0.446109 9.99013E-005 9.99013E-005 0.163414 9.99013E-005 9.99013E-005 9.99013E-005 9.99013E-005 0.326372 9.99013E-005 0.0630072 9.99013E-005 9.99013E-005 9.99013E-005
9.99013E-005 9.99013E-005 9.99013E-005 9.99013E-005 9.99013E-005 9.99013E-005 9.99013E-005 9.99013E-005 9.99013E-005 0.849679 0.0609271 0.0825432 9.99013E-005 0.00575142 9.99013E-005
9.98702E-005 9.98702E-005 9.98702E-005 9.98702E-005 9.98702E-005 9.98702E-005 9.98702E-005 9.98702E-005 9.98702E-005 0.987887 9.98702E-005 0.0108146 9.98702E-005 9.98702E-005 9.98702E-005
9.99282E-005 0.140243 0.0304101 9.99282E-005 0.0106437 0.235883 9.99282E-005 0.0760895 9.99282E-005 9.99282E-005 0.4298 9.99282E-005 9.99282E-005 0.0761308 9.99282E-005
9.98752E-005 9.98752E-005 9.98752E-005 9.98752E-005 9.98752E-005 9.98752E-005 9.98752E-005 9.98752E-005 0.998602 9.98752E-005 9.98752E-005 9.98752E-005 9.98752E-005 9.98752E-005 9.98752E-005
9.99007E-005 0.0596191 9.99007E-005 9.99007E-005 9.99007E-005 9.99007E-005 9.99007E-005 0.0101112 0.898616 9.99007E-005 9.99007E-005 9.99007E-005 9.99007E-005 9.99007E-005 0.0305547
9.99014E-005 9.99014E-005 9.99014E-005 9.99014E-005 0.0692867 9.99014E-005 9.99014E-005 9.99014E-005 9.99014E-005 9.99014E-005 0.900108 0.012624 0.016882 9.99014E-005 9.99014E-005
9.98901E-005 9.98901E-005 9.98901E-005 9.98901E-005 9.98901E-005 0.0113197 9.98901E-005 0.131869 0.543491 9.98901E-005 0.312221 9.98901E-005 9.98901E-005 9.98901E-005 9.98901E-005
9.98801E-005 9.98801E-005 0.0306587 9.98801E-005 9.98801E-005 9.98801E-005 9.98801E-005 9.98801E-005 9.98801E-005 9.98801E-005 0.963984 0.00415862 9.98801E-005 9.98801E-005 9.98801E-005
0.0182161 9.99192E-005 9.99192E-005 9.99192E-005 9.99192E-005 0.0483439 0.0472424 9.99192E-005 9.99192E-005 9.99192E-005 0.822245 0.0369907 0.026062 9.99192E-005 9.99192E-005
9.99371E-005 0.122267 0.0293945 0.0885669 9.99371E-005 9.99371E-005 9.99371E-005 9.99371E-005 0.00389519 9.99371E-005 0.695034 0.0107276 9.99371E-005 0.0430063 0.00640823
9.99014E-005 9.99014E-005 9.99014E-005 0.0216135 9.99014E-005 9.99014E-005 9.99014E-005 0.0315388 9.99014E-005 9.99014E-005 0.928984 9.99014E-005 9.99014E-005 0.0167653 9.99014E-005
9.98834E-005 0.00567383 9.98834E-005 9.98834E-005 9.98834E-005 9.98834E-005 9.98834E-005 9.98834E-005 9.98834E-005 9.98834E-005 0.993028 9.98834E-005 9.98834E-005 9.98834E-005 9.98834E-005
9.99191E-005 9.99191E-005 0.0314722 0.0467545 0.0978477 9.99191E-005 9.99191E-005 0.0315784 9.99191E-005 9.99191E-005 0.768452 9.99191E-005 0.0229955 9.99191E-005 9.99191E-005
9.98923E-005 0.0011741 9.98923E-005 9.98923E-005 9.98923E-005 9.98923E-005 9.98923E-005 9.98923E-005 9.98923E-005 9.98923E-005 0.954229 9.98923E-005 9.98923E-005 0.0433981 9.98923E-005
9.98833E-005 9.98833E-005 9.98833E-005 9.98833E-005 9.98833E-005 9.98833E-005 9.98833E-005 9.98833E-005 9.98833E-005 9.98833E-005 0.969624 9.98833E-005 9.98833E-005 9.98833E-005 0.029078
9.98833E-005 9.98833E-005 9.98833E-005 9.98833E-005 9.98833E-005 9.98833E-005 0.041455 9.98833E-005 9.98833E-005 9.98833E-005 0.957247 9.98833E-005 9.98833E-005 9.98833E-005 9.98833E-005
0.040256 9.98923E-005 9.98923E-005 9.98923E-005 9.98923E-005 0.947237 0.0113087 9.98923E-005 9.98923E-005 9.98923E-005 9.98923E-005 9.98923E-005 9.98923E-005 9.98923E-005 9.98923E-005
9.98923E-005 9.98923E-005 9.98923E-005 9.98923E-005 9.98923E-005 0.906234 0.0666916 9.98923E-005 9.98923E-005 9.98923E-005 9.98923E-005 9.98923E-005 0.0258757 9.98923E-005 9.98923E-005
9.99193E-005 9.99193E-005 9.99193E-005 0.0662881 0.0235909 0.849994 9.99193E-005 9.99193E-005 9.99193E-005 9.99193E-005 0.00469897 0.0473188 0.00720992 9.99193E-005 9.99193E-005
9.98743E-005 9.98743E-005 9.98743E-005 0.998602 9.98743E-005 9.98743E-005 9.98743E-005 9.98743E-005 9.98743E-005 9.98743E-005 9.98743E-005 9.98743E-005 9.98743E-005 9.98743E-005 9.98743E-005
0.101651 9.99012E-005 0.00144595 0.890206 9.99012E-005 9.99012E-005 9.99012E-005 9.99012E-005 9.99012E-005 9.99012E-005 9.99012E-005 9.99012E-005 0.00559806 9.99012E-005 9.99012E-005
9.99014E-005 9.99014E-005 9.99014E-005 9.99014E-005 9.99014E-005 9.99014E-005 9.99014E-005 0.0016476 9.99014E-005 9.99014E-005 0.00136298 0.013442 0.982449 9.99014E-005 9.99014E-005
9.98743E-005 9.98743E-005 9.98743E-005 9.98743E-005 9.98743E-005 9.98743E-005 9.98743E-005 9.98743E-005 9.98743E-005 9.98743E-005 9.98743E-005 9.98743E-005 0.998602 9.98743E-005 9.98743E-005
9.99193E-005 9.99193E-005 9.99193E-005 0.840986 9.99193E-005 0.032121 9.99193E-005 9.99193E-005 9.99193E-005 0.00282829 9.99193E-005 0.00583171 0.111727 9.99193E-005 0.00560629
0.037841 9.99102E-005 9.99102E-005 0.86086 9.99102E-005 9.99102E-005 9.99102E-005 9.99102E-005 9.99102E-005 9.99102E-005 0.0231926 9.99102E-005 0.0525269 9.99102E-005 0.0245803
0.00334884 9.99102E-005 9.99102E-005 9.99102E-005 0.0237799 0.015791 9.99102E-005 9.99102E-005 9.99102E-005 0.0220157 9.99102E-005 9.99102E-005 0.934065 9.99102E-005 9.99102E-005
9.98743E-005 9.98743E-005 9.98743E-005 9.98743E-005 9.98743E-005 9.98743E-005 9.98743E-005 9.98743E-005 9.98743E-005 9.98743E-005 9.98743E-005 9.98743E-005 0.998602 9.98743E-005 9.98743E-005
9.98743E-005 9.98743E-005 9.98743E-005 0.998602 9.98743E-005 9.98743E-005 9.98743E-005 9.98743E-005 9.98743E-005 9.98743E-005 9.98743E-005 9.98743E-005 9.98743E-005 9.98743E-005 9.98743E-005
9.98801E-005 0.0122149 9.98801E-005 9.98801E-005 9.98801E-005 9.98801E-005 9.98801E-005 9.98801E-005 9.98801E-005 9.98801E-005 0.00900336 9.98801E-005 0.977583 9.98801E-005 9.98801E-005
9.98833E-005 9.98833E-005 9.98833E-005 0.0438942 9.98833E-005 9.98833E-005 9.98833E-005 9.98833E-005 9.98833E-005 9.98833E-005 9.98833E-005 9.98833E-005 0.954807 9.98833E-005 9.98833E-005
9.98834E-005 9.98834E-005 9.98834E-005 9.98834E-005 9.98834E-005 9.98834E-005 9.98834E-005 0.00499188 9.98834E-005 9.98834E-005 9.98834E-005 9.98834E-005 0.99371 9.98834E-005 9.98834E-005
9.98923E-005 9.98923E-005 9.98923E-005 0.154179 9.98923E-005 9.98923E-005 9.98923E-005 9.98923E-005 9.98923E-005 9.98923E-005 9.98923E-005 9.98923E-005 0.835296 9.98923E-005 0.00932669
9.98901E-005 9.98901E-005 0.0322503 9.98901E-005 9.98901E-005 9.98901E-005 9.98901E-005 0.00838782 9.98901E-005 9.98901E-005 9.98901E-005 9.98901E-005 0.954063 9.98901E-005 0.00420031
9.99103E-005 9.99103E-005 9.99103E-005 9.99103E-005 0.0175574 9.99103E-005 0.858897 9.99103E-005 9.99103E-005 0.0975374 9.99103E-005 0.00226414 9.99103E-005 9.99103E-005 0.0227451
9.98833E-005 9.98833E-005 9.98833E-005 0.00155908 9.98833E-005 9.98833E-005 9.98833E-005 9.98833E-005 9.98833E-005 0.997142 9.98833E-005 9.98833E-005 9.98833E-005 9.98833E-005 9.98833E-005
9.98743E-005 9.98743E-005 9.98743E-005 9.98743E-005 9.98743E-005 9.98743E-005 9.98743E-005 9.98743E-005 9.98743E-005 0.998602 9.98743E-005 9.98743E-005 9.98743E-005 9.98743E-005 9.98743E-005
0.229231 9.99012E-005 9.99012E-005 9.99012E-005 9.99012E-005 9.99012E-005 9.99012E-005 0.74202 9.99012E-005 9.99012E-005 9.99012E-005 0.00777508 0.0198752 9.99012E-005 9.99012E-005
0.262045 9.98924E-005 9.98924E-005 9.98924E-005 9.98924E-005 9.98924E-005 9.98924E-005 0.701212 9.98924E-005 9.98924E-005 9.98924E-005 9.98924E-005 0.035544 9.98924E-005 9.98924E-005
0.0554297 9.99103E-005 9.99103E-005 0.0349045 9.99103E-005 9.99103E-005 9.99103E-005 0.882431 9.99103E-005 9.99103E-005 9.99103E-005 9.99103E-005 0.00493843 9.99103E-005 0.0212968
9.98901E-005 9.98901E-005 9.98901E-005 9.98901E-005 0.0192488 9.98901E-005 9.98901E-005 0.913758 9.98901E-005 0.00780456 9.98901E-005 9.98901E-005 9.98901E-005 9.98901E-005 0.0580894
0.83467 9.99001E-005 9.99001E-005 9.99001E-005 9.99001E-005 0.0352711 9.99001E-005 0.0966734 9.99001E-005 9.99001E-005 0.00817864 9.99001E-005 9.99001E-005 9.99001E-005 0.0242083
0.349609 9.99102E-005 0.008671 0.0769199 9.99102E-005 9.99102E-005 9.99102E-005 0.548557 9.99102E-005 9.99102E-005 9.99102E-005 9.99102E-005 9.99102E-005 9.99102E-005 0.0152439
0.361075 9.99104E-005 0.034639 0.0258408 9.99104E-005 9.99104E-005 9.99104E-005 0.507035 9.99104E-005 9.99104E-005 9.99104E-005 9.99104E-005 9.99104E-005 9.99104E-005 0.0704109
0.444302 9.99193E-005 9.99193E-005 9.99193E-005 9.99193E-005 0.0213793 9.99193E-005 0.394683 9.99193E-005 9.99193E-005 0.012652 0.00954697 9.99193E-005 9.99193E-005 0.116538
0.362464 9.99013E-005 9.99013E-005 9.99013E-005 9.99013E-005 9.99013E-005 0.0400733 0.577377 9.99013E-005 9.99013E-005 9.99013E-005 0.018986 9.99013E-005 9.99013E-005 9.99013E-005
0.0158218 9.99192E-005 9.99192E-005 9.99192E-005 0.00693176 9.99192E-005 9.99192E-005 0.879547 9.99192E-005 9.99192E-005 0.0212265 9.99192E-005 9.99192E-005 0.0222694 0.0533043
9.99014E-005 0.0183109 9.99014E-005 9.99014E-005 0.00547604 9.99014E-005 9.99014E-005 0.936338 9.99014E-005 9.99014E-005 9.99014E-005 9.99014E-005 9.99014E-005 9.99014E-005 0.0387759
0.0850948 9.99193E-005 9.99193E-005 0.0345423 9.99193E-005 9.99193E-005 9.99193E-005 0.764928 0.0329974 9.99193E-005 0.0362332 9.99193E-005 9.99193E-005 9.99193E-005 0.0453049
0.178827 9.99102E-005 9.99102E-005 0.0122159 9.99102E-005 9.99102E-005 9.99102E-005 0.774737 9.99102E-005 9.99102E-005 0.0282913 0.00492993 9.99102E-005 9.99102E-005 9.99102E-005
9.98922E-005 9.98922E-005 9.98922E-005 9.98922E-005 9.98922E-005 9.98922E-005 9.98922E-005 0.881794 9.98922E-005 9.98922E-005 9.98922E-005 9.98922E-005 0.0199396 9.98922E-005 0.097068
9.99001E-005 9.99001E-005 9.99001E-005 9.99001E-005 9.99001E-005 0.046074 0.00933215 0.853346 9.99001E-005 9.99001E-005 9.99001E-005 0.00764421 9.99001E-005 9.99001E-005 0.082605
0.423753 9.99282E-005 0.0245579 9.99282E-005 0.0450985 0.00355943 9.99282E-005 0.440571 9.99282E-005 9.99282E-005 9.99282E-005 9.99282E-005 9.99282E-005 0.000142637 0.0615181
0.0573808 9.99013E-005 9.99013E-005 9.99013E-005 9.99013E-005 9.99013E-005 9.99013E-005 0.887026 9.99013E-005 9.99013E-005 9.99013E-005 9.99013E-005 0.0486574 9.99013E-005 0.00583651
0.147784 0.0266838 9.99282E-005 9.99282E-005 0.00191615 9.99282E-005 9.99282E-005 0.776588 9.99282E-005 0.00127043 9.99282E-005 9.99282E-005 0.00767689 9.99282E-005 0.0372823
9.98924E-005 9.98924E-005 9.98924E-005 9.98924E-005 9.98924E-005 0.00314487 9.98924E-005 0.940269 9.98924E-005 9.98924E-005 9.98924E-005 9.98924E-005 9.98924E-005 9.98924E-005 0.0553873
0.62854 9.99103E-005 9.99103E-005 0.0924048 9.99103E-005 9.99103E-005 0.0294018 0.15745 9.99103E-005 9.99103E-005 9.99103E-005 9.99103E-005 9.99103E-005 9.99103E-005 0.0912047
0.801514 9.99012E-005 9.99012E-005 0.0294743 9.99012E-005 9.99012E-005 9.99012E-005 0.134378 9.99012E-005 9.99012E-005 9.99012E-005 9.99012E-005 9.99012E-005 9.99012E-005 0.0335351
9.99103E-005 9.99103E-005 9.99103E-005 9.99103E-005 0.0264329 0.00467835 0.0329914 0.926513 9.99103E-005 9.99103E-005 9.99103E-005 9.99103E-005 0.00838541 9.99103E-005 9.99103E-005
0.998602 9.98742E-005 9.98742E-005 9.98742E-005 9.98742E-005 9.98742E-005 9.98742E-005 9.98742E-005 9.98742E-005 9.98742E-005 9.98742E-005 9.98742E-005 9.98742E-005 9.98742E-005 9.98742E-005
9.99192E-005 9.99192E-005 0.011291 9.99192E-005 9.99192E-005 0.0188815 9.99192E-005 0.864942 0.00671124 9.99192E-005 0.0652883 9.99192E-005 9.99192E-005 9.99192E-005 0.0319864
0.29026 9.99102E-005 9.99102E-005 9.99102E-005 9.99102E-005 0.0213371 9.99102E-005 0.613953 9.99102E-005 9.99102E-005 9.99102E-005 9.99102E-005 0.0085735 9.99102E-005 0.0648778
0.00342667 9.99192E-005 0.0347523 9.99192E-005 9.99192E-005 9.99192E-005 9.99192E-005 0.849661 0.0274801 9.99192E-005 9.99192E-005 9.99192E-005 9.99192E-005 0.00881141 0.0749694
9.98833E-005 9.98833E-005 9.98833E-005 0.975824 9.98833E-005 0.0228772 9.98833E-005 9.98833E-005 9.98833E-005 9.98833E-005 9.98833E-005 9.98833E-005 9.98833E-005 9.98833E-005 9.98833E-005
9.98801E-005 9.98801E-005 9.98801E-005 0.700036 9.98801E-005 9.98801E-005 0.2784 9.98801E-005 0.0203656 9.98801E-005 9.98801E-005 9.98801E-005 9.98801E-005 9.98801E-005 9.98801E-005
0.0245035 9.99014E-005 9.99014E-005 0.840106 9.99014E-005 9.99014E-005 9.99014E-005 0.105305 9.99014E-005 0.0289864 9.99014E-005 9.99014E-005 9.99014E-005 9.99014E-005 9.99014E-005
9.99282E-005 0.0555189 9.99282E-005 9.99282E-005 0.751135 9.99282E-005 0.121068 9.99282E-005 0.00939364 9.99282E-005 9.99282E-005 0.0168188 0.0409503 0.00431569 9.99282E-005
9.98702E-005 9.98702E-005 9.98702E-005 9.98702E-005 0.998602 9.98702E-005 9.98702E-005 9.98702E-005 9.98702E-005 9.98702E-005 9.98702E-005 9.98702E-005 9.98702E-005 9.98702E-005 9.98702E-005
9.99013E-005 0.0270382 9.99013E-005 9.99013E-005 0.938455 9.99013E-005 9.99013E-005 9.99013E-005 9.99013E-005 0.0100081 0.0234 9.99013E-005 9.99013E-005 9.99013E-005 9.99013E-005
9.98832E-005 9.98832E-005 0.00889216 9.98832E-005 0.989809 9.98832E-005 9.98832E-005 9.98832E-005 9.98832E-005 9.98832E-005 9.98832E-005 9.98832E-005 9.98832E-005 9.98832E-005 9.98832E-005
9.98834E-005 9.98834E-005 9.98834E-005 9.98834E-005 0.892864 9.98834E-005 9.98834E-005 9.98834E-005 9.98834E-005 0.105838 9.98834E-005 9.98834E-005 9.98834E-005 9.98834E-005 9.98834E-005
9.98833E-005 9.98833E-005 9.98833E-005 9.98833E-005 0.996167 9.98833E-005 9.98833E-005 9.98833E-005 9.98833E-005 9.98833E-005 9.98833E-005 0.00253473 9.98833E-005 9.98833E-005 9.98833E-005
9.99462E-005 0.219908 0.052647 9.99462E-005 0.514053 9.99462E-005 0.0363932 9.99462E-005 0.03172 9.99462E-005 0.0146423 0.0108164 0.0206036 0.0986164 9.99462E-005
9.98702E-005 9.98702E-005 9.98702E-005 9.98702E-005 9.98702E-005 9.98702E-005 9.98702E-005 9.98702E-005 9.98702E-005 9.98702E-005 9.98702E-005 0.998602 9.98702E-005 9.98702E-005 9.98702E-005
9.98702E-005 9.98702E-005 9.98702E-005 9.98702E-005 9.98702E-005 9.98702E-005 9.98702E-005 9.98702E-005 9.98702E-005 9.98702E-005 9.98702E-005 0.998602 9.98702E-005 9.98702E-005 9.98702E-005
9.99013E-005 0.860487 0.0593234 0.00439916 9.99013E-005 9.99013E-005 9.99013E-005 9.99013E-005 9.99013E-005 9.99013E-005 9.99013E-005 0.0746911 9.99013E-005 9.99013E-005 9.99013E-005
0.251583 0.0802942 9.99193E-005 9.99193E-005 0.122798 9.99193E-005 0.323203 0.142371 9.99193E-005 9.99193E-005 9.99193E-005 9.99193E-005 9.99193E-005 9.99193E-005 0.0788515
0.0884703 9.99461E-005 0.0386954 9.99461E-005 0.0210183 9.99461E-005 0.165051 9.99461E-005 0.0393937 0.106744 0.147204 0.000602535 9.99461E-005 0.392221 9.99461E-005
0.0571448 9.99367E-005 0.0284969 9.99367E-005 0.0128137 9.99367E-005 9.99367E-005 9.99367E-005 0.714687 9.99367E-005 9.99367E-005 0.0136302 0.0472484 0.115381 0.00989898
9.98901E-005 9.98901E-005 9.98901E-005 9.98901E-005 9.98901E-005 0.890139 9.98901E-005 0.0641129 9.98901E-005 9.98901E-005 0.0226813 9.98901E-005 9.98901E-005 9.98901E-005 0.0219683
9.9897E-005 9.9897E-005 9.9897E-005 9.9897E-005 9.9897E-005 0.909372 9.9897E-005 9.9897E-005 9.9897E-005 9.9897E-005 9.9897E-005 9.9897E-005 0.036173 0.0532559 9.9897E-005
0.0686277 9.99005E-005 9.99005E-005 9.99005E-005 9.99005E-005 9.99005E-005 9.99005E-005 0.205951 0.668623 9.99005E-005 9.99005E-005 9.99005E-005 9.99005E-005 9.99005E-005 0.0556993
0.136706 9.99104E-005 9.99104E-005 0.0697344 9.99104E-005 9.99104E-005 9.99104E-005 0.693538 9.99104E-005 9.99104E-005 0.00944374 9.99104E-005 9.99104E-005 9.99104E-005 0.0895781
0.0322258 9.99013E-005 9.99013E-005 9.99013E-005 9.99013E-005 9.99013E-005 9.99013E-005 0.0618112 9.99013E-005 9.99013E-005 9.99013E-005 0.010966 9.99013E-005 9.99013E-005 0.893898
0.0909478 9.99282E-005 9.99282E-005 0.056259 9.99282E-005 9.99282E-005 0.0303691 0.648963 0.0252563 0.00556203 9.99282E-005 9.99282E-005 9.99282E-005 9.99282E-005 0.141843
9.98739E-005 9.98739E-005 9.98739E-005 9.98739E-005 9.98739E-005 9.98739E-005 9.98739E-005 9.98739E-005 9.98739E-005 9.98739E-005 9.98739E-005 9.98739E-005 9.98739E-005 9.98739E-005 0.998602
0.0409757 9.99192E-005 9.99192E-005 9.99192E-005 0.000419329 9.99192E-005 9.99192E-005 0.893767 0.00280299 9.99192E-005 0.0602667 9.99192E-005 9.99192E-005 9.99192E-005 0.000868717
0.174836 9.99372E-005 9.99372E-005 0.0123582 9.99372E-005 0.00511009 9.99372E-005 0.728807 9.99372E-005 9.99372E-005 0.00601268 0.00555212 0.00962465 9.99372E-005 0.0569992
0.188975 0.0121913 9.99192E-005 9.99192E-005 0.0190411 9.99192E-005 9.99192E-005 0.763868 9.99192E-005 9.99192E-005 9.99192E-005 9.99192E-005 0.00849949 9.99192E-005 0.0065253
9.98702E-005 9.98702E-005 9.98702E-005 9.98702E-005 9.98702E-005 9.98702E-005 9.98702E-005 9.98702E-005 9.98702E-005 9.98702E-005 9.98702E-005 9.98702E-005 9.98702E-005 9.98702E-005 0.998602
0.197622 0.00441254 9.99192E-005 0.03624 9.99192E-005 9.99192E-005 9.99192E-005 0.664955 9.99192E-005 9.99192E-005 9.99192E-005 0.0267522 9.99192E-005 9.99192E-005 0.0691186
0.0572732 9.99013E-005 9.99013E-005 0.0853924 9.99013E-005 9.99013E-005 9.99013E-005 0.798437 9.99013E-005 9.99013E-005 9.99013E-005 9.99013E-005 9.99013E-005 9.99013E-005 0.0577986
0.998602 9.98743E-005 9.98743E-005 9.98743E-005 9.98743E-005 9.98743E-005 9.98743E-005 9.98743E-005 9.98743E-005 9.98743E-005 9.98743E-005 9.98743E-005 9.98743E-005 9.98743E-005 9.98743E-005
0.998602 9.98741E-005 9.98741E-005 9.98741E-005 9.98741E-005 9.98741E-005 9.98741E-005 9.98741E-005 9.98741E-005 9.98741E-005 9.98741E-005 9.98741E-005 9.98741E-005 9.98741E-005 9.98741E-005
0.998602 9.98743E-005 9.98743E-005 9.98743E-005 9.98743E-005 9.98743E-005 9.98743E-005 9.98743E-005 9.98743E-005 9.98743E-005 9.98743E-005 9.98743E-005 9.98743E-005 9.98743E-005 9.98743E-005
0.183317 9.99309E-005 0.0210302 9.99309E-005 9.99309E-005 9.99309E-005 0.0156443 0.757328 9.99309E-005 9.99309E-005 9.99309E-005 9.99309E-005 9.99309E-005 9.99309E-005 0.0216818
0.33781 9.99103E-005 9.99103E-005 9.99103E-005 9.99103E-005 9.99103E-005 9.99103E-005 0.424007 0.00380218 9.99103E-005 0.0631946 9.99103E-005 9.99103E-005 9.99103E-005 0.170187
9.99462E-005 0.0453374 0.0615113 9.99462E-005 0.105661 9.99462E-005 0.619455 9.99462E-005 9.99462E-005 0.00693806 9.99462E-005 0.0207478 0.0433099 0.0635705 0.0328691
9.99001E-005 9.99001E-005 0.00720166 0.0281405 9.99001E-005 9.99001E-005 0.759152 9.99001E-005 9.99001E-005 0.154903 9.99001E-005 9.99001E-005 9.99001E-005 0.0496038 9.99001E-005
9.99102E-005 9.99102E-005 0.0695677 0.077759 9.99102E-005 9.99102E-005 0.518055 9.99102E-005 9.99102E-005 0.172106 9.99102E-005 9.99102E-005 9.99102E-005 0.161514 9.99102E-005
9.98833E-005 0.889514 9.98833E-005 9.98833E-005 9.98833E-005 9.98833E-005 9.98833E-005 9.98833E-005 9.98833E-005 9.98833E-005 9.98833E-005 0.109187 9.98833E-005 9.98833E-005 9.98833E-005
9.98833E-005 0.884091 9.98833E-005 9.98833E-005 9.98833E-005 9.98833E-005 9.98833E-005 9.98833E-005 9.98833E-005 9.98833E-005 9.98833E-005 0.11461 9.98833E-005 9.98833E-005 9.98833E-005
9.98745E-005 0.998602 9.98745E-005 9.98745E-005 9.98745E-005 9.98745E-005 9.98745E-005 9.98745E-005 9.98745E-005 9.98745E-005 9.98745E-005 9.98745E-005 9.98745E-005 9.98745E-005 9.98745E-005
9.98922E-005 0.953778 0.0258041 9.98922E-005 0.0192188 9.98922E-005 9.98922E-005 9.98922E-005 9.98922E-005 9.98922E-005 9.98922E-005 9.98922E-005 9.98922E-005 9.98922E-005 9.98922E-005
9.98744E-005 9.98744E-005 9.98744E-005 9.98744E-005 9.98744E-005 0.998602 9.98744E-005 9.98744E-005 9.98744E-005 9.98744E-005 9.98744E-005 9.98744E-005 9.98744E-005 9.98744E-005 9.98744E-005
9.98743E-005 9.98743E-005 9.98743E-005 9.98743E-005 9.98743E-005 0.998602 9.98743E-005 9.98743E-005 9.98743E-005 9.98743E-005 9.98743E-005 9.98743E-005 9.98743E-005 9.98743E-005 9.98743E-005
9.99103E-005 9.99103E-005 9.99103E-005 0.00662039 0.0356635 0.934588 0.0114966 9.99103E-005 9.99103E-005 9.99103E-005 9.99103E-005 0.0106329 9.99103E-005 9.99103E-005 9.99103E-005
9.99462E-005 9.99462E-005 0.0198952 0.0126106 0.0634621 9.99462E-005 0.818233 9.99462E-005 9.99462E-005 9.99462E-005 0.00623496 0.0699855 0.00262481 0.00277846 0.00357578
9.99103E-005 9.99103E-005 9.99103E-005 0.0378979 0.0224706 9.99103E-005 0.89391 9.99103E-005 0.0110265 9.99103E-005 9.99103E-005 0.0336958 9.99103E-005 9.99103E-005 9.99103E-005
0.0863699 9.99282E-005 9.99282E-005 9.99282E-005 0.0534446 9.99282E-005 0.693781 9.99282E-005 9.99282E-005 9.99282E-005 0.044052 0.0107065 0.0126604 0.098186 9.99282E-005
9.99192E-005 9.99192E-005 9.99192E-005 9.99192E-005 9.99192E-005 0.0688845 0.874782 0.0180176 0.0310609 9.99192E-005 9.99192E-005 0.00162539 0.00473052 9.99192E-005 9.99192E-005
