0.00760398 9.99192E-005 9.99192E-005 0.906343 9.99192E-005 0.0330869 9.99192E-005 9.99192E-005 9.99192E-005 0.00105003 0.0119782 9.99192E-005 9.99192E-005 0.0390391 9.99192E-005
9.98833E-005 9.98833E-005 9.98833E-005 0.984486 9.98833E-005 9.98833E-005 9.98833E-005 9.98833E-005 9.98833E-005 9.98833E-005 0.014216 9.98833E-005 9.98833E-005 9.98833E-005 9.98833E-005
0.105957 9.98922E-005 9.98922E-005 0.857143 9.98922E-005 9.98922E-005 9.98922E-005 9.98922E-005 9.98922E-005 9.98922E-005 0.0357019 9.98922E-005 9.98922E-005 9.98922E-005 9.98922E-005
9.99282E-005 9.99282E-005 0.0196243 0.666619 9.99282E-005 0.0662755 0.0148776 0.0760437 9.99282E-005 9.99282E-005 9.99282E-005 9.99282E-005 0.121206 0.0345549 9.99282E-005
0.0152806 9.99102E-005 9.99102E-005 0.889107 9.99102E-005 0.0189181 0.0558402 9.99102E-005 9.99102E-005 9.99102E-005 0.019855 9.99102E-005 9.99102E-005 9.99102E-005 9.99102E-005
9.98742E-005 9.98742E-005 9.98742E-005 0.998602 9.98742E-005 9.98742E-005 9.98742E-005 9.98742E-005 9.98742E-005 9.98742E-005 9.98742E-005 9.98742E-005 9.98742E-005 9.98742E-005 9.98742E-005
9.98832E-005 9.98832E-005 9.98832E-005 0.987436 9.98832E-005 9.98832E-005 9.98832E-005 9.98832E-005 9.98832E-005 9.98832E-005 0.0112652 9.98832E-005 9.98832E-005 9.98832E-005 9.98832E-005
9.99371E-005 0.112681 9.99371E-005 0.707674 0.0102927 0.019352 0.0106253 0.121784 9.99371E-005 0.016343 9.99371E-005 9.99371E-005 0.000548163 9.99371E-005 9.99371E-005
9.99191E-005 9.99191E-005 9.99191E-005 0.736562 9.99191E-005 9.99191E-005 9.99191E-005 0.146355 0.0263442 9.99191E-005 9.99191E-005 0.00440288 0.0439723 9.99191E-005 0.0414642
9.99012E-005 9.99012E-005 9.99012E-005 0.729606 9.99012E-005 0.0321293 9.99012E-005 0.168693 0.0684721 9.99012E-005 9.99012E-005 9.99012E-005 9.99012E-005 9.99012E-005 9.99012E-005
9.98923E-005 9.98923E-005 9.98923E-005 0.862651 9.98923E-005 9.98923E-005 9.98923E-005 9.98923E-005 9.98923E-005 9.98923E-005 9.98923E-005 0.0393096 9.98923E-005 9.98923E-005 0.0968408
0.0323752 0.0046576 9.99372E-005 0.559061 0.00215817 0.0607497 0.0909452 0.203609 9.99372E-005 9.99372E-005 0.0457444 9.99372E-005 9.99372E-005 9.99372E-005 9.99372E-005
0.0623117 0.112522 0.162737 0.606417 9.99103E-005 9.99103E-005 0.0550131 9.99103E-005 9.99103E-005 9.99103E-005 9.99103E-005 9.99103E-005 9.99103E-005 9.99103E-005 9.99103E-005
0.111234 9.99194E-005 9.99194E-005 0.609113 0.025343 9.99194E-005 0.138647 9.99194E-005 9.99194E-005 9.99194E-005 9.99194E-005 0.0593873 0.0553762 9.99194E-005 9.99194E-005
0.0165353 0.0869281 0.180551 0.392284 0.0374929 0.0962667 9.99551E-005 9.99551E-005 0.0272885 0.0173211 9.99551E-005 9.99551E-005 0.089414 9.99551E-005 0.0554187
0.166223 0.0657185 0.228748 0.450974 0.0119834 9.99372E-005 0.0336134 9.99372E-005 9.99372E-005 9.99372E-005 9.99372E-005 9.99372E-005 0.0385644 9.99372E-005 0.00347588
0.103617 9.99282E-005 9.99282E-005 0.467851 9.99282E-005 0.067804 0.0397689 0.255904 9.99282E-005 0.0094765 9.99282E-005 9.99282E-005 0.0547794 9.99282E-005 9.99282E-005
0.164131 0.00512139 0.217987 0.489476 0.00494684 0.0175088 0.0719169 9.99461E-005 9.99461E-005 0.0148163 9.99461E-005 9.99461E-005 9.99461E-005 9.99461E-005 0.013497
0.0499144 9.99192E-005 0.320878 0.0678405 9.99192E-005 9.99192E-005 0.0356456 9.99192E-005 9.99192E-005 9.99192E-005 0.504005 0.0208176 9.99192E-005 9.99192E-005 9.99192E-005
9.98923E-005 9.98923E-005 0.199297 9.98923E-005 9.98923E-005 0.0293451 9.98923E-005 0.770159 9.98923E-005 9.98923E-005 9.98923E-005 9.98923E-005 9.98923E-005 9.98923E-005 9.98923E-005
9.98833E-005 9.98833E-005 0.919446 9.98833E-005 9.98833E-005 9.98833E-005 9.98833E-005 9.98833E-005 9.98833E-005 9.98833E-005 0.0792557 9.98833E-005 9.98833E-005 9.98833E-005 9.98833E-005
9.99102E-005 9.99102E-005 0.73529 9.99102E-005 9.99102E-005 0.0155387 9.99102E-005 9.99102E-005 9.99102E-005 0.00584462 0.217599 0.0247286 9.99102E-005 9.99102E-005 9.99102E-005
9.99102E-005 9.99102E-005 0.125078 9.99102E-005 9.99102E-005 9.99102E-005 9.99102E-005 0.812642 9.99102E-005 9.99102E-005 0.0121916 0.0276935 9.99102E-005 9.99102E-005 0.0213957
9.9874E-005 9.9874E-005 9.9874E-005 9.9874E-005 9.9874E-005 9.9874E-005 9.9874E-005 9.9874E-005 9.9874E-005 9.9874E-005 0.998602 9.9874E-005 9.9874E-005 9.9874E-005 9.9874E-005
9.98832E-005 9.98832E-005 0.00371589 9.98832E-005 9.98832E-005 9.98832E-005 9.98832E-005 9.98832E-005 9.98832E-005 9.98832E-005 0.994986 9.98832E-005 9.98832E-005 9.98832E-005 9.98832E-005
9.98743E-005 9.98743E-005 9.98743E-005 9.98743E-005 9.98743E-005 9.98743E-005 9.98743E-005 9.98743E-005 9.98743E-005 9.98743E-005 0.998602 9.98743E-005 9.98743E-005 9.98743E-005 9.98743E-005
9.99192E-005 9.99192E-005 9.99192E-005 9.99192E-005 0.0121973 9.99192E-005 0.124536 0.749031 0.00901784 9.99192E-005 0.042506 9.99192E-005 0.0618125 9.99192E-005 9.99192E-005
9.99011E-005 9.99011E-005 0.217015 9.99011E-005 9.99011E-005 9.99011E-005 9.99011E-005 0.0106739 9.99011E-005 9.99011E-005 0.744092 9.99011E-005 9.99011E-005 0.0271198 9.99011E-005
9.99013E-005 9.99013E-005 0.836694 9.99013E-005 9.99013E-005 9.99013E-005 9.99013E-005 0.126013 9.99013E-005 9.99013E-005 0.019586 9.99013E-005 0.0166081 9.99013E-005 9.99013E-005
9.98742E-005 9.98742E-005 9.98742E-005 9.98742E-005 9.98742E-005 9.98742E-005 9.98742E-005 9.98742E-005 9.98742E-005 9.98742E-005 0.998602 9.98742E-005 9.98742E-005 9.98742E-005 9.98742E-005
9.99192E-005 0.00373527 0.55912 0.0692225 9.99192E-005 9.99192E-005 9.99192E-005 0.195456 9.99192E-005 9.99192E-005 0.151084 9.99192E-005 9.99192E-005 0.0204836 9.99192E-005
9.98832E-005 9.98832E-005 9.98832E-005 9.98832E-005 9.98832E-005 9.98832E-005 9.98832E-005 9.98832E-005 9.98832E-005 9.98832E-005 0.984071 9.98832E-005 9.98832E-005 9.98832E-005 0.0146305
0.0746802 9.99192E-005 0.676419 9.99192E-005 9.99192E-005 9.99192E-005 0.0116987 0.155569 9.99192E-005 0.00213023 0.0786034 9.99192E-005 9.99192E-005 9.99192E-005 9.99192E-005
9.98922E-005 9.98922E-005 9.98922E-005 9.98922E-005 9.98922E-005 9.98922E-005 9.98922E-005 0.80935 9.98922E-005 9.98922E-005 0.183648 0.00580252 9.98922E-005 9.98922E-005 9.98922E-005
9.99192E-005 0.034196 0.77864 9.99192E-005 9.99192E-005 0.00740353 0.000417916 9.99192E-005 0.0309303 9.99192E-005 0.147513 9.99192E-005 9.99192E-005 9.99192E-005 9.99192E-005
9.98832E-005 9.98832E-005 0.901401 9.98832E-005 9.98832E-005 9.98832E-005 9.98832E-005 9.98832E-005 9.98832E-005 9.98832E-005 0.0973007 9.98832E-005 9.98832E-005 9.98832E-005 9.98832E-005
9.99102E-005 9.99102E-005 0.182595 9.99102E-005 9.99102E-005 9.99102E-005 9.99102E-005 0.654936 9.99102E-005 0.022126 0.0797408 9.99102E-005 0.0596034 9.99102E-005 9.99102E-005
0.0110277 9.99282E-005 0.0819295 0.0637939 0.0120823 9.99282E-005 0.799364 9.99282E-005 0.00567535 9.99282E-005 9.99282E-005 0.0253283 9.99282E-005 9.99282E-005 9.99282E-005
9.98742E-005 9.98742E-005 9.98742E-005 9.98742E-005 9.98742E-005 9.98742E-005 0.998602 9.98742E-005 9.98742E-005 9.98742E-005 9.98742E-005 9.98742E-005 9.98742E-005 9.98742E-005 9.98742E-005
0.0590478 9.99283E-005 0.00336389 9.99283E-005 0.000183412 9.99283E-005 0.865444 9.99283E-005 0.0122619 9.99283E-005 0.0145017 9.99283E-005 9.99283E-005 0.0443976 9.99283E-005
0.086674 9.99103E-005 9.99103E-005 9.99103E-005 9.99103E-005 0.0345641 0.854736 9.99103E-005 9.99103E-005 0.0103743 9.99103E-005 9.99103E-005 9.99103E-005 9.99103E-005 0.0126524
0.114974 9.99282E-005 9.99282E-005 9.99282E-005 0.0194789 0.00337031 0.806959 0.0344773 9.99282E-005 0.0117981 0.00814299 9.99282E-005 9.99282E-005 9.99282E-005 9.99282E-005
9.98923E-005 9.98923E-005 9.98923E-005 9.98923E-005 9.98923E-005 0.0264858 0.964326 0.00798972 9.98923E-005 9.98923E-005 9.98923E-005 9.98923E-005 9.98923E-005 9.98923E-005 9.98923E-005
0.169812 9.99103E-005 0.020624 9.99103E-005 9.99103E-005 0.0372072 0.770679 9.99103E-005 9.99103E-005 0.000678203 9.99103E-005 9.99103E-005 9.99103E-005 9.99103E-005 9.99103E-005
0.034862 9.99282E-005 9.99282E-005 9.99282E-005 9.99282E-005 0.11572 0.700874 0.0935932 9.99282E-005 0.00469845 0.00332805 9.99282E-005 0.0461244 9.99282E-005 9.99282E-005
0.0338185 9.99013E-005 9.99013E-005 9.99013E-005 9.99013E-005 0.0314031 0.923804 9.99013E-005 9.99013E-005 9.99013E-005 0.00987583 9.99013E-005 9.99013E-005 9.99013E-005 9.99013E-005
9.99193E-005 0.257129 9.99193E-005 0.0361317 9.99193E-005 9.99193E-005 0.136585 9.99193E-005 0.0683383 9.99193E-005 0.0404946 9.99193E-005 0.460422 9.99193E-005 9.99193E-005
9.98702E-005 9.98702E-005 9.98702E-005 9.98702E-005 9.98702E-005 9.98702E-005 9.98702E-005 9.98702E-005 9.98702E-005 0.998602 9.98702E-005 9.98702E-005 9.98702E-005 9.98702E-005 9.98702E-005
9.98922E-005 9.98922E-005 9.98922E-005 9.98922E-005 9.98922E-005 9.98922E-005 0.0255375 9.98922E-005 9.98922E-005 0.0101931 9.98922E-005 9.98922E-005 9.98922E-005 9.98922E-005 0.963071
0.0546419 9.98924E-005 9.98924E-005 9.98924E-005 0.00678184 9.98924E-005 9.98924E-005 9.98924E-005 9.98924E-005 9.98924E-005 9.98924E-005 9.98924E-005 0.937378 9.98924E-005 9.98924E-005
9.9883E-005 9.9883E-005 9.9883E-005 9.9883E-005 9.9883E-005 9.9883E-005 9.9883E-005 9.9883E-005 9.9883E-005 9.9883E-005 9.9883E-005 9.9883E-005 0.274965 9.9883E-005 0.723737
9.98923E-005 9.98923E-005 9.98923E-005 9.98923E-005 9.98923E-005 0.0199607 9.98923E-005 9.98923E-005 9.98923E-005 9.98923E-005 0.0237138 9.98923E-005 0.955127 9.98923E-005 9.98923E-005
9.99372E-005 0.0672319 0.0101486 9.99372E-005 0.00928927 0.0268511 9.99372E-005 0.0813649 0.0197823 9.99372E-005 9.99372E-005 9.99372E-005 0.767682 0.0169504 9.99372E-005
9.99461E-005 0.0569114 9.99461E-005 0.0411201 9.99461E-005 0.0083335 0.106141 9.99461E-005 9.99461E-005 0.0130082 0.0301498 0.0187208 0.72034 9.99461E-005 0.00467616
9.99104E-005 9.99104E-005 0.00235074 0.0292815 9.99104E-005 0.0137655 9.99104E-005 9.99104E-005 0.0549841 9.99104E-005 9.99104E-005 9.99104E-005 0.898619 9.99104E-005 9.99104E-005
9.99013E-005 9.99013E-005 9.99013E-005 0.0202302 9.99013E-005 9.99013E-005 0.000460811 9.99013E-005 9.99013E-005 9.99013E-005 9.99013E-005 0.00642534 0.971785 9.99013E-005 9.99013E-005
0.0883098 9.99191E-005 9.99191E-005 9.99191E-005 0.0326295 9.99191E-005 9.99191E-005 9.99191E-005 9.99191E-005 9.99191E-005 0.0479884 0.0349203 0.773585 0.0216675 9.99191E-005
9.99013E-005 9.99013E-005 9.99013E-005 0.043089 0.00986136 9.99013E-005 9.99013E-005 9.99013E-005 9.99013E-005 9.99013E-005 9.99013E-005 9.99013E-005 0.945214 9.99013E-005 0.000736334
9.98833E-005 9.98833E-005 9.98833E-005 9.98833E-005 9.98833E-005 9.98833E-005 9.98833E-005 9.98833E-005 9.98833E-005 9.98833E-005 9.98833E-005 0.0273985 0.971303 9.98833E-005 9.98833E-005
9.98833E-005 9.98833E-005 9.98833E-005 9.98833E-005 9.98833E-005 9.98833E-005 9.98833E-005 0.0351185 9.98833E-005 9.98833E-005 9.98833E-005 9.98833E-005 0.963583 9.98833E-005 9.98833E-005
9.99192E-005 0.938161 0.0398893 9.99192E-005 0.00359879 9.99192E-005 9.99192E-005 9.99192E-005 0.00254809 9.99192E-005 0.00831562 0.00658814 9.99192E-005 9.99192E-005 9.99192E-005
9.98923E-005 0.861328 0.11104 9.98923E-005 0.0264334 9.98923E-005 9.98923E-005 9.98923E-005 9.98923E-005 9.98923E-005 9.98923E-005 9.98923E-005 9.98923E-005 9.98923E-005 9.98923E-005
0.00213767 0.844868 9.99372E-005 0.00969558 9.99372E-005 0.0259548 0.0120068 9.99372E-005 9.99372E-005 9.99372E-005 0.00276113 9.99372E-005 0.0135932 0.0882833 9.99372E-005
9.98743E-005 9.98743E-005 9.98743E-005 9.98743E-005 9.98743E-005 9.98743E-005 9.98743E-005 9.98743E-005 9.98743E-005 9.98743E-005 9.98743E-005 9.98743E-005 9.98743E-005 0.998602 9.98743E-005
9.99012E-005 9.99012E-005 9.99012E-005 9.99012E-005 0.0446234 9.99012E-005 9.99012E-005 9.99012E-005 0.112978 9.99012E-005 0.0161872 9.99012E-005 9.99012E-005 0.825113 9.99012E-005
9.98835E-005 9.98835E-005 9.98835E-005 9.98835E-005 0.980833 0.0178685 9.98835E-005 9.98835E-005 9.98835E-005 9.98835E-005 9.98835E-005 9.98835E-005 9.98835E-005 9.98835E-005 9.98835E-005
9.98742E-005 9.98742E-005 9.98742E-005 9.98742E-005 0.998602 9.98742E-005 9.98742E-005 9.98742E-005 9.98742E-005 9.98742E-005 9.98742E-005 9.98742E-005 9.98742E-005 9.98742E-005 9.98742E-005
9.99193E-005 9.99193E-005 0.0245933 9.99193E-005 0.121825 0.00723548 0.00627947 9.99193E-005 9.99193E-005 9.99193E-005 9.99193E-005 9.99193E-005 0.0273524 0.811815 9.99193E-005
9.99012E-005 9.99012E-005 9.99012E-005 9.99012E-005 0.0372886 9.99012E-005 9.99012E-005 9.99012E-005 9.99012E-005 9.99012E-005 9.99012E-005 0.0272889 0.0115608 0.922763 9.99012E-005
0.0507463 9.99013E-005 9.99013E-005 9.99013E-005 0.934412 9.99013E-005 9.99013E-005 0.00152826 9.99013E-005 9.99013E-005 9.99013E-005 9.99013E-005 9.99013E-005 0.0122145 9.99013E-005
9.98743E-005 9.98743E-005 9.98743E-005 9.98743E-005 0.998602 9.98743E-005 9.98743E-005 9.98743E-005 9.98743E-005 9.98743E-005 9.98743E-005 9.98743E-005 9.98743E-005 9.98743E-005 9.98743E-005
9.98833E-005 9.98833E-005 9.98833E-005 9.98833E-005 9.98833E-005 9.98833E-005 9.98833E-005 9.98833E-005 9.98833E-005 0.00247887 9.98833E-005 9.98833E-005 9.98833E-005 0.996223 9.98833E-005
9.98834E-005 9.98834E-005 9.98834E-005 9.98834E-005 0.962832 9.98834E-005 9.98834E-005 9.98834E-005 9.98834E-005 9.98834E-005 9.98834E-005 9.98834E-005 0.0358694 9.98834E-005 9.98834E-005
9.99012E-005 0.00128372 9.99012E-005 9.99012E-005 0.91206 9.99012E-005 9.99012E-005 9.99012E-005 9.99012E-005 0.0129893 9.99012E-005 9.99012E-005 9.99012E-005 0.0725684 9.99012E-005
9.98916E-005 9.98916E-005 9.98916E-005 9.98916E-005 0.996305 9.98916E-005 9.98916E-005 9.98916E-005 0.0023966 9.98916E-005 9.98916E-005 9.98916E-005 9.98916E-005 9.98916E-005 9.98916E-005
9.98923E-005 9.98923E-005 9.98923E-005 9.98923E-005 0.855944 9.98923E-005 9.98923E-005 9.98923E-005 9.98923E-005 9.98923E-005 9.98923E-005 0.00120238 9.98923E-005 0.141655 9.98923E-005
9.98922E-005 9.98922E-005 9.98922E-005 9.98922E-005 0.953972 9.98922E-005 9.98922E-005 9.98922E-005 0.0144214 9.98922E-005 0.0304081 9.98922E-005 9.98922E-005 9.98922E-005 9.98922E-005
0.00701541 9.98924E-005 0.981124 9.98924E-005 9.98924E-005 0.0106618 9.98924E-005 9.98924E-005 9.98924E-005 9.98924E-005 9.98924E-005 9.98924E-005 9.98924E-005 9.98924E-005 9.98924E-005
0.0481795 9.99192E-005 9.99192E-005 0.00229826 9.99192E-005 9.99192E-005 0.904461 9.99192E-005 9.99192E-005 0.00145586 0.00933717 9.99192E-005 9.99192E-005 0.0333691 9.99192E-005
9.98833E-005 9.98833E-005 9.98833E-005 9.98833E-005 9.98833E-005 9.98833E-005 0.960358 9.98833E-005 9.98833E-005 9.98833E-005 0.0383432 9.98833E-005 9.98833E-005 9.98833E-005 9.98833E-005
9.99013E-005 0.00723542 9.99013E-005 9.99013E-005 0.0315499 0.00943113 9.99013E-005 9.99013E-005 0.950685 9.99013E-005 9.99013E-005 9.99013E-005 9.99013E-005 9.99013E-005 9.99013E-005
9.99013E-005 9.99013E-005 9.99013E-005 9.99013E-005 0.0519245 9.99013E-005 9.99013E-005 9.99013E-005 0.921852 9.99013E-005 9.99013E-005 0.00847155 9.99013E-005 9.99013E-005 0.016653
9.99014E-005 9.99014E-005 9.99014E-005 9.99014E-005 0.00404957 9.99014E-005 9.99014E-005 9.99014E-005 0.883585 9.99014E-005 9.99014E-005 0.0700874 9.99014E-005 0.0411789 9.99014E-005
0.0369306 9.98923E-005 9.98923E-005 9.98923E-005 9.98923E-005 9.98923E-005 9.98923E-005 9.98923E-005 0.872722 9.98923E-005 9.98923E-005 0.0891483 9.98923E-005 9.98923E-005 9.98923E-005
9.99283E-005 0.0233563 0.00827903 9.99283E-005 0.0104362 9.99283E-005 9.99283E-005 9.99283E-005 0.802411 9.99283E-005 9.99283E-005 0.120838 0.0250862 9.99283E-005 0.00879374
9.99012E-005 9.99012E-005 9.99012E-005 9.99012E-005 9.99012E-005 9.99012E-005 9.99012E-005 9.99012E-005 0.8315 9.99012E-005 0.0194783 0.0533809 9.99012E-005 0.0945415 9.99012E-005
9.99104E-005 9.99104E-005 9.99104E-005 9.99104E-005 9.99104E-005 9.99104E-005 9.99104E-005 9.99104E-005 0.801457 9.99104E-005 0.0466418 0.111543 9.99104E-005 0.033614 0.00574542
9.99372E-005 0.00749049 9.99372E-005 0.00139059 0.00050184 0.0303007 9.99372E-005 9.99372E-005 0.727479 9.99372E-005 9.99372E-005 0.169933 0.0609589 9.99372E-005 0.00124622
9.99013E-005 9.99013E-005 9.99013E-005 9.99013E-005 9.99013E-005 0.0139834 9.99013E-005 0.0679658 0.893733 9.99013E-005 9.99013E-005 0.0232192 9.99013E-005 9.99013E-005 9.99013E-005
9.99102E-005 9.99102E-005 9.99102E-005 0.0216256 9.99102E-005 9.99102E-005 9.99102E-005 9.99102E-005 0.858804 0.00897538 9.99102E-005 0.0595136 0.0500828 9.99102E-005 9.99102E-005
0.0286349 9.98924E-005 9.98924E-005 9.98924E-005 9.98924E-005 9.98924E-005 9.98924E-005 9.98924E-005 0.924406 9.98924E-005 9.98924E-005 0.0457604 9.98924E-005 9.98924E-005 9.98924E-005
9.99282E-005 9.99282E-005 9.99282E-005 9.99282E-005 9.99282E-005 9.99282E-005 9.99282E-005 0.020636 0.800782 0.00662409 9.99282E-005 0.0803209 0.0378558 0.0175003 0.0354813
9.99081E-005 9.99081E-005 9.99081E-005 9.99081E-005 9.99081E-005 9.99081E-005 9.99081E-005 9.99081E-005 0.901724 9.99081E-005 9.99081E-005 0.00550007 0.055904 0.0357729 9.99081E-005
9.98923E-005 9.98923E-005 9.98923E-005 9.98923E-005 0.0368397 9.98923E-005 9.98923E-005 9.98923E-005 0.862474 9.98923E-005 9.98923E-005 0.0994876 9.98923E-005 9.98923E-005 9.98923E-005
9.98923E-005 0.0749198 9.98923E-005 9.98923E-005 9.98923E-005 9.98923E-005 9.98923E-005 9.98923E-005 0.818186 9.98923E-005 9.98923E-005 0.105695 9.98923E-005 9.98923E-005 9.98923E-005
0.0682946 9.99102E-005 9.99102E-005 9.99102E-005 9.99102E-005 9.99102E-005 9.99102E-005 9.99102E-005 0.77107 9.99102E-005 0.00904103 0.115697 9.99102E-005 9.99102E-005 0.0348985
9.99103E-005 9.99103E-005 9.99103E-005 9.99103E-005 0.0354536 9.99103E-005 9.99103E-005 9.99103E-005 0.887855 9.99103E-005 9.99103E-005 0.0388189 9.99103E-005 0.0262653 0.0106079
9.99192E-005 9.99192E-005 9.99192E-005 9.99192E-005 0.00158926 9.99192E-005 0.0440639 0.0165337 0.843117 9.99192E-005 9.99192E-005 0.086701 9.99192E-005 9.99192E-005 0.00709564
9.99104E-005 9.99104E-005 9.99104E-005 9.99104E-005 9.99104E-005 9.99104E-005 9.99104E-005 9.99104E-005 0.887529 0.00207672 9.99104E-005 0.0842461 9.99104E-005 0.0234984 0.00165023
9.99192E-005 9.99192E-005 0.0405878 9.99192E-005 9.99192E-005 9.99192E-005 9.99192E-005 0.0275501 0.716701 0.00519499 9.99192E-005 0.155205 9.99192E-005 0.0538619 9.99192E-005
9.99193E-005 9.99193E-005 9.99193E-005 9.99193E-005 0.00150019 9.99193E-005 9.99193E-005 0.0220315 0.845758 0.00137065 9.99193E-005 0.109306 9.99193E-005 0.0191345 9.99193E-005
0.0649728 9.99013E-005 9.99013E-005 0.0104505 9.99013E-005 9.99013E-005 9.99013E-005 9.99013E-005 0.918037 9.99013E-005 9.99013E-005 9.99013E-005 9.99013E-005 9.99013E-005 0.00544059
9.99102E-005 9.99102E-005 9.99102E-005 0.0219976 9.99102E-005 0.00474473 9.99102E-005 9.99102E-005 0.825147 9.99102E-005 9.99102E-005 0.121381 9.99102E-005 9.99102E-005 0.0257301
9.99192E-005 0.0489054 9.99192E-005 9.99192E-005 9.99192E-005 9.99192E-005 9.99192E-005 9.99192E-005 0.767662 9.99192E-005 0.023738 0.075586 0.0589569 9.99192E-005 0.0242525
9.98923E-005 0.0485249 9.98923E-005 9.98923E-005 9.98923E-005 9.98923E-005 9.98923E-005 9.98923E-005 0.878915 9.98923E-005 9.98923E-005 0.0713617 9.98923E-005 9.98923E-005 9.98923E-005
9.99371E-005 0.0289823 9.99371E-005 0.0129687 9.99371E-005 9.99371E-005 9.99371E-005 9.99371E-005 0.852217 0.00994678 0.0184765 0.0496362 0.000405974 9.99371E-005 0.0266674
9.98922E-005 0.0271264 9.98922E-005 9.98922E-005 0.00087279 9.98922E-005 9.98922E-005 9.98922E-005 9.98922E-005 9.98922E-005 9.98922E-005 9.98922E-005 9.98922E-005 0.970802 9.98922E-005
9.99011E-005 9.99011E-005 0.199885 9.99011E-005 9.99011E-005 9.99011E-005 9.99011E-005 0.0637788 9.99011E-005 9.99011E-005 9.99011E-005 9.99011E-005 9.99011E-005 0.690071 0.045166
9.99193E-005 9.99193E-005 0.00500084 9.99193E-005 9.99193E-005 9.99193E-005 0.0140201 9.99193E-005 0.125158 9.99193E-005 0.00274623 9.99193E-005 0.0234076 0.828768 9.99193E-005
0.764929 9.99192E-005 0.153672 0.0120552 0.0401097 9.99192E-005 0.0241153 9.99192E-005 9.99192E-005 0.00421916 9.99192E-005 9.99192E-005 9.99192E-005 9.99192E-005 9.99192E-005
0.998602 9.98739E-005 9.98739E-005 9.98739E-005 9.98739E-005 9.98739E-005 9.98739E-005 9.98739E-005 9.98739E-005 9.98739E-005 9.98739E-005 9.98739E-005 9.98739E-005 9.98739E-005 9.98739E-005
0.933148 0.0206475 9.99013E-005 9.99013E-005 9.99013E-005 9.99013E-005 0.0237486 9.99013E-005 9.99013E-005 9.99013E-005 9.99013E-005 9.99013E-005 0.0213575 9.99013E-005 9.99013E-005
0.991565 9.98832E-005 9.98832E-005 9.98832E-005 9.98832E-005 9.98832E-005 9.98832E-005 9.98832E-005 9.98832E-005 9.98832E-005 0.0071367 9.98832E-005 9.98832E-005 9.98832E-005 9.98832E-005
0.917584 9.98923E-005 9.98923E-005 9.98923E-005 9.98923E-005 0.00755769 0.0736597 9.98923E-005 9.98923E-005 9.98923E-005 9.98923E-005 9.98923E-005 9.98923E-005 9.98923E-005 9.98923E-005
0.998602 9.98743E-005 9.98743E-005 9.98743E-005 9.98743E-005 9.98743E-005 9.98743E-005 9.98743E-005 9.98743E-005 9.98743E-005 9.98743E-005 9.98743E-005 9.98743E-005 9.98743E-005 9.98743E-005
0.503438 0.00563136 9.99551E-005 0.105802 0.0111838 9.99551E-005 0.208077 0.0877276 9.99551E-005 0.0183849 0.0405439 9.99551E-005 0.0176663 9.99551E-005 0.00104528
9.9874E-005 9.9874E-005 9.9874E-005 9.9874E-005 9.9874E-005 0.998602 9.9874E-005 9.9874E-005 9.9874E-005 9.9874E-005 9.9874E-005 9.9874E-005 9.9874E-005 9.9874E-005 9.9874E-005
9.9874E-005 9.9874E-005 9.9874E-005 9.9874E-005 9.9874E-005 0.998602 9.9874E-005 9.9874E-005 9.9874E-005 9.9874E-005 9.9874E-005 9.9874E-005 9.9874E-005 9.9874E-005 9.9874E-005
0.0121088 9.99461E-005 0.0660779 0.0111887 0.00494435 0.157335 0.675398 9.99461E-005 9.99461E-005 0.00150774 0.0667849 0.00405547 9.99461E-005 9.99461E-005 9.99461E-005
0.102317 9.99103E-005 0.442388 9.99103E-005 9.99103E-005 9.99103E-005 0.0110437 9.99103E-005 0.330346 9.99103E-005 9.99103E-005 0.112906 9.99103E-005 9.99103E-005 9.99103E-005
0.0398646 9.99641E-005 9.99641E-005 0.378174 9.99641E-005 0.0163291 0.0177315 0.242504 0.0145255 0.00562369 0.0318848 0.0063434 0.181333 9.99641E-005 0.0652872
9.9892E-005 9.9892E-005 9.9892E-005 0.0829531 9.9892E-005 9.9892E-005 9.9892E-005 9.9892E-005 9.9892E-005 9.9892E-005 0.0223584 9.9892E-005 9.9892E-005 9.9892E-005 0.89349
9.98923E-005 0.949351 9.98923E-005 9.98923E-005 9.98923E-005 9.98923E-005 9.98923E-005 9.98923E-005 0.0417393 9.98923E-005 9.98923E-005 0.00771051 9.98923E-005 9.98923E-005 9.98923E-005
9.98923E-005 0.927101 9.98923E-005 0.0399302 0.0317697 9.98923E-005 9.98923E-005 9.98923E-005 9.98923E-005 9.98923E-005 9.98923E-005 9.98923E-005 9.98923E-005 9.98923E-005 9.98923E-005
9.98918E-005 9.98918E-005 9.98918E-005 9.98918E-005 9.98918E-005 9.98918E-005 9.98918E-005 9.98918E-005 0.0584631 9.98918E-005 9.98918E-005 0.0160962 9.98918E-005 9.98918E-005 0.924242
9.99193E-005 9.99193E-005 0.00446687 9.99193E-005 9.99193E-005 0.00382452 9.99193E-005 9.99193E-005 0.747489 9.99193E-005 9.99193E-005 0.146648 0.0321075 0.0645645 9.99193E-005
9.98923E-005 9.98923E-005 9.98923E-005 9.98923E-005 9.98923E-005 0.00861512 9.98923E-005 9.98923E-005 0.113367 9.98923E-005 9.98923E-005 0.87682 9.98923E-005 9.98923E-005 9.98923E-005
9.99192E-005 9.99192E-005 0.0498466 9.99192E-005 9.99192E-005 9.99192E-005 9.99192E-005 9.99192E-005 0.665255 0.00369739 9.99192E-005 0.171747 9.99192E-005 0.0647661 0.0437886
9.98739E-005 9.98739E-005 9.98739E-005 9.98739E-005 9.98739E-005 9.98739E-005 9.98739E-005 9.98739E-005 9.98739E-005 9.98739E-005 9.98739E-005 0.998602 9.98739E-005 9.98739E-005 9.98739E-005
9.99102E-005 9.99102E-005 0.0213224 9.99102E-005 9.99102E-005 9.99102E-005 9.99102E-005 9.99102E-005 0.879256 0.00388886 9.99102E-005 0.0403099 0.0542236 9.99102E-005 9.99102E-005
9.99282E-005 0.0374006 9.99282E-005 9.99282E-005 0.0219073 0.00833466 9.99282E-005 9.99282E-005 0.859535 9.99282E-005 9.99282E-005 0.0607583 9.99282E-005 0.0104927 0.00077173
0.0140399 9.99193E-005 9.99193E-005 9.99193E-005 0.00829477 9.99193E-005 0.0195793 9.99193E-005 0.911313 9.99193E-005 9.99193E-005 0.0331444 9.99193E-005 0.0127292 9.99193E-005
9.98739E-005 9.98739E-005 9.98739E-005 9.98739E-005 9.98739E-005 9.98739E-005 9.98739E-005 9.98739E-005 9.98739E-005 9.98739E-005 9.98739E-005 0.998602 9.98739E-005 9.98739E-005 9.98739E-005
9.99192E-005 9.99192E-005 0.0217337 9.99192E-005 9.99192E-005 0.0257986 9.99192E-005 9.99192E-005 0.79651 9.99192E-005 9.99192E-005 0.0973626 9.99192E-005 0.0400389 0.0176568
9.99014E-005 9.99014E-005 9.99014E-005 9.99014E-005 9.99014E-005 9.99014E-005 9.99014E-005 9.99014E-005 0.839317 9.99014E-005 9.99014E-005 0.0563528 9.99014E-005 0.0979478 0.00528356
9.99104E-005 0.00293284 0.0337713 9.99104E-005 9.99104E-005 0.010887 9.99104E-005 9.99104E-005 0.860958 9.99104E-005 9.99104E-005 0.0904522 9.99104E-005 9.99104E-005 9.99104E-005
9.99102E-005 9.99102E-005 0.0541733 9.99102E-005 0.00534854 9.99102E-005 9.99102E-005 9.99102E-005 0.868997 9.99102E-005 9.99102E-005 0.0556833 9.99102E-005 0.0147983 9.99102E-005
9.99192E-005 9.99192E-005 0.0106887 9.99192E-005 9.99192E-005 0.0160047 9.99192E-005 0.0565085 0.774583 9.99192E-005 9.99192E-005 0.101563 9.99192E-005 0.0397534 9.99192E-005
9.99013E-005 9.99013E-005 0.0418419 9.99013E-005 9.99013E-005 9.99013E-005 9.99013E-005 9.99013E-005 0.908886 9.99013E-005 0.0102572 0.0379165 9.99013E-005 9.99013E-005 9.99013E-005
9.99192E-005 9.99192E-005 9.99192E-005 9.99192E-005 9.99192E-005 0.00667765 9.99192E-005 0.00218196 0.695172 9.99192E-005 9.99192E-005 0.196027 0.0673638 9.99192E-005 0.0316783
0.15479 9.99103E-005 9.99103E-005 9.99103E-005 0.0350851 9.99103E-005 9.99103E-005 0.791334 9.99103E-005 9.99103E-005 0.0136382 0.00415376 9.99103E-005 9.99103E-005 9.99103E-005
9.98742E-005 9.98742E-005 9.98742E-005 9.98742E-005 9.98742E-005 9.98742E-005 9.98742E-005 0.998602 9.98742E-005 9.98742E-005 9.98742E-005 9.98742E-005 9.98742E-005 9.98742E-005 9.98742E-005
9.99192E-005 9.99192E-005 9.99192E-005 0.0693027 9.99192E-005 0.00313967 0.0735672 0.817577 9.99192E-005 9.99192E-005 0.0287569 9.99192E-005 9.99192E-005 0.00675759 9.99192E-005
9.98834E-005 9.98834E-005 9.98834E-005 9.98834E-005 9.98834E-005 0.150205 0.848496 9.98834E-005 9.98834E-005 9.98834E-005 9.98834E-005 9.98834E-005 9.98834E-005 9.98834E-005 9.98834E-005
9.98923E-005 9.98923E-005 9.98923E-005 9.98923E-005 9.98923E-005 0.131569 0.845043 9.98923E-005 9.98923E-005 9.98923E-005 0.0221889 9.98923E-005 9.98923E-005 9.98923E-005 9.98923E-005
9.99014E-005 9.99014E-005 0.0379123 9.99014E-005 9.99014E-005 0.0313725 0.901375 9.99014E-005 9.99014E-005 9.99014E-005 9.99014E-005 9.99014E-005 0.0282412 9.99014E-005 9.99014E-005
0.0211163 9.99013E-005 9.99013E-005 9.99013E-005 9.99013E-005 9.99013E-005 0.910278 9.99013E-005 9.99013E-005 9.99013E-005 0.0470862 9.99013E-005 0.0204204 9.99013E-005 9.99013E-005
9.98834E-005 0.99346 9.98834E-005 9.98834E-005 9.98834E-005 0.00524196 9.98834E-005 9.98834E-005 9.98834E-005 9.98834E-005 9.98834E-005 9.98834E-005 9.98834E-005 9.98834E-005 9.98834E-005
9.98743E-005 0.998602 9.98743E-005 9.98743E-005 9.98743E-005 9.98743E-005 9.98743E-005 9.98743E-005 9.98743E-005 9.98743E-005 9.98743E-005 9.98743E-005 9.98743E-005 9.98743E-005 9.98743E-005
0.0122361 0.896503 0.0579099 9.99103E-005 9.99103E-005 9.99103E-005 0.00300585 9.99103E-005 9.99103E-005 9.99103E-005 9.99103E-005 9.99103E-005 9.99103E-005 0.0293457 9.99103E-005
0.0415427 9.99013E-005 9.99013E-005 9.99013E-005 9.99013E-005 0.0286282 9.99013E-005 0.924326 9.99013E-005 0.00440395 9.99013E-005 9.99013E-005 9.99013E-005 9.99013E-005 9.99013E-005
9.99103E-005 9.99103E-005 0.243918 9.99103E-005 9.99103E-005 0.0332633 9.99103E-005 0.70621 9.99103E-005 0.00494406 9.99103E-005 9.99103E-005 9.99103E-005 0.0106655 9.99103E-005
9.99012E-005 9.99012E-005 0.796314 0.108585 9.99012E-005 9.99012E-005 9.99012E-005 9.99012E-005 0.080242 9.99012E-005 9.99012E-005 9.99012E-005 0.0137602 9.99012E-005 9.99012E-005
9.99012E-005 0.0496611 0.903693 9.99012E-005 9.99012E-005 9.99012E-005 9.99012E-005 9.99012E-005 0.039207 9.99012E-005 9.99012E-005 9.99012E-005 9.99012E-005 9.99012E-005 0.00633986
