0.0158677 9.99731E-005 9.99731E-005 0.955101 0.00888808 0.011261 9.99731E-005 0.00858204
9.994E-005 9.994E-005 9.994E-005 0.9993 9.994E-005 9.994E-005 9.994E-005 9.994E-005
0.0154824 9.99551E-005 9.99551E-005 0.94454 9.99551E-005 9.99551E-005 9.99551E-005 0.0394777
0.103918 0.0391238 9.99731E-005 0.70628 9.99731E-005 9.99731E-005 0.136635 0.0137432
0.0847895 9.99551E-005 9.99551E-005 0.913438 9.99551E-005 9.99551E-005 9.99551E-005 0.00127247
9.994E-005 9.994E-005 9.994E-005 0.9993 9.994E-005 9.994E-005 9.994E-005 9.994E-005
9.99461E-005 9.99461E-005 9.99461E-005 0.989336 9.99461E-005 9.99461E-005 9.99461E-005 0.0100644
0.0420847 0.0631149 9.9982E-005 0.768195 0.0130339 0.0298821 0.0834894 9.9982E-005
9.9964E-005 0.0720598 0.0617543 0.824315 9.9964E-005 9.9964E-005 0.0414713 9.9964E-005
9.99551E-005 0.0947241 0.0851797 0.819596 9.99551E-005 9.99551E-005 9.99551E-005 9.99551E-005
9.99551E-005 9.99551E-005 0.0471586 0.885041 0.0673009 9.99551E-005 9.99551E-005 9.99551E-005
0.173146 0.0994224 9.99641E-005 0.631109 9.99641E-005 9.99641E-005 9.99641E-005 0.0959231
0.103274 0.0985891 9.9991E-005 0.665457 0.00834606 0.0141976 0.0978867 0.0121496
0.192509 9.99731E-005 0.0562955 0.707423 9.99731E-005 0.0314268 0.0120455 9.99731E-005
0.0801289 0.196657 9.99821E-005 0.402828 0.0735442 0.0560161 0.190626 9.99821E-005
0.0888712 0.281218 9.99821E-005 0.538394 9.99821E-005 0.00202158 0.0757786 0.0135167
0.193558 0.171523 9.99731E-005 0.562224 9.99731E-005 9.99731E-005 0.0665688 0.00582698
0.215026 0.209134 9.9982E-005 0.530815 0.0418513 0.000309354 9.9982E-005 0.00266366
0.0910724 0.223267 9.99641E-005 0.0840512 9.99641E-005 9.99641E-005 9.99641E-005 0.60121
9.99551E-005 0.808422 9.99551E-005 0.0382401 9.99551E-005 9.99551E-005 9.99551E-005 0.152838
9.99461E-005 0.811537 9.99461E-005 9.99461E-005 9.99461E-005 9.99461E-005 9.99461E-005 0.187864
0.00396586 0.547623 0.0247317 0.0641907 0.00406274 9.9982E-005 9.9982E-005 0.355226
9.99641E-005 0.794096 0.0171605 9.99641E-005 0.0405768 9.99641E-005 9.99641E-005 0.147766
9.994E-005 9.994E-005 9.994E-005 9.994E-005 9.994E-005 9.994E-005 9.994E-005 0.9993
9.994E-005 9.994E-005 9.994E-005 9.994E-005 9.994E-005 9.994E-005 9.994E-005 0.9993
9.994E-005 9.994E-005 9.994E-005 9.994E-005 9.994E-005 9.994E-005 9.994E-005 0.9993
0.0873883 0.680992 0.0325912 9.99731E-005 9.99731E-005 9.99731E-005 0.0398945 0.158835
9.99461E-005 0.207345 9.99461E-005 9.99461E-005 9.99461E-005 9.99461E-005 9.99461E-005 0.792055
9.99551E-005 0.855094 9.99551E-005 9.99551E-005 0.0172017 9.99551E-005 9.99551E-005 0.127205
9.994E-005 9.994E-005 9.994E-005 9.994E-005 9.994E-005 9.994E-005 9.994E-005 0.9993
9.996E-005 0.603228 9.996E-005 0.0934256 9.996E-005 9.996E-005 0.0345677 0.268379
9.994E-005 9.994E-005 9.994E-005 9.994E-005 9.994E-005 9.994E-005 9.994E-005 0.9993
0.0349288 0.767397 9.99551E-005 9.99551E-005 9.99551E-005 9.99551E-005 9.99551E-005 0.197174
9.99731E-005 0.624436 0.0194155 0.000560095 9.99731E-005 0.000772129 9.99731E-005 0.354516
0.0476692 0.651135 0.0374918 9.99731E-005 9.99731E-005 0.00849331 9.99731E-005 0.254911
9.99551E-005 0.749849 9.99551E-005 0.0135799 9.99551E-005 9.99551E-005 9.99551E-005 0.236071
9.9982E-005 0.649845 0.00171942 0.0447069 0.0364324 9.9982E-005 0.0426823 0.224414
0.778277 0.068877 0.0438813 0.0973773 9.99731E-005 0.011287 9.99731E-005 9.99731E-005
0.993082 9.99551E-005 9.99551E-005 9.99551E-005 0.0060675 9.99551E-005 9.99551E-005 0.000350959
0.867416 9.99777E-005 0.028005 0.0309127 9.99777E-005 0.0353864 9.99777E-005 0.0379801
0.912862 0.0447104 9.99641E-005 0.00592925 0.0360988 9.99641E-005 9.99641E-005 9.99641E-005
0.903455 0.0222782 9.99731E-005 9.99731E-005 9.99731E-005 0.0303803 0.00366599 0.039921
0.984027 9.99551E-005 9.99551E-005 9.99551E-005 9.99551E-005 9.99551E-005 0.000838335 0.0146346
0.91137 0.0880305 9.99461E-005 9.99461E-005 9.99461E-005 9.99461E-005 9.99461E-005 9.99461E-005
0.868526 0.0159523 9.99731E-005 0.0101884 9.99731E-005 9.99731E-005 0.0770103 0.0280234
0.982594 9.99461E-005 9.99461E-005 9.99461E-005 9.99461E-005 9.99461E-005 9.99461E-005 0.0168058
0.0972564 9.99731E-005 0.0651159 0.11928 9.99731E-005 9.99731E-005 0.668945 0.0491033
9.994E-005 9.994E-005 9.994E-005 9.994E-005 0.9993 9.994E-005 9.994E-005 9.994E-005
0.0565285 9.99548E-005 0.0249826 9.99548E-005 0.917989 9.99548E-005 9.99548E-005 9.99548E-005
0.0620996 9.99641E-005 9.99641E-005 0.0628102 9.99641E-005 0.00316959 0.871521 9.99641E-005
9.99548E-005 9.99548E-005 0.10554 9.99548E-005 0.572773 9.99548E-005 0.321187 9.99548E-005
9.99551E-005 9.99551E-005 9.99551E-005 0.0349811 9.99551E-005 9.99551E-005 0.926654 0.037865
0.0570563 0.0768991 0.0173228 9.9982E-005 9.9982E-005 0.0138294 0.820483 0.0142098
0.136751 9.9973E-005 9.9973E-005 0.065985 0.0187401 9.9973E-005 0.744149 0.0340746
9.99552E-005 9.99552E-005 0.038926 0.135766 9.99552E-005 9.99552E-005 0.824809 9.99552E-005
0.0251078 9.99551E-005 9.99551E-005 0.0856616 9.99551E-005 9.99551E-005 0.888731 9.99551E-005
0.0945279 9.9982E-005 0.0334886 0.0244724 9.9982E-005 0.0450587 0.746181 0.0560717
9.99641E-005 9.99641E-005 9.99641E-005 0.136839 0.0247904 0.00805336 0.829917 9.99641E-005
9.99461E-005 9.99461E-005 9.99461E-005 0.00966848 9.99461E-005 9.99461E-005 0.989732 9.99461E-005
9.99461E-005 0.0368488 9.99461E-005 9.99461E-005 9.99461E-005 9.99461E-005 0.962551 9.99461E-005
9.99731E-005 0.112392 0.0414004 9.99731E-005 9.99731E-005 0.178179 0.631502 0.0362265
9.99551E-005 0.198139 9.99551E-005 9.99551E-005 9.99551E-005 0.205403 0.595958 9.99551E-005
0.0871244 0.0159445 0.0107562 0.000641481 9.9991E-005 0.180514 0.683738 0.0211818
9.99821E-005 0.00110832 0.193661 9.99821E-005 0.0288956 0.555379 0.207527 0.0132288
9.99641E-005 9.99641E-005 0.323989 9.99641E-005 9.99641E-005 0.464524 0.169096 0.0419905
0.00294105 9.99551E-005 9.99551E-005 9.99551E-005 9.99551E-005 0.993695 0.00286457 9.99551E-005
9.994E-005 9.994E-005 9.994E-005 9.994E-005 9.994E-005 0.9993 9.994E-005 9.994E-005
0.00125055 0.064075 0.169528 9.9982E-005 9.9982E-005 0.533008 0.228118 0.00382033
9.99551E-005 9.99551E-005 0.236723 9.99551E-005 9.99551E-005 0.509735 0.253043 9.99551E-005
0.00311668 0.0241599 9.99551E-005 9.99551E-005 9.99551E-005 0.972224 9.99551E-005 9.99551E-005
9.994E-005 9.994E-005 9.994E-005 9.994E-005 9.994E-005 0.9993 9.994E-005 9.994E-005
9.99641E-005 0.139147 0.182397 9.99641E-005 9.99641E-005 0.497156 0.1809 9.99641E-005
0.00625609 9.99461E-005 9.99461E-005 9.99461E-005 9.99461E-005 0.993144 9.99461E-005 9.99461E-005
9.99461E-005 9.99461E-005 9.99461E-005 9.99461E-005 0.00501182 0.994389 9.99461E-005 9.99461E-005
9.994E-005 9.994E-005 9.994E-005 9.994E-005 9.994E-005 0.9993 9.994E-005 9.994E-005
9.99461E-005 9.99461E-005 0.00668579 9.99461E-005 9.99461E-005 0.992715 9.99461E-005 9.99461E-005
9.99461E-005 9.99461E-005 9.99461E-005 9.99461E-005 9.99461E-005 0.971557 9.99461E-005 0.0278431
9.99462E-005 0.926894 9.99462E-005 9.99462E-005 9.99462E-005 9.99462E-005 9.99462E-005 0.0725063
0.928809 0.00242928 9.9982E-005 0.0104376 0.0103314 0.00318816 9.9982E-005 0.0446046
0.955449 9.99551E-005 0.00276659 9.99551E-005 9.99551E-005 9.99551E-005 9.99551E-005 0.0412843
9.99551E-005 9.99551E-005 0.950605 9.99551E-005 9.99551E-005 0.0466839 9.99551E-005 0.00221103
9.99551E-005 9.99551E-005 0.926945 9.99551E-005 0.00378387 0.0687718 9.99551E-005 9.99551E-005
9.99462E-005 9.99462E-005 0.965454 9.99462E-005 9.99462E-005 0.0339467 9.99462E-005 9.99462E-005
0.011887 0.00538249 0.982231 9.99551E-005 9.99551E-005 9.99551E-005 9.99551E-005 9.99551E-005
9.99462E-005 9.99462E-005 0.935909 9.99462E-005 9.99462E-005 9.99462E-005 0.0634917 9.99462E-005
9.99461E-005 9.99461E-005 0.965359 9.99461E-005 9.99461E-005 9.99461E-005 9.99461E-005 0.034041
9.99552E-005 9.99552E-005 0.938753 9.99552E-005 9.99552E-005 0.0163583 9.99552E-005 0.0443888
0.00180546 9.99731E-005 0.92196 0.0188066 9.99731E-005 0.00213493 0.0549933 9.99731E-005
9.99641E-005 0.0611331 0.928667 9.99641E-005 9.99641E-005 9.99641E-005 0.00287503 0.00692537
9.99551E-005 9.99551E-005 0.93789 0.0403816 9.99551E-005 9.99551E-005 0.0212286 9.99551E-005
0.0102449 9.99552E-005 0.986948 9.99552E-005 9.99552E-005 9.99552E-005 9.99552E-005 0.00230728
9.99641E-005 9.99641E-005 0.901718 9.99641E-005 0.0624296 0.0244537 9.99641E-005 0.0109992
9.99551E-005 9.99551E-005 0.950949 0.0019241 9.99551E-005 9.99551E-005 0.0466275 9.99551E-005
9.99461E-005 9.99461E-005 0.962716 9.99461E-005 9.99461E-005 0.0366845 9.99461E-005 9.99461E-005
9.99551E-005 0.00330696 0.98551 9.99551E-005 9.99551E-005 9.99551E-005 0.0106833 9.99551E-005
0.00261951 0.0393844 0.910622 0.0092077 0.0167934 9.9982E-005 9.9982E-005 0.0211726
9.99461E-005 9.99461E-005 0.923672 9.99461E-005 9.99461E-005 0.0757287 9.99461E-005 9.99461E-005
0.0388205 9.99551E-005 0.949655 9.99551E-005 9.99551E-005 0.0110248 9.99551E-005 9.99551E-005
9.99552E-005 9.99552E-005 0.966936 9.99552E-005 9.99552E-005 0.00624355 0.0263202 9.99552E-005
9.99731E-005 0.075789 0.888388 9.99731E-005 0.0154884 0.0163728 9.99731E-005 0.00366223
9.99641E-005 0.0147333 0.961959 9.99641E-005 0.00594567 0.0169619 9.99641E-005 9.99641E-005
0.0078149 9.99731E-005 0.924456 0.0535542 9.99731E-005 0.00903033 0.00484461 9.99731E-005
9.99551E-005 9.99551E-005 0.971846 0.0274531 0.000200833 9.99551E-005 9.99551E-005 9.99551E-005
9.99641E-005 9.99641E-005 0.850308 9.99641E-005 0.00622299 9.99641E-005 0.119863 0.0232066
9.99551E-005 9.99551E-005 0.962087 9.99551E-005 9.99551E-005 0.0066369 0.0307763 9.99551E-005
9.9973E-005 9.9973E-005 0.914465 0.0227366 0.0253644 9.9973E-005 0.014789 0.0223455
9.99641E-005 0.0305468 0.202332 9.99641E-005 9.99641E-005 0.531806 0.234916 9.99641E-005
9.9982E-005 0.285136 0.1436 9.9982E-005 0.0328878 0.281583 0.20204 0.0545539
9.99731E-005 0.0298858 0.327168 9.99731E-005 9.99731E-005 0.359467 0.250171 0.0330084
0.42151 0.444156 9.99641E-005 0.112111 9.99641E-005 0.0218227 9.99641E-005 9.99641E-005
0.535873 0.454344 9.99551E-005 0.00928336 9.99551E-005 9.99551E-005 9.99551E-005 9.99551E-005
0.515263 0.360685 9.99641E-005 0.0847267 9.99641E-005 9.99641E-005 0.0389255 9.99641E-005
0.434233 0.471067 9.99551E-005 0.0942006 9.99551E-005 9.99551E-005 9.99551E-005 9.99551E-005
0.594274 0.308879 9.99551E-005 0.0963473 9.99551E-005 9.99551E-005 9.99551E-005 9.99551E-005
0.539842 0.326184 9.99551E-005 0.133474 9.99551E-005 9.99551E-005 9.99551E-005 9.99551E-005
0.457691 0.269229 9.99821E-005 0.171903 0.0249179 0.0238301 9.99821E-005 0.0522286
0.956137 9.99551E-005 9.99551E-005 9.99551E-005 0.0170611 9.99551E-005 9.99551E-005 0.0263025
0.9993 9.994E-005 9.994E-005 9.994E-005 9.994E-005 9.994E-005 9.994E-005 9.994E-005
0.879337 9.99731E-005 0.00633487 0.00670569 9.99731E-005 0.0162404 9.99731E-005 0.0910822
0.0829894 0.440002 0.4422 9.99641E-005 9.99641E-005 9.99641E-005 9.99641E-005 0.0344086
0.0495737 0.179808 0.0430312 0.443421 0.0869661 9.9991E-005 0.129429 0.0676717
0.00821761 0.0290911 0.0454768 0.09045 0.746492 0.0549289 9.9991E-005 0.0252438
9.99641E-005 9.99641E-005 0.0653987 9.99641E-005 9.99641E-005 0.103278 0.821831 0.009092
9.99641E-005 0.00335462 9.99641E-005 0.0934739 9.99641E-005 0.203559 0.699213 9.99641E-005
9.99457E-005 9.99457E-005 0.31901 9.99457E-005 0.680391 9.99457E-005 9.99457E-005 9.99457E-005
0.0024291 9.99641E-005 0.932385 9.99641E-005 9.99641E-005 0.00882395 0.0559626 9.99641E-005
0.0290708 9.99462E-005 0.970329 9.99462E-005 9.99462E-005 9.99462E-005 9.99462E-005 9.99462E-005
9.9982E-005 0.038109 0.88961 0.00299739 0.0357579 0.0187683 9.9982E-005 0.0145578
0.00326412 9.99462E-005 0.996136 9.99462E-005 9.99462E-005 9.99462E-005 9.99462E-005 9.99462E-005
9.99641E-005 0.0120422 0.947041 9.99641E-005 0.00214646 9.99641E-005 0.0383702 9.99641E-005
9.99641E-005 9.99641E-005 0.92517 9.99641E-005 0.00847702 0.039606 0.0263472 9.99641E-005
0.0111936 9.99641E-005 0.955673 9.99641E-005 9.99641E-005 0.025511 9.99641E-005 0.00722283
9.994E-005 9.994E-005 0.9993 9.994E-005 9.994E-005 9.994E-005 9.994E-005 9.994E-005
0.0270565 9.99641E-005 0.93209 9.99641E-005 0.0149663 0.0254877 9.99641E-005 9.99641E-005
9.99462E-005 9.99462E-005 0.935306 9.99462E-005 9.99462E-005 0.0640948 9.99462E-005 9.99462E-005
9.99462E-005 0.0197591 0.979641 9.99462E-005 9.99462E-005 9.99462E-005 9.99462E-005 9.99462E-005
9.99551E-005 0.0468427 0.935288 9.99551E-005 9.99551E-005 0.0173697 9.99551E-005 9.99551E-005
9.99461E-005 0.103842 0.895558 9.99461E-005 9.99461E-005 9.99461E-005 9.99461E-005 9.99461E-005
9.99641E-005 0.0236894 0.956463 9.99641E-005 9.99641E-005 9.99641E-005 0.00116087 0.0182873
9.99641E-005 0.00118575 0.938595 9.99641E-005 0.0131739 9.99641E-005 0.0466453 9.99641E-005
0.0846797 0.682256 9.99731E-005 0.0437472 9.99731E-005 0.0577435 9.99731E-005 0.131273
0.0281304 0.736273 9.99731E-005 0.0955604 9.99731E-005 0.0143828 9.99731E-005 0.125353
0.0911024 0.543294 0.00358334 0.16047 9.9982E-005 0.0214753 9.9982E-005 0.179875
0.987196 9.99462E-005 0.0122047 9.99462E-005 9.99462E-005 9.99462E-005 9.99462E-005 9.99462E-005
0.955719 9.99461E-005 9.99461E-005 9.99461E-005 9.99461E-005 9.99461E-005 9.99461E-005 0.0436808
0.926797 0.072514 9.99552E-005 9.99552E-005 9.99552E-005 9.99552E-005 0.000189502 9.99552E-005
0.914968 9.99551E-005 9.99551E-005 9.99551E-005 9.99551E-005 9.99551E-005 0.0290827 0.05545
9.99641E-005 0.0475054 9.99641E-005 9.99641E-005 9.99641E-005 0.147475 0.791859 0.0127605
0.0447997 9.99641E-005 9.99641E-005 9.99641E-005 9.99641E-005 0.153198 0.790733 0.0108701
0.00734618 0.197143 9.99641E-005 9.99641E-005 9.99641E-005 0.181859 0.613252 9.99641E-005
0.0101621 0.822969 9.99731E-005 0.0229297 9.99731E-005 0.0110193 9.99731E-005 0.13262
9.99551E-005 0.897329 9.99551E-005 9.99551E-005 0.0223045 9.99551E-005 9.99551E-005 0.0798663
9.9973E-005 0.692958 0.0786162 0.121438 9.9973E-005 9.9973E-005 0.0174833 0.0892052
9.99731E-005 0.824501 0.0407478 9.99731E-005 0.0176466 9.99731E-005 0.0160142 0.100791
