9.99641E-005 9.99641E-005 0.0396359 0.0296399 9.99641E-005 0.907274 0.0230499 9.99641E-005
9.99461E-005 9.99461E-005 9.99461E-005 0.0112318 9.99461E-005 0.988168 9.99461E-005 9.99461E-005
9.99461E-005 9.99461E-005 9.99461E-005 0.0414093 9.99461E-005 0.957991 9.99461E-005 9.99461E-005
9.99731E-005 0.11628 0.0652209 0.00445485 0.11922 0.694525 9.99731E-005 9.99731E-005
9.995E-005 9.995E-005 0.127401 0.0290943 9.995E-005 0.843004 9.995E-005 9.995E-005
9.994E-005 9.994E-005 9.994E-005 9.994E-005 9.994E-005 0.9993 9.994E-005 9.994E-005
9.99461E-005 9.99461E-005 9.99461E-005 0.00293664 9.99461E-005 0.996464 9.99461E-005 9.99461E-005
9.998E-005 0.0715985 0.0754344 9.998E-005 0.0908942 0.716825 0.0124818 0.0325659
0.0755798 0.0289638 9.9973E-005 9.9973E-005 0.0806102 0.811767 0.00277903 9.9973E-005
0.0899372 9.995E-005 9.995E-005 9.995E-005 0.0824012 0.827162 9.995E-005 9.995E-005
0.0530582 9.99551E-005 9.99551E-005 9.99551E-005 9.99551E-005 0.885526 0.0609164 9.99551E-005
9.998E-005 0.0155925 0.178794 0.0738384 0.104178 0.619193 9.998E-005 0.00820335
0.0177546 0.0766129 0.105713 0.0086751 0.0497631 0.723267 0.0132007 0.00501363
0.0601116 9.99642E-005 0.215852 9.99642E-005 9.99642E-005 0.685747 9.99642E-005 0.0378904
9.998E-005 0.217644 0.0743764 9.998E-005 0.174514 0.399351 0.0701624 0.0637521
9.998E-005 0.0935354 0.135803 9.998E-005 0.204716 0.533544 0.0132203 0.0189817
9.99641E-005 0.0947831 0.180951 9.99641E-005 0.149846 0.57402 9.99641E-005 9.99641E-005
9.997E-005 0.00163724 0.236247 9.997E-005 0.139672 0.546349 0.0757942 9.997E-005
0.00376344 0.00281199 0.103039 0.564918 0.232367 0.0929004 9.9982E-005 9.9982E-005
9.996E-005 9.996E-005 0.00076649 0.0934685 0.851905 0.0534605 9.996E-005 9.996E-005
9.995E-005 9.995E-005 0.0262968 0.133191 0.840012 9.995E-005 9.995E-005 9.995E-005
0.0235047 9.99731E-005 0.0169367 0.273771 0.652033 0.0334546 9.99731E-005 9.99731E-005
0.0217447 9.99641E-005 9.99641E-005 0.094614 0.845752 9.99641E-005 0.0374891 9.99641E-005
9.994E-005 9.994E-005 9.994E-005 0.9993 9.994E-005 9.994E-005 9.994E-005 9.994E-005
9.994E-005 9.994E-005 9.994E-005 0.9993 9.994E-005 9.994E-005 9.994E-005 9.994E-005
9.994E-005 9.994E-005 9.994E-005 0.9993 9.994E-005 9.994E-005 9.994E-005 9.994E-005
0.014058 0.077457 0.0496191 0.0946882 0.75944 9.9982E-005 9.9982E-005 0.00453731
9.99641E-005 9.99641E-005 9.99641E-005 0.795187 0.185471 0.00840004 9.99641E-005 0.0105426
9.99461E-005 9.99461E-005 9.99461E-005 0.0583979 0.941002 9.99461E-005 9.99461E-005 9.99461E-005
9.994E-005 9.994E-005 9.994E-005 0.9993 9.994E-005 9.994E-005 9.994E-005 9.994E-005
9.99641E-005 0.0220501 9.99641E-005 0.209361 0.695286 0.0729036 9.99641E-005 9.99641E-005
9.994E-005 9.994E-005 9.994E-005 0.9993 9.994E-005 9.994E-005 9.994E-005 9.994E-005
9.99551E-005 9.99551E-005 0.0429439 0.122451 0.834105 9.99551E-005 9.99551E-005 9.99551E-005
0.000636889 9.99641E-005 9.99641E-005 0.298521 0.687522 9.99641E-005 9.99641E-005 0.0129206
0.0446193 9.99731E-005 0.0366513 0.193397 0.724 9.99731E-005 9.99731E-005 0.00103313
9.996E-005 0.0222198 9.996E-005 0.178301 0.781804 0.0172756 9.996E-005 9.996E-005
9.99731E-005 0.0598218 9.99731E-005 0.146526 0.754247 0.0176842 0.0214211 9.99731E-005
0.0444687 9.99731E-005 0.783991 9.99731E-005 0.0789574 0.0819424 9.99731E-005 0.0103402
9.99551E-005 9.99551E-005 0.984336 0.00337375 9.99551E-005 9.99551E-005 0.01179 9.99551E-005
0.0259013 9.99731E-005 0.893766 0.0247119 0.0135528 9.99731E-005 9.99731E-005 0.0417685
9.99551E-005 9.99551E-005 0.971995 9.99551E-005 9.99551E-005 0.00851407 0.0189912 9.99551E-005
9.997E-005 9.997E-005 0.908771 0.0129287 0.0253597 9.997E-005 0.0155833 0.0370575
9.99461E-005 9.99461E-005 0.970288 0.0291127 9.99461E-005 9.99461E-005 9.99461E-005 9.99461E-005
9.996E-005 9.996E-005 0.956438 9.996E-005 0.0293275 0.00461196 9.996E-005 0.00922311
9.99641E-005 0.0700223 0.858857 0.030178 9.99641E-005 0.0405426 9.99641E-005 9.99641E-005
9.99461E-005 9.99461E-005 0.990872 0.00852799 9.99461E-005 9.99461E-005 9.99461E-005 9.99461E-005
0.0848933 0.671706 0.11613 0.0422762 9.99731E-005 0.0846942 9.99731E-005 9.99731E-005
9.994E-005 9.994E-005 9.994E-005 9.994E-005 9.994E-005 9.994E-005 0.9993 9.994E-005
0.0433987 9.99548E-005 0.0466755 9.99548E-005 9.99548E-005 9.99548E-005 0.909426 9.99548E-005
9.995E-005 0.927021 0.0660506 9.995E-005 9.995E-005 9.995E-005 9.995E-005 0.00642852
0.0945407 0.364857 9.99548E-005 9.99548E-005 9.99548E-005 9.99548E-005 0.540103 9.99548E-005
9.99462E-005 0.959637 9.99462E-005 0.0397634 9.99462E-005 9.99462E-005 9.99462E-005 9.99462E-005
0.00242461 0.861855 0.0175425 9.99731E-005 0.0869487 9.99731E-005 9.99731E-005 0.030929
0.00889923 0.745115 0.132712 0.0386293 9.9991E-005 0.0428926 0.0211467 0.010505
0.0161606 0.966887 9.99552E-005 9.99552E-005 9.99552E-005 0.016453 9.99552E-005 9.99552E-005
9.995E-005 0.967712 0.00177366 9.995E-005 9.995E-005 0.0300142 9.995E-005 9.995E-005
0.00789494 0.819795 0.0585482 0.0477889 9.9973E-005 9.9973E-005 9.9973E-005 0.0656735
9.99551E-005 0.930099 9.99551E-005 9.99551E-005 9.99551E-005 0.0534131 0.0159877 9.99551E-005
9.994E-005 0.9993 9.994E-005 9.994E-005 9.994E-005 9.994E-005 9.994E-005 9.994E-005
9.99461E-005 0.963887 9.99461E-005 9.99461E-005 0.0355135 9.99461E-005 9.99461E-005 9.99461E-005
0.0590671 0.554768 9.99731E-005 0.00393813 0.160512 9.99731E-005 9.99731E-005 0.221415
9.99551E-005 0.523222 9.99551E-005 9.99551E-005 0.219561 9.99551E-005 9.99551E-005 0.256717
0.00446413 0.58149 0.0644191 0.00239864 0.103369 9.99821E-005 9.99821E-005 0.24366
0.192213 0.168166 9.99821E-005 0.0151737 0.0153888 9.99821E-005 0.0265633 0.582295
0.328055 0.147706 9.99641E-005 0.0462507 9.99641E-005 9.99641E-005 9.99641E-005 0.477588
9.994E-005 9.994E-005 9.994E-005 9.994E-005 9.994E-005 9.994E-005 9.994E-005 0.9993
9.994E-005 9.994E-005 9.994E-005 9.994E-005 9.994E-005 9.994E-005 9.994E-005 0.9993
0.157121 0.171945 9.99641E-005 9.99641E-005 0.0948537 9.99641E-005 9.99641E-005 0.575681
0.261889 0.193916 9.99551E-005 9.99551E-005 9.99551E-005 9.99551E-005 9.99551E-005 0.543695
9.99551E-005 9.99551E-005 0.0083 9.99551E-005 0.00783075 9.99551E-005 9.99551E-005 0.983369
9.994E-005 9.994E-005 9.994E-005 9.994E-005 9.994E-005 9.994E-005 9.994E-005 0.9993
0.15163 0.172319 9.99641E-005 9.99641E-005 0.139788 9.99641E-005 9.99641E-005 0.535863
9.994E-005 9.994E-005 9.994E-005 9.994E-005 9.994E-005 9.994E-005 9.994E-005 0.9993
9.994E-005 9.994E-005 9.994E-005 9.994E-005 9.994E-005 9.994E-005 9.994E-005 0.9993
9.994E-005 9.994E-005 9.994E-005 9.994E-005 9.994E-005 9.994E-005 9.994E-005 0.9993
0.000880986 9.99461E-005 9.99461E-005 9.99461E-005 9.99461E-005 9.99461E-005 9.99461E-005 0.998519
9.9946E-005 9.9946E-005 9.9946E-005 0.0257499 9.9946E-005 9.9946E-005 9.9946E-005 0.97365
9.99462E-005 9.99462E-005 0.0104611 9.99462E-005 0.988939 9.99462E-005 9.99462E-005 9.99462E-005
9.9973E-005 9.9973E-005 0.910471 0.028169 0.0207387 0.013035 0.0272865 9.9973E-005
9.99461E-005 9.99461E-005 0.957474 0.0419264 9.99461E-005 9.99461E-005 9.99461E-005 9.99461E-005
0.952492 9.99461E-005 9.99461E-005 9.99461E-005 9.99461E-005 9.99461E-005 9.99461E-005 0.046908
0.926765 9.99462E-005 9.99462E-005 9.99462E-005 9.99462E-005 9.99462E-005 9.99462E-005 0.0726356
0.954713 9.994E-005 9.994E-005 9.994E-005 9.994E-005 9.994E-005 9.994E-005 0.0446873
0.967508 0.0318924 9.99461E-005 9.99461E-005 9.99461E-005 9.99461E-005 9.99461E-005 9.99461E-005
0.923844 0.0695021 9.99552E-005 9.99552E-005 9.99552E-005 9.99552E-005 9.99552E-005 0.00615447
0.95911 9.99551E-005 9.99551E-005 0.034723 9.99551E-005 9.99551E-005 9.99551E-005 0.00566748
0.947455 9.99552E-005 9.99552E-005 0.0427212 9.99552E-005 9.99552E-005 9.99552E-005 0.009324
0.914796 0.0780845 9.99551E-005 9.99551E-005 9.99551E-005 9.99551E-005 9.99551E-005 0.00661998
0.932808 9.99462E-005 9.99462E-005 9.99462E-005 0.066592 9.99462E-005 9.99462E-005 9.99462E-005
0.922808 0.0605946 9.99551E-005 9.99551E-005 9.99551E-005 0.0160978 9.99551E-005 9.99551E-005
0.968971 9.99552E-005 9.99552E-005 0.00307578 0.0274538 9.99552E-005 9.99552E-005 9.99552E-005
0.922619 0.00876395 9.997E-005 0.00575251 9.997E-005 9.997E-005 0.0469072 0.0156572
0.929621 0.0697798 9.99461E-005 9.99461E-005 9.99461E-005 9.99461E-005 9.99461E-005 9.99461E-005
0.970359 9.99461E-005 9.99461E-005 9.99461E-005 9.99461E-005 9.99461E-005 9.99461E-005 0.0290414
0.967733 9.99551E-005 9.99551E-005 9.99551E-005 0.0173791 0.0143884 9.99551E-005 9.99551E-005
0.917137 9.99641E-005 9.99641E-005 0.019567 0.032316 0.0305801 9.99641E-005 9.99641E-005
0.93748 9.99461E-005 9.99461E-005 9.99461E-005 9.99461E-005 9.99461E-005 9.99461E-005 0.0619204
0.963095 9.99462E-005 0.036305 9.99462E-005 9.99462E-005 9.99462E-005 9.99462E-005 9.99462E-005
0.966949 0.017492 9.99552E-005 9.99552E-005 9.99552E-005 9.99552E-005 9.99552E-005 0.0150595
0.87848 9.99641E-005 9.99641E-005 9.99641E-005 0.0765857 9.99641E-005 0.0178247 0.0267097
0.963823 9.99641E-005 9.99641E-005 9.99641E-005 0.0163111 9.99641E-005 0.00203083 0.0174352
0.910621 9.99641E-005 9.99641E-005 9.99641E-005 0.0448005 0.0167477 9.99641E-005 0.0274308
0.970401 9.99461E-005 9.99461E-005 9.99461E-005 9.99461E-005 0.0289991 9.99461E-005 9.99461E-005
0.861661 0.118664 9.99641E-005 0.0131828 9.99641E-005 9.99641E-005 0.00609228 9.99641E-005
0.969213 0.00825999 9.99551E-005 9.99551E-005 9.99551E-005 9.99551E-005 9.99551E-005 0.0220273
0.918998 9.99641E-005 9.99641E-005 0.027248 9.99641E-005 0.0282729 0.0250809 9.99641E-005
0.221394 0.180364 9.997E-005 0.000681229 0.0522521 9.997E-005 9.997E-005 0.545009
0.148814 0.136923 9.998E-005 0.00707994 0.353203 9.998E-005 0.0228886 0.330891
0.335104 0.196727 0.00426049 0.0258376 0.0487898 9.998E-005 9.998E-005 0.389081
9.996E-005 9.996E-005 0.489622 9.996E-005 0.291491 0.174165 9.996E-005 0.0443213
9.99641E-005 0.0125003 0.654651 9.99641E-005 0.179261 0.153188 9.99641E-005 9.99641E-005
9.997E-005 0.079948 0.637542 9.997E-005 0.133827 0.136485 9.997E-005 0.0118993
9.99731E-005 9.99731E-005 0.524298 0.000234933 0.260494 0.212836 9.99731E-005 0.00183801
9.99641E-005 9.99641E-005 0.686662 9.99641E-005 0.120907 0.185819 9.99641E-005 0.00621194
9.99552E-005 9.99552E-005 0.632965 9.99552E-005 0.14624 0.220295 9.99552E-005 9.99552E-005
9.99821E-005 9.99821E-005 0.510088 0.0394024 0.172504 0.222122 0.0223305 0.0333529
9.995E-005 9.995E-005 0.95223 0.0209174 9.995E-005 9.995E-005 0.0263531 9.995E-005
9.994E-005 9.994E-005 0.9993 9.994E-005 9.994E-005 9.994E-005 9.994E-005 9.994E-005
0.00658122 9.99641E-005 0.890624 0.0763334 9.99641E-005 9.99641E-005 9.99641E-005 0.0260611
0.452501 9.996E-005 0.126113 0.0178908 0.403096 9.996E-005 9.996E-005 9.996E-005
0.0432037 0.154927 0.076708 0.0529855 0.179997 0.415787 0.0762919 9.999E-005
0.0490018 9.999E-005 0.0042058 0.0247287 0.0188421 0.127096 0.723054 0.052972
0.0961982 0.729432 9.99641E-005 0.0225589 9.99641E-005 9.99641E-005 9.99641E-005 0.151411
9.99731E-005 0.620917 9.99731E-005 0.00258631 0.0265124 0.0863388 9.99731E-005 0.263346
0.338363 9.99457E-005 9.99457E-005 9.99457E-005 9.99457E-005 9.99457E-005 0.661038 9.99457E-005
0.940921 0.0390101 9.997E-005 9.997E-005 0.00248328 0.00769568 9.997E-005 0.00959052
0.986289 9.99462E-005 0.0131117 9.99462E-005 9.99462E-005 9.99462E-005 9.99462E-005 9.99462E-005
0.896668 9.997E-005 9.997E-005 9.997E-005 0.0434984 0.00685916 0.0415758 0.0110988
0.9993 9.994E-005 9.994E-005 9.994E-005 9.994E-005 9.994E-005 9.994E-005 9.994E-005
0.934941 0.0559108 9.99641E-005 9.99641E-005 0.000227837 9.99641E-005 0.00852004 9.99641E-005
0.934268 0.0258861 9.99641E-005 9.99641E-005 9.99641E-005 9.99641E-005 0.00399524 0.0354504
0.949213 9.99641E-005 0.0140466 0.0104946 9.99641E-005 9.99641E-005 9.99641E-005 0.0258463
0.9993 9.994E-005 9.994E-005 9.994E-005 9.994E-005 9.994E-005 9.994E-005 9.994E-005
0.946183 9.99641E-005 0.0409938 0.00324624 9.99641E-005 9.99641E-005 9.99641E-005 0.00917742
0.957061 9.99552E-005 9.99552E-005 0.00363814 9.99552E-005 9.99552E-005 9.99552E-005 0.0388008
0.975901 9.99462E-005 0.0234993 9.99462E-005 9.99462E-005 9.99462E-005 9.99462E-005 9.99462E-005
0.939274 9.996E-005 0.0102534 9.996E-005 0.0248235 9.996E-005 9.996E-005 0.0252491
0.90824 9.99461E-005 9.99461E-005 9.99461E-005 0.0911604 9.99461E-005 9.99461E-005 9.99461E-005
0.9426 0.0205926 9.99641E-005 0.0233641 0.0130436 9.99641E-005 9.99641E-005 9.99641E-005
0.917091 0.0773242 9.99551E-005 9.99551E-005 9.99551E-005 9.99551E-005 0.00508513 9.99551E-005
9.99731E-005 9.99731E-005 0.122649 0.0921874 0.653018 0.0735404 9.99731E-005 0.058305
9.99641E-005 9.99641E-005 0.0335977 0.0626025 0.822546 0.0808535 9.99641E-005 9.99641E-005
9.99731E-005 9.99731E-005 0.0743878 0.123024 0.614475 0.162675 9.99731E-005 0.0251387
0.00865146 9.99462E-005 0.990749 9.99462E-005 9.99462E-005 9.99462E-005 9.99462E-005 9.99462E-005
9.99462E-005 9.99462E-005 0.960841 0.0385596 9.99462E-005 9.99462E-005 9.99462E-005 9.99462E-005
9.99552E-005 0.0174211 0.935561 9.99552E-005 0.0465185 9.99552E-005 9.99552E-005 9.99552E-005
9.99551E-005 0.0310298 0.926657 0.0418129 9.99551E-005 9.99551E-005 9.99551E-005 9.99551E-005
9.99641E-005 0.705121 9.99641E-005 9.99641E-005 0.0628618 0.0152425 9.99641E-005 0.216375
9.99641E-005 0.728039 9.99641E-005 0.0201048 0.0438124 9.99641E-005 9.99641E-005 0.207643
0.0148966 0.494177 0.0248351 9.998E-005 0.214333 9.998E-005 0.0140055 0.237553
9.99731E-005 0.00174173 0.0689069 0.0793108 0.807337 0.042404 9.99731E-005 9.99731E-005
9.996E-005 0.0148537 9.996E-005 0.0369113 0.931822 9.996E-005 0.0160128 9.996E-005
0.0525867 0.0481702 0.00076239 0.0253206 0.743087 0.118498 9.9991E-005 0.011475
0.0113234 9.997E-005 9.997E-005 0.0237113 0.90653 9.997E-005 0.0364354 0.0216999
