0.307376 0.692524 9.9991E-005
0.322028 0.677872 9.9991E-005
0.292015 0.707885 9.9991E-005
0.291741 0.675419 0.0328393
0.233922 0.765978 9.9991E-005
0.266127 0.733773 9.9991E-005
0.349842 0.650058 9.9991E-005
0.263366 0.67841 0.0582242
0.265121 0.626826 0.108053
0.212551 0.680082 0.107367
0.170725 0.697355 0.13192
0.316461 0.683439 9.9991E-005
0.267218 0.677702 0.0550793
0.176397 0.740931 0.0826714
0.277858 0.561702 0.16044
0.261364 0.697268 0.0413671
0.26409 0.73581 9.9991E-005
0.254651 0.745249 9.9991E-005
0.734566 0.265334 9.9991E-005
0.539018 0.453926 0.00705639
0.560731 0.4369 0.00236968
0.637202 0.336017 0.0267813
0.540051 0.363061 0.0968877
0.9998 9.999E-005 9.999E-005
0.9998 9.999E-005 9.999E-005
0.9998 9.999E-005 9.999E-005
0.465147 0.441277 0.0935759
0.957243 0.0426572 9.9991E-005
0.577385 0.416656 0.00595873
0.9998 9.999E-005 9.999E-005
0.625136 0.357167 0.0176975
0.9998 9.999E-005 9.999E-005
0.535419 0.457543 0.00703874
0.707495 0.274413 0.0180925
0.557716 0.364304 0.07798
0.619724 0.380177 9.9991E-005
0.563833 0.364996 0.0711713
0.0690721 0.877182 0.053746
9.999E-005 0.9998 9.999E-005
0.0730724 0.905851 0.0210769
9.9991E-005 0.999269 0.000631012
0.0829084 0.916992 9.9991E-005
0.0249985 0.974902 9.9991E-005
0.0263698 0.97353 9.9991E-005
0.0808519 0.919048 9.99996E-005
0.0254706 0.974429 9.9991E-005
0.224961 0.398058 0.376981
0.462103 0.392227 0.14567
0.180212 0.333415 0.486373
0.199181 0.398976 0.401843
0.154356 0.241344 0.6043
0.248416 0.35194 0.399644
0.263125 0.327557 0.409318
0.230313 0.421543 0.348144
0.218544 0.34694 0.434515
0.176152 0.42853 0.395319
0.27189 0.330896 0.397214
0.223666 0.387981 0.388354
0.246148 0.279724 0.474128
0.236357 0.328168 0.435475
0.382522 0.194847 0.422631
0.386476 0.232697 0.380827
0.330577 0.267106 0.402317
0.402562 9.9991E-005 0.597338
0.34332 9.9991E-005 0.65658
0.498844 9.9991E-005 0.501056
0.533944 9.9991E-005 0.465956
0.386208 0.0506154 0.563176
0.357036 9.9991E-005 0.642864
0.543034 9.9991E-005 0.456866
0.479966 9.9991E-005 0.519934
0.454109 0.0100276 0.535864
0.49577 9.9991E-005 0.50413
0.536243 9.9991E-005 0.463657
0.481653 9.9991E-005 0.518247
0.469717 9.9991E-005 0.530183
0.524536 9.9991E-005 0.475364
0.435505 0.522592 0.0419031
0.069431 0.930469 9.9991E-005
0.0619175 0.937982 9.9991E-005
9.999E-005 9.999E-005 0.9998
9.999E-005 9.999E-005 0.9998
9.999E-005 9.999E-005 0.9998
9.9991E-005 0.0120752 0.987825
0.00552215 9.9991E-005 0.994378
0.00649848 9.9991E-005 0.993402
0.041475 9.9991E-005 0.958425
9.9991E-005 0.0277791 0.972121
0.00930466 0.013484 0.977211
9.9991E-005 0.0273033 0.972597
9.999E-005 9.999E-005 0.9998
0.0155802 9.9991E-005 0.98432
9.999E-005 9.999E-005 0.9998
9.999E-005 9.999E-005 0.9998
9.999E-005 9.999E-005 0.9998
0.0261988 0.0266669 0.947134
9.999E-005 9.999E-005 0.9998
9.9991E-005 0.0255075 0.974392
9.999E-005 9.999E-005 0.9998
0.0432205 0.0106583 0.946121
9.999E-005 9.999E-005 0.9998
0.0107931 0.0351968 0.95401
9.999E-005 9.999E-005 0.9998
0.0526782 9.9991E-005 0.947222
9.999E-005 9.999E-005 0.9998
0.0313022 9.9991E-005 0.968598
0.396456 9.9991E-005 0.603444
0.449294 0.108659 0.442047
0.318188 0.0434308 0.638381
0.201244 0.798656 9.9991E-005
0.0848391 0.902036 0.0131248
0.149486 0.850414 9.9991E-005
0.183693 0.816207 9.9991E-005
0.0849275 0.914972 9.9991E-005
0.0940623 0.905838 9.9991E-005
0.252449 0.747451 9.9991E-005
0.037747 0.962153 9.9991E-005
9.999E-005 0.9998 9.999E-005
0.135546 0.864354 9.9991E-005
0.181282 0.323427 0.495291
0.300122 0.552375 0.147503
0.252797 0.305256 0.441947
0.304892 0.171071 0.524037
0.37143 0.224382 0.404188
9.999E-005 9.999E-005 0.9998
9.9991E-005 0.0163802 0.98352
9.9991E-005 0.0165625 0.983338
9.9991E-005 0.0448088 0.955091
9.999E-005 9.999E-005 0.9998
9.9991E-005 0.00285348 0.997047
9.999E-005 9.999E-005 0.9998
9.9991E-005 0.00877087 0.991129
9.999E-005 9.999E-005 0.9998
9.9991E-005 0.028088 0.971812
9.999E-005 9.999E-005 0.9998
9.9991E-005 0.0092737 0.990626
9.9991E-005 0.0143701 0.98553
9.9991E-005 0.0551077 0.944792
0.0230503 9.9991E-005 0.97685
0.00908336 9.9991E-005 0.990817
0.484492 0.458261 0.0572461
0.476845 0.49072 0.0324346
0.485085 0.480247 0.0346676
9.9991E-005 0.998001 0.00189917
0.031513 0.968387 9.9991E-005
0.0309251 0.968975 9.9991E-005
0.090359 0.909541 9.9991E-005
0.365451 0.205546 0.429003
0.356814 0.226963 0.416223
0.325904 0.282765 0.391332
0.484072 0.469967 0.0459608
0.475992 0.478339 0.0456695
0.420956 0.458792 0.120252
0.485565 0.4055 0.108935
